[zhangx@login-2 CRF_TAO]$ mpirun -n 2 ./seq_train -data ./train.txt -tdata ./test.txt -lambda 1e-3 -loss IID -tol 1e-3
2 machines found
login-2.extreme.uic.edu
login-2.extreme.uic.edu
IID loss
Parsing training data: ./train.txt
Parsing test data: ./test.txt
Data loading completed
====================  Summary of settings =================
Training data: ./train.txt
Test data: ./test.txt
loss: IID, lambda: 1.000000e-03, Processors: 2
dim: 129, classes: 26
Train: #word=3438, #letter=25953
Test: #word=3439, #letter=26198
===========================================================
iter fn.val gap time feval.num train_lett_err train_word_err test_lett_err test_word_err
0 24.5949 4.51757 0.259464 1 92.309174 100.000000 92.220780 100.000000
1 20.3838 4.97532 0.687281 3 71.683428 100.000000 71.745935 100.000000
2 17.6704 3.53674 0.793315 4 67.556737 99.883653 67.318116 99.941844
3 15.7212 2.60525 0.897278 5 55.165106 98.283886 55.141614 98.255307
4 13.858 2.06517 1.1684 6 48.117751 97.207679 48.244141 96.888630
5 11.8215 2.43501 1.40405 7 43.459330 94.560791 43.999542 94.765920
6 10.527 1.11771 1.51042 8 37.968636 91.128563 38.556378 91.596394
7 10.0913 0.820058 1.6166 9 36.219320 89.470622 36.911215 90.375109
8 9.44112 0.820068 1.71968 10 33.210034 86.823735 34.380487 88.107008
9 9.10282 1.64436 1.82459 11 33.129118 86.474695 34.059852 86.827566
10 8.69891 0.656452 1.92768 12 30.763303 83.449680 31.758149 84.210526
11 8.5037 0.491315 2.03008 13 29.896351 82.257126 31.036720 83.221867
12 8.27558 0.581923 2.1325 14 28.867568 81.471786 30.006107 82.872928
13 7.94311 0.679346 2.23507 15 27.468886 80.075625 28.815177 81.942425
14 7.79192 1.03284 2.34063 16 27.152930 80.511926 28.666310 83.396336
15 7.53815 0.405092 2.44557 17 25.661773 77.748691 27.101305 80.546671
16 7.43989 0.349349 2.55086 18 25.530767 77.661431 27.005878 80.284967
17 7.32064 0.432357 2.65596 19 25.091512 76.934264 26.841744 79.441698
18 7.24021 0.611122 2.76115 20 24.995184 76.090750 27.017330 79.499855
19 7.15952 0.33838 2.86362 21 24.536662 75.625364 26.490572 78.889212
20 7.06238 0.305403 2.9667 22 23.966401 75.189063 26.059241 78.191335
21 6.99508 0.333254 3.06936 23 23.800717 75.189063 25.925643 77.987787
22 6.87967 0.48598 3.26304 24 23.141833 74.229203 25.410337 77.377145
23 6.83194 0.521093 3.53556 25 22.829731 73.443863 25.307275 77.173597
24 6.77153 0.19433 3.63908 26 22.579278 73.065736 24.853042 76.650189
25 6.7388 0.172411 3.74254 27 22.340385 72.454916 24.788152 76.301250
26 6.6885 0.218808 3.84678 28 22.070666 72.076789 24.486602 75.894155
27 6.6458 0.431876 3.95027 29 21.770123 71.553229 24.402626 75.632451
28 6.59664 0.198164 4.05436 30 21.488845 71.146015 24.024735 75.254434
29 6.56978 0.156954 4.32664 31 21.342427 70.651542 23.898771 75.050887
30 6.53399 0.165125 4.59862 32 21.431048 70.477022 23.807161 75.079965
31 6.51762 0.417451 4.70093 33 21.384811 70.651542 23.856783 75.603373
32 6.48674 0.151632 4.80365 34 21.253805 70.186155 23.669746 74.963652
33 6.47194 0.117324 4.9062 35 21.149771 69.895288 23.604855 74.701948
34 6.45777 0.138441 5.00849 36 21.084268 70.098895 23.623941 74.672870
35 6.42999 0.187183 5.11137 37 20.880052 69.691681 23.513245 74.353010
36 6.41551 0.20908 5.31307 39 20.741340 69.342641 23.372013 74.236697
37 6.3984 0.122639 5.4154 40 20.579509 69.168121 23.387281 74.033149
38 6.38241 0.0980129 5.51767 41 20.698956 69.458988 23.425452 74.265775
39 6.37111 0.146229 5.61994 42 20.752899 69.342641 23.375830 74.033149
40 6.35963 0.111695 5.72461 43 20.710515 69.284468 23.387281 74.207618
41 6.35001 0.0834133 5.82932 44 20.722075 69.371728 23.387281 74.469322
42 6.33895 0.120857 5.93158 45 20.779871 69.313554 23.452172 74.353010
43 6.3299 0.108811 6.03402 46 20.671984 69.284468 23.333842 73.916836
44 6.32329 0.0747279 6.1363 47 20.560244 69.139034 23.307123 73.945915
45 6.31375 0.0895521 6.24063 48 20.479328 69.080861 23.211696 73.945915
46 6.30969 0.163022 6.34337 49 20.483181 68.935428 23.135354 74.004071
47 6.30437 0.0809085 6.44605 50 20.456209 69.022688 23.112451 73.945915
48 6.29875 0.0542281 6.54877 51 20.421531 68.819081 23.116268 73.916836
49 6.29563 0.0587186 6.65148 52 20.402266 68.848168 23.135354 74.120384
50 6.29202 0.183804 6.84394 53 20.406119 68.877254 23.177342 74.294853
51 6.28502 0.0535049 7.08691 54 20.348322 68.789994 23.104817 74.207618
52 6.28291 0.0405805 7.28542 55 20.383000 69.080861 23.123903 74.149462
53 6.27983 0.0503805 7.55808 56 20.329056 69.139034 23.089549 74.004071
54 6.27767 0.120697 7.79705 57 20.352175 68.877254 23.085732 74.004071
55 6.27401 0.0585682 7.90037 58 20.367588 68.993601 23.047561 73.945915
56 6.27093 0.0385621 8.00371 59 20.336763 68.993601 23.047561 74.091306
57 6.26908 0.0388879 8.10668 60 20.336763 69.022688 23.066646 74.265775
58 6.26832 0.14348 8.20903 61 20.433091 69.226294 23.127720 74.149462
59 6.26494 0.0377837 8.31748 62 20.344469 68.906341 23.066646 74.033149
60 6.2639 0.0278763 8.58288 63 20.309791 68.731821 23.085732 74.091306
61 6.26233 0.041465 8.80103 64 20.275113 68.557301 23.017024 73.858680
62 6.2604 0.062651 8.90451 65 20.240435 68.440954 23.020841 73.800523
63 6.25876 0.060043 9.00811 66 20.317497 68.644561 23.104817 74.236697
64 6.25748 0.0281142 9.11231 67 20.344469 68.760908 23.108634 74.091306
65 6.25622 0.0340611 9.21581 68 20.329056 68.673647 23.055195 73.800523
66 6.25521 0.0332645 9.32002 69 20.336763 68.848168 23.024658 73.626054
67 6.25446 0.081826 9.59231 70 20.294378 68.731821 23.039927 73.829602
68 6.25308 0.0248545 9.8433 71 20.282819 68.644561 23.009390 73.596976
69 6.25263 0.0203285 9.94566 72 20.305938 68.644561 23.028475 73.626054
70 6.25202 0.0252047 10.0481 73 20.294378 68.615474 23.009390 73.742367
71 6.25109 0.0417424 10.1508 74 20.278966 68.615474 22.997939 73.945915
72 6.25027 0.0270811 10.2533 75 20.278966 68.789994 22.955951 73.771445
73 6.24977 0.0172447 10.3562 76 20.263553 68.789994 22.963585 73.771445
74 6.2492 0.0198286 10.4585 77 20.201903 68.644561 22.936865 73.684211
75 6.2489 0.030555 10.5608 78 20.209610 68.760908 22.894877 73.509741
76 6.24853 0.0186076 10.7629 79 20.182638 68.673647 22.910146 73.626054
77 6.24801 0.0146824 11.0137 80 20.217316 68.644561 22.902512 73.509741
78 6.24773 0.0237426 11.193 81 20.236582 68.644561 22.910146 73.509741
79 6.24729 0.0180022 11.2984 82 20.236582 68.673647 22.902512 73.596976
80 6.24716 0.0509509 11.4054 83 20.205757 68.586387 22.902512 73.626054
81 6.24674 0.0126993 11.6779 84 20.221169 68.644561 22.917780 73.567898
82 6.2466 0.0102699 11.9498 85 20.221169 68.702734 22.921597 73.596976
83 6.24638 0.0160299 12.0524 86 20.209610 68.615474 22.925414 73.626054
84 6.24607 0.0196739 12.1547 87 20.213463 68.586387 22.921597 73.393428
85 6.2459 0.0257331 12.3591 89 20.178785 68.586387 22.925414 73.422507
86 6.24568 0.0118624 12.4638 90 20.182638 68.557301 22.944500 73.451585
87 6.24554 0.00881904 12.5686 91 20.221169 68.528214 22.921597 73.364350
88 6.24539 0.0107107 12.6713 92 20.228875 68.557301 22.894877 73.451585
89 6.24532 0.0330765 12.774 93 20.213463 68.586387 22.906329 73.538819
90 6.24513 0.0125765 12.9285 94 20.217316 68.528214 22.936865 73.509741
91 6.24505 0.00687208 13.2015 95 20.236582 68.586387 22.975036 73.538819
92 6.24497 0.0101105 13.3227 96 20.225022 68.586387 22.959768 73.538819
93 6.24483 0.0128728 13.4261 97 20.205757 68.557301 22.959768 73.538819
94 6.24475 0.0221884 13.7544 99 20.186491 68.557301 22.944500 73.509741
95 6.24462 0.0110379 14.0284 100 20.213463 68.528214 22.952134 73.567898
96 6.24454 0.00620402 14.1351 101 20.228875 68.586387 22.933048 73.509741
97 6.24447 0.00858714 14.2377 102 20.240435 68.615474 22.933048 73.451585
98 6.24441 0.010513 14.3403 103 20.248141 68.644561 22.959768 73.509741
99 6.24434 0.00723406 14.4429 104 20.248141 68.586387 22.952134 73.509741
100 6.24427 0.00712494 14.5457 105 20.228875 68.528214 22.967402 73.538819
101 6.24421 0.00830315 14.7666 106 20.213463 68.499127 22.959768 73.538819
102 6.24416 0.00653806 15.0073 107 20.194197 68.470041 22.933048 73.480663
103 6.24412 0.00575798 15.2723 108 20.213463 68.499127 22.948317 73.509741
104 6.24407 0.00495331 15.5171 109 20.209610 68.470041 22.936865 73.480663
105 6.24403 0.00576561 15.6876 110 20.217316 68.528214 22.933048 73.451585
106 6.24402 0.0137329 15.7899 111 20.232728 68.470041 22.955951 73.509741
107 6.24397 0.00412999 15.8922 112 20.221169 68.499127 22.944500 73.480663
Optimization converged with status CONVERGED_GTTOL.
Total CPU time: 15.67 seconds
Total wallclock time: 15.8922 seconds
Objective/gradient CPU time: 15.35 seconds
Objective/gradient wallclock time: 15.4814 seconds