0.56353591160221
0.5347484733934283
0.5507414946205292
0.5254434428612968
0.5234079674323932
0.5274789182902007
0.5141029369002617
0.5327129979645246
0.5074149462052923
0.5164291945332946
0.5152660657167781
0.5091596394300668
0.5077057284094213
0.5143937191043908
0.509450421634196
0.5036347775516139
0.5158476301250363
0.5158476301250363
0.49403896481535325
0.5074149462052923
0.5015993021227101
0.4969467868566444
0.4876417563245129
0.5007269555103228
0.49927304448967724
0.4888048851410294
0.4949113114277406
0.49927304448967724
0.5062518173887758
0.485024716487351
0.4844431520790927
0.49142192497819137
0.4870601919162547
0.4870601919162547
0.49316661820296603
0.48647862750799653
0.48269845885431817
0.4876417563245129
0.4870601919162547
0.4856062808956092
0.48676940971212557
0.4876417563245129
0.48851410293690023
0.49345740040709507
0.48124454783367254
0.48735097412038386
0.48386158767083454
0.4856062808956092
0.48386158767083454
0.4809537656295435
0.4835708054667054
0.48589706309973835
0.4876417563245129
0.4835708054667054
0.48124454783367254
0.4856062808956092
0.48328002326257635
0.48182611224193084
0.4841523698749637
0.48328002326257635
0.4835708054667054
0.48269845885431817
0.482407676650189
0.4841523698749637
0.482407676650189
0.4841523698749637
0.48269845885431817
0.4815353300378017
0.482407676650189
0.48269845885431817
0.482407676650189
0.48182611224193084
0.4835708054667054
0.4829892410584472
0.48269845885431817
0.482407676650189
0.48124454783367254
0.482407676650189
0.482407676650189
0.48328002326257635
0.4829892410584472
0.482407676650189
0.482407676650189
0.482407676650189
0.482407676650189
0.4829892410584472
0.48269845885431817
0.48269845885431817
0.4821168944460599
0.482407676650189
