21.0126562834
15.9061468281
14.9183186511
13.216166565
11.03668002
9.33971499964
8.46739291658
7.71757840321
7.02843852785
6.31424703456
5.9267313929
5.3611639904
4.96496109105
4.76342459704
4.56267043308
4.29191109316
4.09635174942
3.93607368972
3.81206034861
3.69169133515
3.55666264737
3.43220271721
3.3361990149
3.25963131929
3.19229790346
3.11808246085
3.0412462594
2.97385080178
2.91814002345
2.87004555451
2.82331228135
2.77758288782
2.73719672907
2.69995785439
2.66373995193
2.6308065999
2.60245966487
2.57790099969
2.55532828141
2.53323504846
2.51181444272
2.49208874377
2.47354480775
2.45607141165
2.4396991614
2.42410670931
2.40874596573
2.39371092149
2.37977521161
2.3681074884
2.35849145164
2.34924375156
2.33964665686
2.32978451708
2.32021432084
2.31149085799
2.30366161084
2.2964895582
2.2901274949
2.28404001957
2.27782764178
2.272125778
2.26714776255
2.26231328358
2.25712335914
2.25177447698
2.24702465458
2.2429912752
2.2389600875
2.23458383354
2.23025736477
2.22650549818
2.22325002684
2.22001396327
2.21670796365
2.21372566936
2.21113255333
2.2085820931
2.20581654817
2.20299690978
2.20043314721
2.19806389131
2.19565948751
2.19327432313
2.19114643715
2.18937076609
2.18777282594
2.18606900136
2.18420351468
2.18235992246
2.18069765199
2.17923912545
2.17787292512
2.17644513572
2.17493854648
2.17342677649
2.17198459812
2.17067361126
2.16946521297
2.16827912073
