1.0
0.992439662693
0.980808374527
0.976155859261
0.943297470195
0.894736842105
0.849956382669
0.826112241931
0.781331782495
0.728409421343
0.712416400116
0.692643210236
0.680721139866
0.671997673742
0.663564989823
0.651061355045
0.629834254144
0.615295143937
0.609479499855
0.600465251527
0.589706309974
0.582145972666
0.5844722303
0.580692061646
0.574294853155
0.564408258215
0.552486187845
0.546379761559
0.545216632742
0.539982553068
0.537656295435
0.532131433556
0.528932829311
0.52747891829
0.526897353882
0.525152660657
0.521954056412
0.522826403024
0.516429194533
0.5141029369
0.512939808084
0.51264902588
0.511776679267
0.509450421634
0.507996510614
0.505670252981
0.503925559756
0.506542599593
0.505961035185
0.508578075022
0.507996510614
0.506251817389
0.506542599593
0.505670252981
0.504797906368
0.503925559756
0.503925559756
0.501308519919
0.503053213143
0.504507124164
0.503634777552
0.501308519919
0.498691480081
0.496946786857
0.495492875836
0.496946786857
0.496656004653
0.49578365804
0.49084036057
0.490258796162
0.491421924978
0.492003489386
0.489095667345
0.490549578366
0.493748182611
0.495492875836
0.493748182611
0.492875835999
0.491131142774
0.488223320733
0.48735097412
0.485606280896
0.484443152079
0.485606280896
0.486187845304
0.488223320733
0.489386449549
0.487060191916
0.48735097412
0.487932538529
0.486769409712
0.489677231753
0.489968013958
0.488804885141
0.489677231753
0.489677231753
0.489095667345
0.489677231753
0.487641756325
0.48735097412
