21.0177057757
15.9585474992
15.3098812237
14.1291548239
12.2975461236
10.1803487847
9.37313536834
8.81120257648
8.29379749815
7.81018318275
7.5184251988
7.15135454856
6.96327282572
6.85494511809
6.72761499554
6.65096125577
6.57383593734
6.53473078568
6.5045499275
6.4734203426
6.44871676849
6.43799733783
6.42664373354
6.41591765974
6.40786772802
6.40363824695
6.40004204737
6.39680469581
6.39439268194
6.39278156629
6.39167026185
6.39080647678
6.39008581565
6.38952842302
6.38913396915
6.38885825505
6.38864234625
6.38845559765
6.38830582424
6.38820072273
6.38812604992
6.38806438054
6.38801109943
6.38797000014
6.38794106984
6.38792020202
6.38790415874
6.38789140728
6.38788094376
6.38787236912
6.38786589101
6.38786133679
6.38785790303
6.38785499546
6.38785262042
6.38785087903
6.38784958372
6.38784847946
6.38784753039
6.38784681802
6.38784631515
6.38784591259
6.38784556422
6.38784529776
6.38784511956
6.38784499049
6.38784487768
6.38784478092
6.3878447077
6.38784465394
6.3878446101
6.38784457472
6.3878445504
6.38784453453
6.38784452181
6.38784450988
6.38784449974
6.38784449251
6.38784448734
6.38784448324
6.38784447994
6.38784447748
6.38784447567
6.38784447422
6.38784447303
6.38784447211
6.3878444714
6.38784447088
6.38784447046
6.38784447014
6.38784446989
6.3878444697
6.38784446955
6.38784446943
6.38784446935
6.38784446929
6.38784446924
6.38784446919
6.38784446916
6.38784446914
