21.0126057885
15.9056236511
14.9144130715
13.2073258838
11.0258937917
9.33181122738
8.45635427335
7.70512857044
7.01365221919
6.29559203017
5.90529704471
5.3354289113
4.93463735022
4.72904945352
4.52750329622
4.25339919704
4.05269887061
3.8881148108
3.759755186
3.6373724644
3.49978754884
3.36892064851
3.26606924102
3.18363661765
3.11259792882
3.03522284003
2.95316012553
2.87970113416
2.81804385103
2.76467664415
2.71362716728
2.66270293528
2.61618737935
2.57431872506
2.53334915506
2.49462675568
2.45979634875
2.42933861902
2.40151306851
2.37480609636
2.34850368191
2.32397689238
2.30074706811
2.27815829591
2.25691745037
2.23704903876
2.21759545889
2.197748957
2.17800146292
2.15950515123
2.14416266497
2.13144668121
2.11894008344
2.10598912316
2.09268226965
2.0792700432
2.06609728574
2.05362080956
2.04222011551
2.03268688751
2.02393255166
2.01440330408
2.00471008179
1.99595390937
1.98839350997
1.9810981542
1.97295512736
1.96427188524
1.95634772097
1.94925072522
1.94248502456
1.9353966811
1.92785566617
1.92069232094
1.91443120577
1.90867010789
1.90289516824
1.89702713241
1.89141392721
1.8864375163
1.88168563391
1.8766963566
1.8715551465
1.86648097815
1.86172274126
1.85726696542
1.85262895999
1.84785556192
1.84355290357
1.83970866549
1.83599278957
1.83229234543
1.8285815927
1.82498486332
1.82155549407
1.81810507103
1.814621339
1.81126138271
1.80794762206
1.80461608715
