3 machines found
login-1.extreme.acer.uic.edu
login-1.extreme.acer.uic.edu
login-1.extreme.acer.uic.edu
CRF loss
Parsing training data: ./train_petsc.txt
Parsing test data: ./test_petsc.txt
Data loading completed
====================  Summary of settings =================
Training data: ./train_petsc.txt
Test data: ./test_petsc.txt
loss: CRF, lambda: 1.000000e-04, Processors: 3
dim: 129, classes: 26
Train: #word=3438, #letter=25953
Test: #word=3439, #letter=26198
===========================================================
iter fn.val gap time feval.num train_lett_err train_word_err test_lett_err test_word_err 
0 24.5949 4.55704 0.484732 1 92.309174 100.000000 92.220780 100.000000
1 20.2607 5.09782 1.92733 3 71.379031 100.000000 71.421483 100.000000
2 17.4237 3.66112 2.64255 4 66.662814 99.825480 66.386747 99.883687
3 15.2976 2.67231 3.35738 5 53.442762 97.673066 53.515536 97.702821
4 13.197 2.13497 4.07177 6 45.397449 96.160558 45.663791 95.347485
5 10.856 2.52546 4.80085 7 39.702539 91.855730 40.445836 92.294272
6 9.27168 1.17401 5.51919 8 33.788001 87.056428 34.632415 87.641756
7 8.67999 0.877935 6.24041 9 31.518514 84.293194 32.300176 85.199186
8 7.80033 0.853367 6.96347 10 28.528494 80.453752 29.341934 81.942425
9 7.17584 1.5436 7.68694 11 27.133665 77.254218 28.105199 78.016865
10 6.65223 0.7331 8.40973 12 24.552075 72.833042 25.585923 74.411166
11 6.38958 0.544082 9.1288 13 23.646592 71.931355 24.627834 73.044490
12 5.89935 0.61694 9.85108 14 22.220938 69.342641 23.463623 72.055830
13 5.41367 0.845006 10.5709 15 21.068855 67.219314 22.421559 70.485606
14 5.03634 0.723804 11.2948 16 20.398413 65.852240 22.039850 69.962198
15 4.78652 0.389523 12.0309 17 19.281008 63.699825 20.963432 67.345158
16 4.5562 0.364758 12.7535 18 18.560475 61.140198 20.177113 65.193370
17 4.35319 0.387833 13.489 19 17.782145 58.871437 19.608367 63.477755
18 4.13935 0.711821 14.3094 20 17.608754 58.406050 20.028246 63.332364
19 3.88662 0.294441 15.0474 21 16.341078 55.119255 18.948011 61.035185
20 3.76659 0.243602 15.7779 22 16.067507 54.333915 18.593022 60.715324
21 3.64562 0.382712 16.5052 23 15.894116 53.577661 18.451790 61.006106
22 3.53435 0.425622 17.2273 24 15.562748 53.083188 18.173143 60.104682
23 3.44749 0.246602 17.9525 25 15.135052 52.036067 17.837239 59.581274
24 3.31728 0.248114 18.6737 26 14.611028 50.407213 17.375372 57.952893
25 3.22642 0.245307 19.4127 27 14.375987 50.087260 17.131079 57.342251
26 3.14575 0.468833 20.1422 28 13.871229 48.051193 17.299030 56.237278
27 3.04395 0.180872 20.8771 29 13.347205 46.742292 16.715016 55.597557
28 2.98697 0.191303 21.604 30 13.019689 46.160558 16.428735 54.608898
29 2.90394 0.252415 22.3278 31 12.784649 45.956952 16.318040 54.492585
30 2.88221 0.525151 23.0538 32 13.081339 45.811518 16.386747 53.911021
31 2.79534 0.176965 23.7849 33 12.526490 44.968005 15.966868 53.038674
32 2.76667 0.127418 24.5145 34 12.314569 44.648051 15.890526 53.009596
33 2.72436 0.173042 25.249 35 12.164297 44.095404 15.913429 52.951439
34 2.66711 0.223547 25.9774 36 12.025585 43.979058 15.798916 52.951439
35 2.62216 0.202813 26.7212 37 11.979347 43.862711 16.035575 53.184065
36 2.58667 0.104757 27.4611 38 11.671098 42.815590 15.898160 52.893283
37 2.55326 0.142085 28.1884 39 11.432204 42.001163 15.711123 52.311719
38 2.51597 0.141247 28.9113 40 11.439911 41.623037 15.714940 51.904623
39 2.47721 0.190277 29.6521 41 11.416792 41.012216 15.627147 51.003199
40 2.4505 0.17307 30.394 42 11.308905 41.012216 15.566074 50.799651
41 2.42923 0.112613 31.1265 43 11.073864 40.226876 15.474464 50.886886
42 2.40914 0.109213 31.8552 44 10.981389 40.255963 15.321780 50.712416
43 2.38505 0.208147 32.5788 45 10.881208 40.255963 15.401939 51.061355
44 2.35997 0.097341 33.3112 46 10.650021 40.023269 15.176731 50.654260
45 2.34655 0.0874927 34.0403 47 10.522868 39.819663 15.142377 50.799651
46 2.32551 0.0987169 34.7811 48 10.526721 39.790576 15.104206 51.119511
47 2.31413 0.170599 35.5212 49 10.534428 39.470622 15.127109 50.479791
48 2.29552 0.0776341 36.2639 50 10.345625 39.267016 14.936255 50.363478
49 2.28507 0.0639616 36.9907 51 10.241591 38.743455 14.928621 50.247165
50 2.2749 0.0807199 37.7188 52 10.176088 38.801629 14.875181 50.276243
51 2.26695 0.221755 38.442 53 10.214619 38.917976 14.905718 50.421634
52 2.25195 0.0800493 39.1832 54 10.064347 38.656195 14.833193 50.276243
53 2.24283 0.0609804 39.9674 55 9.983432 38.510762 14.787388 50.218087
54 2.23488 0.0748072 40.7099 56 10.025816 38.452589 14.814108 50.247165
55 2.22165 0.101899 41.4473 57 9.906369 37.783595 14.802657 50.189008
56 2.21812 0.19131 42.1815 58 10.048935 38.103549 14.795023 49.752835
57 2.20298 0.0571676 42.9133 59 9.810041 37.056428 14.783571 50.014539
58 2.19781 0.0484414 43.6389 60 9.759951 37.201862 14.745400 49.810992
59 2.19039 0.0642768 44.3701 61 9.729126 37.318208 14.657607 49.607444
60 2.18489 0.168807 45.0952 62 9.756098 37.318208 14.726315 49.781913
61 2.17643 0.0724757 45.8243 63 9.713713 37.260035 14.653790 49.549288
62 2.17049 0.0473301 46.5476 64 9.659770 37.056428 14.684327 49.549288
63 2.1658 0.0563567 47.2742 65 9.582707 36.940081 14.676693 49.607444
64 2.15811 0.0621675 48.0032 66 9.478673 36.823735 14.508741 49.142192
65 2.15694 0.184458 48.7516 67 9.482526 36.823735 14.554546 49.171271
66 2.14468 0.0551163 49.4999 68 9.551882 37.027341 14.436217 48.880489
67 2.14063 0.0352702 50.2409 69 9.540323 37.114602 14.451485 48.764176
68 2.13557 0.0439559 50.9704 70 9.486379 36.969168 14.420948 48.880489
69 2.13043 0.0848231 51.6977 71 9.532617 36.969168 14.436217 48.851410
70 2.12488 0.0447805 52.4245 72 9.459407 36.765561 14.394229 49.025880
71 2.12136 0.0374566 53.1721 73 9.459407 36.620128 14.371326 48.880489
72 2.11749 0.0493719 53.9227 74 9.359226 36.649215 14.378960 48.909567
73 2.11428 0.0410389 54.6454 75 9.309136 36.242001 14.359875 48.676941
74 2.11047 0.0375947 55.3729 76 9.232073 36.125654 14.466753 48.618785
75 2.10586 0.0847052 56.0986 77 9.043271 35.369401 14.371326 48.618785
76 2.10234 0.0529195 56.8357 78 9.008592 35.427574 14.447668 48.967723
77 2.10055 0.0261745 57.5614 79 8.966208 35.340314 14.436217 48.880489
78 2.09892 0.0246182 58.2922 80 8.973914 35.514834 14.413314 48.764176
79 2.09586 0.0572502 59.0205 81 9.000886 35.514834 14.443851 48.822332
80 2.09259 0.0475911 59.7599 82 8.962355 35.398487 14.482022 49.142192
81 2.08974 0.0282412 60.4871 83 8.939236 35.282141 14.474387 49.054958
82 2.08664 0.0257726 61.2298 84 8.877586 35.165794 14.443851 48.938645
83 2.08498 0.0447507 61.9571 85 8.927677 34.991274 14.340789 48.735097
84 2.08279 0.0263481 62.6851 86 8.869880 35.020361 14.344606 48.793254
85 2.07945 0.0266356 63.4208 87 8.819790 34.933101 14.398046 48.880489
86 2.07713 0.0434763 64.149 88 8.896852 35.136707 14.390411 48.851410
87 2.07473 0.0289938 64.8889 89 8.785112 34.787667 14.291167 48.502472
88 2.07291 0.0258704 65.6213 90 8.808230 34.787667 14.310253 48.735097
89 2.07077 0.0427729 66.3506 91 8.673371 34.438627 14.317887 48.589706
90 2.06925 0.0354443 67.0866 92 8.684930 34.525887 14.378960 48.851410
91 2.06808 0.0251867 67.816 93 8.746580 34.642234 14.394229 48.967723
92 2.0661 0.0216317 68.5444 94 8.735021 34.525887 14.375143 48.880489
93 2.06551 0.048989 69.2874 95 8.750433 34.351367 14.356058 48.909567
94 2.06441 0.0255591 70.015 96 8.758140 34.380454 14.386594 48.967723
95 2.06298 0.0182102 70.7395 97 8.781258 34.438627 14.336972 48.706019
96 2.06202 0.0217986 71.4742 98 8.731168 34.351367 14.329338 48.531550
97 2.06037 0.0333357 72.2005 99 8.727315 34.496800 14.325521 48.618785
98 2.05968 0.0588337 72.9284 100 8.684930 34.380454 14.268265 48.444315
99 2.05821 0.0167765 73.6612 101 8.700343 34.554974 14.264448 48.444315
100 2.05767 0.0159545 74.4033 102 8.700343 34.467714 14.287350 48.531550
101 2.05672 0.0207968 75.1457 103 8.731168 34.496800 14.298801 48.589706
102 2.05563 0.0403826 75.8982 104 8.708049 34.525887 14.272082 48.531550
103 2.05437 0.020726 76.6439 105 8.723462 34.700407 14.241545 48.415237
104 2.05365 0.0137297 77.3848 106 8.684930 34.700407 14.222460 48.473393
105 2.05287 0.0167389 78.1172 107 8.665665 34.729494 14.245362 48.444315
106 2.05227 0.0355236 78.8578 108 8.773552 34.758581 14.302619 48.386159
107 2.05146 0.0184062 79.5854 109 8.738874 34.671321 14.317887 48.473393
108 2.05053 0.0144713 80.3891 110 8.704196 34.642234 14.298801 48.415237
109 2.04992 0.0162524 81.184 111 8.723462 34.671321 14.260631 48.444315
110 2.04935 0.0510121 81.9621 112 8.684930 34.525887 14.191923 48.269846
111 2.04791 0.0162399 82.7023 113 8.708049 34.758581 14.172838 48.328002
112 2.04741 0.0114905 83.4445 114 8.708049 34.700407 14.176655 48.269846
113 2.04685 0.0173573 84.191 115 8.719609 34.787667 14.169021 48.298924
114 2.04652 0.0382124 84.9321 116 8.738874 34.729494 14.207191 48.298924
115 2.0459 0.0158451 85.678 117 8.700343 34.613147 14.149935 48.211689
116 2.04535 0.012815 86.4202 118 8.692637 34.584061 14.153752 48.240768
117 2.04487 0.0159699 87.1523 119 8.723462 34.554974 14.172838 48.298924
118 2.04418 0.026197 87.8846 120 8.723462 34.409540 14.134667 48.240768
119 2.04353 0.0182748 88.6305 121 8.731168 34.496800 14.115581 48.211689
120 2.04318 0.0100237 89.3578 122 8.742727 34.584061 14.153752 48.124455
121 2.04268 0.0133781 90.0866 123 8.719609 34.525887 14.218643 48.298924
122 2.04226 0.0157367 90.8171 124 8.715755 34.525887 14.214826 48.415237
123 2.04174 0.0147091 91.5468 125 8.673371 34.322280 14.161386 48.444315
124 2.04127 0.0113241 92.2975 126 8.715755 34.525887 14.153752 48.357081
125 2.04071 0.0153041 93.0236 127 8.711902 34.235020 14.230094 48.444315
126 2.04036 0.0161499 93.7498 128 8.681077 34.176847 14.199557 48.386159
127 2.04008 0.0103721 94.4866 129 8.688784 34.264107 14.218643 48.502472
128 2.03973 0.00961969 95.2146 130 8.638693 34.147760 14.211008 48.502472
129 2.03938 0.0184937 95.9613 131 8.673371 34.264107 14.211008 48.531550
130 2.03896 0.0111679 96.6946 132 8.627134 34.205934 14.252996 48.502472
131 2.03867 0.00947124 97.4178 133 8.615574 34.176847 14.283533 48.589706
132 2.03832 0.010945 98.1527 134 8.646399 34.176847 14.275899 48.502472
133 2.03803 0.0109922 98.9247 135 8.673371 34.205934 14.298801 48.444315
134 2.03773 0.0105116 99.6578 136 8.731168 34.322280 14.272082 48.473393
135 2.03738 0.0115289 100.399 137 8.723462 34.380454 14.249179 48.386159
136 2.03716 0.0173576 101.127 138 8.750433 34.467714 14.268265 48.531550
137 2.03696 0.00845141 101.893 139 8.727315 34.438627 14.245362 48.357081
138 2.03674 0.00813493 102.633 140 8.696490 34.380454 14.279716 48.415237
139 2.03652 0.00957965 103.374 141 8.673371 34.322280 14.272082 48.386159
140 2.03645 0.0275594 104.109 142 8.611721 34.264107 14.241545 48.415237
141 2.03607 0.00780797 104.835 143 8.638693 34.147760 14.260631 48.473393
142 2.03594 0.00587037 105.563 144 8.646399 34.147760 14.268265 48.444315
143 2.03573 0.00801049 106.294 145 8.669518 34.205934 14.283533 48.560628
144 2.03554 0.019017 107.021 146 8.657959 34.002327 14.230094 48.531550
145 2.03527 0.00928447 107.755 147 8.627134 33.973240 14.211008 48.473393
146 2.03504 0.00622895 108.486 148 8.600162 33.827807 14.184289 48.415237
147 2.03484 0.0105063 109.21 149 8.619427 33.885980 14.180472 48.502472
148 2.03471 0.0147524 109.937 150 8.657959 33.944154 14.188106 48.444315
149 2.03453 0.00674732 110.682 151 8.646399 33.885980 14.153752 48.473393
150 2.03437 0.00688215 111.43 152 8.623281 33.827807 14.153752 48.444315
151 2.03419 0.00843238 112.169 153 8.623281 33.856894 14.169021 48.531550
152 2.03391 0.014875 112.895 154 8.638693 33.885980 14.184289 48.473393
153 2.03372 0.0143373 113.631 155 8.677224 34.089587 14.172838 48.357081
154 2.03358 0.00565523 114.357 156 8.630987 33.915067 14.184289 48.386159
155 2.03348 0.0056943 115.09 157 8.654105 33.973240 14.176655 48.357081
156 2.03338 0.0075492 115.826 158 8.661812 34.031414 14.180472 48.415237
157 2.03325 0.0174834 116.564 159 8.669518 34.031414 14.149935 48.269846
158 2.03305 0.00780697 117.297 160 8.681077 34.060500 14.169021 48.328002
159 2.03291 0.00614309 118.025 161 8.665665 34.060500 14.188106 48.357081
160 2.03277 0.00678385 118.754 162 8.661812 33.973240 14.161386 48.269846
161 2.0326 0.0146751 119.479 163 8.623281 33.944154 14.184289 48.357081
162 2.03245 0.00621543 120.204 164 8.604015 33.915067 14.146118 48.240768
163 2.03237 0.00484689 120.931 165 8.615574 33.915067 14.146118 48.211689
164 2.03217 0.00721347 121.672 166 8.646399 34.031414 14.119398 48.328002
165 2.03207 0.0159301 122.409 167 8.615574 33.944154 14.149935 48.298924
166 2.0319 0.00666385 123.134 168 8.611721 33.944154 14.149935 48.211689
167 2.03177 0.00488196 123.878 169 8.600162 33.944154 14.130850 48.095377
168 2.03169 0.00551703 124.604 170 8.619427 33.973240 14.146118 48.095377
169 2.03162 0.0175304 125.329 171 8.627134 33.973240 14.130850 48.153533
170 2.03146 0.00525752 126.055 172 8.638693 34.031414 14.157569 48.269846
171 2.03139 0.00420099 126.797 173 8.642546 34.002327 14.134667 48.211689
Optimization converged with status CONVERGED_GTTOL.
Total CPU time: 123.57 seconds 
Total wallclock time: 126.797 seconds 
Objective/gradient CPU time: 122.91 seconds 
Objective/gradient wallclock time: 125.862 seconds 
