3 machines found
login-1.extreme.acer.uic.edu
login-1.extreme.acer.uic.edu
login-1.extreme.acer.uic.edu
CRF loss
Parsing training data: ./train_petsc.txt
Parsing test data: ./test_petsc.txt
Data loading completed
====================  Summary of settings =================
Training data: ./train_petsc.txt
Test data: ./test_petsc.txt
loss: CRF, lambda: 1.000000e-06, Processors: 3
dim: 129, classes: 26
Train: #word=3438, #letter=25953
Test: #word=3439, #letter=26198
===========================================================
iter fn.val gap time feval.num train_lett_err train_word_err test_lett_err test_word_err 
0 24.5949 4.55704 0.480234 1 92.309174 100.000000 92.220780 100.000000
1 20.2606 5.09813 1.95981 3 71.379031 100.000000 71.421483 100.000000
2 17.4232 3.66158 2.6783 4 66.662814 99.825480 66.386747 99.883687
3 15.2967 2.67269 3.40204 5 53.442762 97.673066 53.519353 97.731899
4 13.1952 2.13545 4.11806 6 45.397449 96.160558 45.663791 95.347485
5 10.8519 2.52623 4.85482 7 39.702539 91.855730 40.445836 92.294272
6 9.26473 1.17424 5.58297 8 33.791855 87.056428 34.636232 87.641756
7 8.67143 0.878231 6.31584 9 31.510808 84.293194 32.296359 85.199186
8 7.78938 0.853622 7.05048 10 28.543906 80.453752 29.334300 81.942425
9 7.16182 1.54297 7.78188 11 27.122105 77.225131 28.097565 77.958709
10 6.63626 0.733388 8.52933 12 24.544369 72.803956 25.582106 74.411166
11 6.37242 0.543911 9.26271 13 23.650445 71.931355 24.616383 73.015411
12 5.87932 0.616423 9.99259 14 22.220938 69.342641 23.448355 72.055830
13 5.3895 0.844271 10.7305 15 21.072708 67.248400 22.436827 70.485606
14 5.00764 0.724032 11.4783 16 20.394559 65.881326 22.043667 70.020355
15 4.75536 0.389644 12.2215 17 19.311833 63.728912 20.967249 67.374237
16 4.52277 0.365313 12.9515 18 18.552768 61.111111 20.192381 65.193370
17 4.31565 0.389053 13.6811 19 17.762879 58.813264 19.619818 63.477755
18 4.10072 0.715677 14.4132 20 17.635726 58.260617 20.020612 63.390521
19 3.84427 0.306999 15.1616 21 16.344931 55.090169 19.043438 61.151498
20 3.72255 0.251746 15.8954 22 16.075213 54.421175 18.650279 60.889794
21 3.60594 0.373034 16.632 23 15.859438 53.403141 18.627376 61.209654
22 3.48673 0.343748 17.366 24 15.582014 52.879581 18.196045 60.162838
23 3.39356 0.258972 18.0984 25 15.208261 52.065154 17.875410 59.784821
24 3.21281 0.230925 18.8301 26 14.553231 50.087260 17.291396 57.603955
25 3.12343 0.398478 19.5799 27 14.229569 49.272833 17.505153 57.807502
26 3.02887 0.209133 20.3122 28 13.693985 47.702152 16.882968 56.150044
27 2.95114 0.17674 21.0463 29 13.231611 46.451425 16.592870 55.015993
28 2.86453 0.231388 21.785 30 12.896390 45.782432 16.329491 54.318116
29 2.79599 0.412959 22.5212 31 12.830887 45.578825 16.379113 53.881942
30 2.71556 0.162687 23.2656 32 12.514931 44.938918 16.138637 53.445769
31 2.67369 0.134306 24.0183 33 12.329981 44.822571 15.997404 53.300378
32 2.63056 0.214636 24.7776 34 12.172003 44.095404 15.898160 52.776970
33 2.57998 0.254442 25.5302 35 12.029438 44.240838 15.924880 53.154987
34 2.53026 0.149767 26.2655 36 11.821369 43.426411 15.856172 53.154987
35 2.47816 0.147491 27.032 37 11.759719 43.106457 15.848538 52.602501
36 2.44353 0.150335 27.7815 38 11.590182 42.611984 15.783648 52.311719
37 2.40183 0.180256 28.5333 39 11.320464 41.884817 15.825636 52.137249
38 2.36482 0.120719 29.2884 40 11.362848 41.710297 15.558440 51.497528
39 2.33483 0.124608 30.0292 41 11.174045 40.779523 15.543171 51.032277
40 2.31276 0.200618 30.7711 42 11.093130 40.663176 15.497366 51.090433
41 2.28917 0.105 31.508 43 11.008361 40.168703 15.375219 50.857808
42 2.25834 0.121955 32.252 44 11.050746 40.488656 15.333232 51.119511
43 2.2307 0.131678 33. 45 10.800293 40.081443 15.409573 51.235824
44 2.19802 0.245523 33.7386 46 10.519015 39.819663 15.268341 51.090433
45 2.16857 0.136211 34.4919 47 10.534428 39.906923 15.501183 51.352137
46 2.15359 0.0758363 35.2466 48 10.364890 39.354276 15.337049 51.206746
47 2.1373 0.0813413 36.0059 49 10.326359 39.092496 15.142377 50.886886
48 2.12018 0.112008 36.7519 50 10.353331 39.092496 15.119475 50.625182
49 2.09777 0.109316 37.4873 51 10.307094 38.888889 15.180548 50.596104
50 2.07917 0.0714207 38.2217 52 10.245444 38.801629 15.184365 50.828729
51 2.05811 0.0861386 38.9569 53 10.083613 38.307155 15.191999 51.003199
52 2.04908 0.148459 39.7028 54 10.160675 38.365329 15.069853 50.741495
53 2.03723 0.0759523 40.4362 55 10.099025 38.161722 15.130926 50.886886
54 2.02191 0.065623 41.175 56 9.956460 38.132635 15.081304 50.508869
55 2.01067 0.074785 41.9271 57 9.871691 37.812682 15.031682 50.392556
56 2.00449 0.280156 42.6615 58 10.025816 38.685282 15.031682 50.770573
57 1.98292 0.0743944 43.394 59 9.736832 37.609075 14.859913 50.363478
58 1.97638 0.0514233 44.13 60 9.698301 37.318208 14.859913 50.334400
59 1.96869 0.0709197 44.8842 61 9.617385 37.085515 14.852279 50.247165
60 1.95778 0.0854952 45.6367 62 9.575001 36.940081 14.852279 50.189008
61 1.95357 0.205267 46.3927 63 9.690595 37.783595 14.871364 49.723757
62 1.93592 0.064153 47.1267 64 9.659770 37.260035 14.810291 49.781913
63 1.9296 0.049834 47.8798 65 9.567295 37.318208 14.775937 49.549288
64 1.92086 0.0652599 48.6224 66 9.590413 37.289122 14.733949 49.636522
65 1.90754 0.0805639 49.3631 67 9.625092 37.230948 14.768303 49.491131
66 1.90207 0.142018 50.1149 68 9.443995 37.085515 14.947706 49.869148
67 1.89073 0.0485413 50.8655 69 9.355373 36.678301 14.814108 49.752835
68 1.88586 0.0474163 51.5965 70 9.282164 36.561955 14.806474 49.694679
69 1.8779 0.0636647 52.3292 71 9.170423 36.242001 14.783571 49.636522
70 1.87216 0.147615 53.0697 72 9.255192 36.503781 14.726315 49.607444
71 1.86229 0.0581287 53.8025 73 9.093361 36.009308 14.829376 49.898226
72 1.85697 0.0395476 54.5384 74 9.054830 35.834788 14.768303 49.665600
73 1.85206 0.0488532 55.2912 75 9.031711 35.718441 14.768303 49.636522
74 1.84238 0.0555354 56.0292 76 8.896852 35.398487 14.821742 49.665600
75 1.83737 0.0838495 57.5481 78 8.835202 34.962187 14.810291 49.752835
76 1.82937 0.0402447 58.3005 79 8.819790 35.020361 14.871364 50.159930
77 1.82278 0.0452834 59.0361 80 8.754287 34.991274 14.878998 50.189008
78 1.81673 0.118449 59.7712 81 8.823643 35.427574 14.894267 49.927304
79 1.80917 0.0486953 60.5123 82 8.781258 35.107621 14.783571 49.636522
80 1.80485 0.0459236 61.2482 83 8.704196 34.933101 14.775937 49.752835
81 1.79902 0.0449547 61.9895 84 8.684930 34.845841 14.753035 49.578366
82 1.79175 0.0658918 62.7482 85 8.580896 34.642234 14.642339 49.462053
83 1.78699 0.0490507 63.5046 86 8.534659 34.176847 14.695778 49.607444
84 1.78376 0.027252 64.2563 87 8.584749 34.176847 14.684327 49.723757
85 1.78036 0.0316382 64.9915 88 8.542365 34.293194 14.653790 49.840070
86 1.77546 0.0471367 65.7447 89 8.523099 34.293194 14.676693 49.578366
87 1.77102 0.0886684 66.4966 90 8.557778 34.554974 14.775937 49.810992
88 1.76588 0.038779 67.2363 91 8.496128 34.467714 14.680510 49.636522
89 1.76364 0.0285263 67.9829 92 8.480715 34.176847 14.722498 49.781913
90 1.76098 0.0315407 68.7215 93 8.473009 34.002327 14.665242 49.520209
91 1.75824 0.0741993 69.473 94 8.604015 34.118674 14.737766 49.665600
92 1.75494 0.033964 70.2085 95 8.604015 34.089587 14.688144 49.432975
93 1.75211 0.0291791 70.9515 96 8.588602 34.031414 14.649973 49.287584
94 1.74956 0.0376269 71.6923 97 8.542365 34.002327 14.600351 49.171271
95 1.74676 0.0611765 72.4318 98 8.607868 34.147760 14.630888 49.287584
96 1.74294 0.0305669 73.1672 99 8.573190 34.264107 14.516375 49.113114
97 1.74026 0.0275403 73.9055 100 8.526953 34.176847 14.493473 49.113114
98 1.73721 0.029747 74.6622 101 8.434478 34.002327 14.527827 49.054958
99 1.73505 0.0602564 76.1296 103 8.446037 34.002327 14.543095 48.938645
100 1.73181 0.0345783 76.8677 104 8.449890 34.060500 14.546912 48.967723
101 1.72852 0.0223121 77.605 105 8.430625 33.827807 14.596534 48.996801
102 1.72611 0.0381299 78.3749 106 8.426771 33.682373 14.653790 49.171271
103 1.72363 0.0316064 79.1253 107 8.434478 33.885980 14.600351 48.880489
104 1.72124 0.0250597 79.8672 108 8.469156 33.973240 14.535461 48.880489
105 1.71823 0.0593661 80.6013 109 8.376681 33.595113 14.596534 48.880489
106 1.71518 0.0356661 81.3364 110 8.380534 33.449680 14.604168 48.793254
107 1.71361 0.0250475 82.0707 111 8.322737 33.333333 14.592717 48.764176
108 1.71109 0.0238082 82.8139 112 8.288059 33.478767 14.634705 48.967723
109 1.70927 0.0558822 83.55 113 8.315031 33.507853 14.581266 49.054958
110 1.70712 0.0303336 84.2848 114 8.288059 33.595113 14.573632 48.938645
111 1.70493 0.0192464 85.0318 115 8.291912 33.507853 14.562180 49.025880
112 1.70365 0.0244909 85.7683 116 8.338150 33.624200 14.581266 49.054958
113 1.70116 0.0533578 86.5028 117 8.361268 33.333333 14.665242 49.636522
114 1.69839 0.0348203 87.2864 118 8.442184 33.566027 14.703412 49.432975
115 1.69701 0.0229783 88.0276 119 8.419065 33.653287 14.699595 49.316662
116 1.695 0.0229926 88.7791 120 8.446037 33.711460 14.726315 49.345740
117 1.69387 0.0345954 89.5113 121 8.449890 33.798720 14.787388 49.520209
118 1.6924 0.0214342 90.2614 122 8.415212 33.624200 14.779754 49.432975
119 1.69024 0.0192066 90.9984 123 8.461450 33.595113 14.718681 49.403896
120 1.68901 0.02438 91.736 124 8.457596 33.624200 14.787388 49.520209
121 1.68697 0.0190883 92.4768 125 8.407506 33.507853 14.795023 49.549288
122 1.68469 0.0321904 93.2284 126 8.469156 33.885980 14.833193 49.549288
123 1.6828 0.0367658 93.9647 127 8.368975 33.536940 14.779754 49.636522
124 1.6813 0.0200652 94.7153 128 8.388240 33.624200 14.764486 49.520209
125 1.68043 0.0180533 95.4569 129 8.388240 33.711460 14.749217 49.491131
126 1.67863 0.0208631 96.1976 130 8.330443 33.478767 14.745400 49.665600
127 1.6773 0.0435515 97.6924 132 8.299619 33.304247 14.795023 49.694679
128 1.67566 0.0231489 98.4341 133 8.276500 33.187900 14.760669 49.607444
129 1.67434 0.0168798 99.1748 134 8.334297 33.449680 14.756852 49.636522
130 1.67338 0.0208371 99.9132 135 8.372828 33.507853 14.745400 49.578366
131 1.67174 0.0257671 100.647 136 8.338150 33.449680 14.810291 49.549288
132 1.6705 0.0455485 101.387 137 8.411359 33.595113 14.886633 49.869148
133 1.66882 0.0171109 102.142 138 8.395947 33.507853 14.875181 49.723757
134 1.66772 0.0215269 102.91 139 8.330443 33.449680 14.856096 49.752835
135 1.66624 0.0237949 103.642 140 8.280353 33.449680 14.852279 49.869148
136 1.66499 0.0319071 104.381 141 8.272647 33.304247 14.779754 49.752835
137 1.66361 0.015754 105.116 142 8.184025 33.100640 14.787388 49.781913
138 1.66268 0.015386 105.887 143 8.184025 33.013380 14.749217 49.781913
139 1.66147 0.0205312 106.619 144 8.160906 33.100640 14.825559 49.840070
140 1.66029 0.0544251 107.366 145 8.187878 32.955207 14.890450 50.043617
141 1.65845 0.0223405 108.109 146 8.141641 32.809773 14.837010 50.043617
142 1.6573 0.0144928 108.844 147 8.164759 32.926120 14.798840 49.898226
143 1.6565 0.0164193 109.581 148 8.214850 33.013380 14.825559 49.869148
144 1.65555 0.0372354 110.322 149 8.261087 32.809773 14.905718 50.072696
145 1.65408 0.0156143 111.074 150 8.207144 32.780686 14.913352 50.101774
146 1.65319 0.0131014 111.815 151 8.153200 32.606166 14.871364 50.043617
147 1.65206 0.021136 112.551 152 8.060725 32.402560 14.859913 50.014539
148 1.65123 0.039838 113.303 153 8.076138 32.315300 14.890450 50.276243
149 1.64987 0.0162449 114.04 154 8.072285 32.344386 14.833193 50.014539
150 1.64907 0.012818 114.776 155 8.091550 32.431646 14.878998 50.014539
151 1.64837 0.0143898 115.512 156 8.141641 32.518906 14.852279 49.927304
152 1.64695 0.0217639 116.251 157 8.137788 32.635253 14.856096 49.810992
153 1.64606 0.0278391 117.72 159 8.222556 32.984293 14.917169 50.101774
154 1.6451 0.0141925 118.456 160 8.214850 33.071553 14.878998 50.159930
155 1.64415 0.0135222 119.207 161 8.180172 32.926120 14.917169 50.334400
156 1.64317 0.0199448 119.954 162 8.106963 32.867946 14.875181 50.130852
157 1.64228 0.022226 120.701 163 8.103109 32.664340 14.894267 50.101774
158 1.64152 0.0131046 121.433 164 8.149347 32.751600 14.898084 50.189008
159 1.64063 0.0129332 122.172 165 8.141641 32.867946 14.894267 49.956383
160 1.6399 0.0172657 122.906 166 8.122375 32.867946 14.905718 50.014539
161 1.63874 0.0166285 123.639 167 8.141641 32.838860 14.878998 49.810992
162 1.63823 0.02806 124.391 168 8.110816 32.780686 14.947706 49.810992
163 1.63747 0.0113629 125.14 169 8.068431 32.577080 14.920986 49.869148
164 1.63699 0.00978021 125.891 170 8.072285 32.606166 14.955340 50.014539
165 1.63638 0.0126668 126.641 171 8.049166 32.722513 14.962974 50.130852
166 1.6357 0.0290068 127.413 172 8.060725 32.693426 14.997328 50.072696
167 1.6348 0.0132046 128.164 173 8.091550 32.780686 15.016413 50.276243
168 1.63419 0.011164 128.907 174 8.118522 32.838860 15.039316 50.189008
169 1.63351 0.0136341 129.659 175 8.099256 32.722513 15.058401 50.276243
170 1.63321 0.0382237 130.407 176 8.087697 32.751600 15.096572 50.218087
171 1.63234 0.0129419 131.145 177 8.110816 32.664340 15.077487 50.159930
172 1.63186 0.0100512 131.897 178 8.060725 32.489820 15.108024 50.276243
173 1.63131 0.0145637 132.65 179 8.056872 32.547993 15.176731 50.421634
174 1.63044 0.0187926 133.4 180 8.041460 32.547993 15.180548 50.596104
175 1.63002 0.0365855 134.15 181 8.118522 32.897033 15.165280 50.508869
176 1.62926 0.00971013 134.899 182 8.018341 32.606166 15.165280 50.508869
177 1.62896 0.010342 135.638 183 8.049166 32.664340 15.142377 50.363478
178 1.62849 0.0150312 136.388 184 8.033753 32.722513 15.130926 50.334400
179 1.62771 0.0266722 137.13 185 8.033753 32.693426 15.153829 50.421634
180 1.62707 0.0216505 137.882 186 8.010635 32.577080 15.123292 50.421634
181 1.62652 0.0100275 138.627 187 7.968250 32.635253 15.111841 50.305321
182 1.62599 0.0121755 139.366 188 8.006781 32.751600 15.146194 50.537947
183 1.62551 0.0120098 140.102 189 7.995222 32.838860 15.153829 50.625182
184 1.625 0.0187117 140.843 190 7.964397 32.751600 15.195816 50.857808
185 1.6245 0.00957732 141.578 191 7.906600 32.577080 15.211085 50.741495
186 1.62405 0.0103453 142.328 192 7.883482 32.373473 15.241621 50.625182
187 1.62366 0.0124724 143.064 193 7.883482 32.286213 15.253073 50.712416
188 1.62315 0.0185573 143.807 194 7.933572 32.460733 15.176731 50.508869
189 1.62271 0.00905387 144.545 195 7.948985 32.489820 15.214902 50.567025
190 1.62232 0.0116143 145.293 196 7.995222 32.635253 15.188182 50.392556
191 1.62182 0.013334 146.03 197 7.952838 32.547993 15.245439 50.537947
192 1.6217 0.0287225 146.777 198 7.948985 32.547993 15.222536 50.421634
193 1.621 0.00927665 147.526 199 7.914307 32.489820 15.275975 50.567025
194 1.62076 0.00659773 148.258 200 7.952838 32.577080 15.321780 50.683338
195 1.62044 0.00858567 148.992 201 7.972103 32.606166 15.317963 50.683338
196 1.61996 0.0135811 149.731 202 8.010635 32.606166 15.310329 50.741495
197 1.61973 0.0267037 150.466 203 8.033753 32.577080 15.256890 50.567025
198 1.61917 0.00751346 151.212 204 8.014488 32.547993 15.283609 50.537947
199 1.61894 0.00731352 151.956 205 8.010635 32.547993 15.249256 50.450712
200 1.61859 0.0101501 152.693 206 8.006781 32.577080 15.283609 50.537947
201 1.61828 0.0246063 153.43 207 7.960544 32.460733 15.275975 50.537947
202 1.61778 0.0113607 154.167 208 7.968250 32.547993 15.279792 50.537947
203 1.61742 0.00808505 154.9 209 7.987516 32.518906 15.249256 50.450712
204 1.6171 0.00932442 155.634 210 7.937425 32.431646 15.233987 50.450712
205 1.61659 0.0105328 156.398 211 7.922013 32.431646 15.199634 50.479791
206 1.61638 0.0159957 157.896 213 7.983663 32.518906 15.211085 50.450712
207 1.61606 0.00931921 158.651 214 8.002928 32.635253 15.218719 50.537947
208 1.61568 0.00718918 159.409 215 7.987516 32.577080 15.249256 50.625182
209 1.61518 0.010523 160.178 216 7.995222 32.518906 15.245439 50.654260
210 1.61501 0.0247086 160.912 217 7.933572 32.373473 15.157646 50.567025
211 1.61452 0.0087946 161.649 218 7.933572 32.373473 15.211085 50.567025
212 1.61428 0.00650462 162.396 219 7.906600 32.286213 15.226353 50.596104
213 1.61402 0.00844021 163.131 220 7.891188 32.257126 15.222536 50.537947
214 1.61359 0.0132072 163.866 221 7.875775 32.344386 15.230170 50.508869
215 1.61343 0.0171131 164.613 222 7.860363 32.315300 15.134743 50.276243
216 1.61307 0.00631243 165.353 223 7.871922 32.286213 15.119475 50.334400
217 1.61293 0.00565637 166.09 224 7.844950 32.228040 15.111841 50.334400
218 1.6127 0.00706967 166.835 225 7.895041 32.402560 15.115658 50.363478
219 1.61241 0.0141682 167.598 226 7.868069 32.257126 15.092755 50.421634
220 1.6121 0.00813998 168.336 227 7.906600 32.315300 15.085121 50.421634
221 1.61188 0.00618566 169.069 228 7.891188 32.402560 15.092755 50.537947
222 1.61165 0.00692412 169.802 229 7.844950 32.315300 15.130926 50.625182
223 1.61151 0.00893819 170.539 230 7.817979 32.402560 15.146194 50.625182
224 1.61134 0.00632729 171.272 231 7.806419 32.344386 15.134743 50.654260
225 1.61094 0.00757324 172.005 232 7.791007 32.198953 15.165280 50.625182
226 1.61078 0.0150278 172.755 233 7.833391 32.344386 15.180548 50.770573
227 1.61054 0.00753061 173.499 234 7.848804 32.402560 15.180548 50.596104
228 1.61033 0.00562896 174.236 235 7.883482 32.489820 15.165280 50.567025
229 1.61016 0.00652855 174.976 236 7.871922 32.402560 15.165280 50.625182
230 1.61007 0.0187553 175.718 237 7.918160 32.402560 15.211085 50.712416
231 1.60984 0.00542281 176.456 238 7.864216 32.431646 15.249256 50.799651
232 1.60973 0.00506984 177.189 239 7.860363 32.460733 15.233987 50.741495
233 1.60958 0.0068563 177.925 240 7.871922 32.460733 15.230170 50.741495
234 1.60934 0.0106173 178.656 241 7.868069 32.402560 15.226353 50.683338
235 1.60919 0.0148186 179.39 242 7.960544 32.577080 15.199634 50.596104
236 1.60899 0.00510002 180.128 243 7.968250 32.635253 15.207268 50.654260
237 1.60889 0.00477899 180.88 244 7.952838 32.518906 15.176731 50.712416
238 1.60877 0.00589151 181.629 245 7.960544 32.518906 15.169097 50.741495
239 1.60864 0.0179501 182.379 246 7.960544 32.489820 15.169097 50.712416
240 1.60844 0.00743778 183.128 247 7.929719 32.344386 15.165280 50.741495
241 1.60831 0.00455762 183.865 248 7.960544 32.518906 15.130926 50.770573
242 1.60819 0.0058016 184.608 249 7.960544 32.547993 15.127109 50.770573
243 1.60802 0.00692647 185.344 250 7.991369 32.693426 15.184365 50.828729
244 1.60792 0.0106212 186.82 252 8.014488 32.693426 15.123292 50.654260
245 1.60779 0.00578514 187.571 253 8.006781 32.635253 15.134743 50.654260
246 1.60764 0.00438581 188.319 254 8.018341 32.664340 15.130926 50.625182
Optimization converged with status CONVERGED_GTTOL.
Total CPU time: 181.29 seconds 
Total wallclock time: 188.319 seconds 
Objective/gradient CPU time: 180.28 seconds 
Objective/gradient wallclock time: 186.985 seconds 
