1 machines found
login-1.extreme.acer.uic.edu
CRF loss
Parsing training data: ./train_petsc.txt
Parsing test data: ./test_petsc.txt
Data loading completed
====================  Summary of settings =================
Training data: ./train_petsc.txt
Test data: ./test_petsc.txt
loss: CRF, lambda: 1.000000e-04, Processors: 1
dim: 129, classes: 26
Train: #word=3438, #letter=25953
Test: #word=3439, #letter=26198
===========================================================
iter fn.val gap time feval.num train_lett_err train_word_err test_lett_err test_word_err 
0 24.5949 4.55704 1.4507 1 92.309174 100.000000 92.220780 100.000000
1 20.2607 5.09782 5.90836 3 71.379031 100.000000 71.425300 100.000000
2 17.4237 3.66112 8.16287 4 66.662814 99.825480 66.386747 99.883687
3 15.2976 2.67231 10.3792 5 53.442762 97.673066 53.515536 97.702821
4 13.197 2.13497 12.6084 6 45.397449 96.160558 45.663791 95.347485
5 10.856 2.52546 14.8561 7 39.702539 91.855730 40.445836 92.294272
6 9.27168 1.17401 17.0795 8 33.788001 87.056428 34.632415 87.641756
7 8.67999 0.877935 19.2971 9 31.518514 84.293194 32.300176 85.199186
8 7.80033 0.853367 21.5243 10 28.528494 80.453752 29.341934 81.942425
9 7.17584 1.5436 23.7595 11 27.133665 77.254218 28.105199 78.016865
10 6.65223 0.7331 25.9833 12 24.552075 72.833042 25.585923 74.411166
11 6.38958 0.544082 28.2062 13 23.646592 71.931355 24.627834 73.044490
12 5.89935 0.61694 30.4434 14 22.220938 69.342641 23.463623 72.055830
13 5.41367 0.845006 32.6707 15 21.068855 67.219314 22.421559 70.485606
14 5.03634 0.723804 34.8945 16 20.398413 65.852240 22.039850 69.962198
15 4.78652 0.389523 37.1429 17 19.281008 63.699825 20.963432 67.345158
16 4.5562 0.364758 39.2765 18 18.560475 61.140198 20.177113 65.193370
17 4.35319 0.387833 41.4092 19 17.782145 58.871437 19.608367 63.477755
18 4.13935 0.711821 43.5306 20 17.608754 58.406050 20.028246 63.332364
19 3.88662 0.294441 45.6527 21 16.341078 55.119255 18.948011 61.035185
20 3.76659 0.243602 47.7783 22 16.067507 54.333915 18.593022 60.715324
21 3.64562 0.382712 49.9035 23 15.894116 53.577661 18.451790 61.006106
22 3.53435 0.425622 52.0313 24 15.562748 53.083188 18.173143 60.104682
23 3.44749 0.246602 54.1393 25 15.135052 52.036067 17.837239 59.581274
24 3.31728 0.248114 56.2455 26 14.611028 50.407213 17.375372 57.952893
25 3.22642 0.245307 58.35 27 14.375987 50.087260 17.131079 57.342251
26 3.14575 0.468833 60.4551 28 13.871229 48.051193 17.299030 56.237278
27 3.04395 0.180872 62.5586 29 13.347205 46.742292 16.715016 55.597557
28 2.98697 0.191303 64.6696 30 13.019689 46.160558 16.428735 54.608898
29 2.90394 0.252415 66.7739 31 12.784649 45.956952 16.318040 54.492585
30 2.88221 0.525151 68.8792 32 13.081339 45.811518 16.386747 53.911021
31 2.79534 0.176965 70.9827 33 12.526490 44.968005 15.966868 53.038674
32 2.76667 0.127418 73.0905 34 12.314569 44.648051 15.890526 53.009596
33 2.72436 0.173042 75.1956 35 12.164297 44.095404 15.913429 52.951439
34 2.66711 0.223547 77.3056 36 12.025585 43.979058 15.798916 52.951439
35 2.62216 0.202813 79.4127 37 11.979347 43.862711 16.035575 53.184065
36 2.58667 0.104757 81.5205 38 11.671098 42.815590 15.898160 52.893283
37 2.55326 0.142085 83.6277 39 11.432204 42.001163 15.711123 52.311719
38 2.51597 0.141247 85.7368 40 11.439911 41.623037 15.714940 51.904623
39 2.47721 0.190277 87.8423 41 11.416792 41.012216 15.627147 51.003199
40 2.4505 0.17307 89.952 42 11.308905 41.012216 15.566074 50.799651
41 2.42923 0.112613 92.0654 43 11.073864 40.226876 15.474464 50.886886
42 2.40914 0.109213 94.2049 44 10.981389 40.255963 15.321780 50.712416
43 2.38505 0.208147 96.336 45 10.881208 40.255963 15.401939 51.061355
44 2.35997 0.097341 98.461 46 10.650021 40.023269 15.176731 50.654260
45 2.34655 0.0874927 100.598 47 10.522868 39.819663 15.142377 50.799651
46 2.32551 0.0987169 102.729 48 10.526721 39.790576 15.104206 51.119511
47 2.31413 0.170599 104.839 49 10.534428 39.470622 15.127109 50.479791
48 2.29552 0.0776341 106.948 50 10.345625 39.267016 14.936255 50.363478
49 2.28507 0.0639616 109.058 51 10.241591 38.743455 14.928621 50.247165
50 2.2749 0.0807199 111.168 52 10.176088 38.801629 14.875181 50.276243
51 2.26695 0.221755 113.277 53 10.214619 38.917976 14.905718 50.421634
52 2.25195 0.0800493 115.385 54 10.064347 38.656195 14.833193 50.276243
53 2.24283 0.0609804 117.495 55 9.983432 38.510762 14.787388 50.218087
54 2.23488 0.0748072 119.619 56 10.025816 38.452589 14.814108 50.247165
55 2.22165 0.101899 121.758 57 9.906369 37.783595 14.802657 50.189008
56 2.21812 0.19131 123.882 58 10.048935 38.103549 14.795023 49.752835
57 2.20298 0.0571676 125.992 59 9.810041 37.056428 14.783571 50.014539
58 2.19781 0.0484414 128.103 60 9.759951 37.201862 14.745400 49.810992
59 2.19039 0.0642768 130.23 61 9.729126 37.318208 14.657607 49.607444
60 2.18489 0.168807 132.341 62 9.756098 37.318208 14.726315 49.781913
61 2.17643 0.0724757 134.45 63 9.713713 37.260035 14.653790 49.549288
62 2.17049 0.0473301 136.56 64 9.659770 37.056428 14.684327 49.549288
63 2.1658 0.0563567 138.677 65 9.582707 36.940081 14.676693 49.607444
64 2.15811 0.0621675 140.806 66 9.478673 36.823735 14.508741 49.142192
65 2.15694 0.184458 142.95 67 9.482526 36.823735 14.554546 49.171271
66 2.14468 0.0551163 145.088 68 9.551882 37.027341 14.436217 48.880489
67 2.14063 0.0352702 147.224 69 9.540323 37.114602 14.451485 48.764176
68 2.13557 0.0439559 149.363 70 9.486379 36.969168 14.420948 48.880489
69 2.13043 0.0848231 151.5 71 9.532617 36.969168 14.436217 48.851410
70 2.12488 0.0447805 153.633 72 9.459407 36.765561 14.394229 49.025880
71 2.12136 0.0374566 155.769 73 9.459407 36.620128 14.371326 48.880489
72 2.11749 0.0493719 157.896 74 9.359226 36.649215 14.378960 48.909567
73 2.11428 0.0410389 160.035 75 9.309136 36.242001 14.359875 48.676941
74 2.11047 0.0375947 162.159 76 9.232073 36.125654 14.466753 48.618785
75 2.10586 0.0847052 164.296 77 9.043271 35.369401 14.371326 48.618785
76 2.10234 0.0529195 166.424 78 9.008592 35.427574 14.447668 48.967723
77 2.10055 0.0261745 168.558 79 8.966208 35.340314 14.436217 48.880489
78 2.09892 0.0246182 170.682 80 8.973914 35.514834 14.413314 48.764176
79 2.09586 0.0572502 172.806 81 9.000886 35.514834 14.443851 48.822332
80 2.09259 0.0475911 174.915 82 8.962355 35.398487 14.482022 49.142192
81 2.08974 0.0282412 177.031 83 8.939236 35.282141 14.474387 49.054958
82 2.08664 0.0257726 179.141 84 8.877586 35.165794 14.443851 48.938645
83 2.08498 0.0447508 181.253 85 8.927677 34.991274 14.340789 48.735097
84 2.08279 0.0263481 183.365 86 8.869880 35.020361 14.344606 48.793254
85 2.07945 0.0266356 185.478 87 8.819790 34.933101 14.398046 48.880489
86 2.07713 0.0434761 187.609 88 8.896852 35.136707 14.390411 48.851410
87 2.07473 0.0289939 189.78 89 8.785112 34.787667 14.291167 48.502472
88 2.07291 0.0258705 191.888 90 8.808230 34.787667 14.310253 48.735097
89 2.07077 0.0427725 193.997 91 8.673371 34.438627 14.317887 48.589706
90 2.06925 0.0354446 196.105 92 8.684930 34.525887 14.378960 48.851410
91 2.06808 0.0251868 198.216 93 8.746580 34.642234 14.394229 48.967723
92 2.0661 0.0216317 200.326 94 8.735021 34.525887 14.375143 48.880489
93 2.06551 0.0489885 202.44 95 8.750433 34.351367 14.356058 48.909567
94 2.06441 0.0255592 204.549 96 8.758140 34.380454 14.386594 48.967723
95 2.06298 0.0182103 206.679 97 8.781258 34.438627 14.336972 48.706019
96 2.06202 0.0217985 208.815 98 8.731168 34.351367 14.329338 48.531550
97 2.06037 0.0333357 210.949 99 8.727315 34.496800 14.325521 48.618785
98 2.05968 0.0588316 213.111 100 8.684930 34.380454 14.268265 48.444315
99 2.05821 0.0167767 215.242 101 8.700343 34.554974 14.264448 48.444315
100 2.05767 0.0159546 217.376 102 8.700343 34.467714 14.287350 48.531550
101 2.05672 0.0207969 219.497 103 8.731168 34.496800 14.298801 48.589706
102 2.05563 0.0403846 221.626 104 8.708049 34.525887 14.272082 48.531550
103 2.05437 0.0207257 223.763 105 8.723462 34.700407 14.241545 48.415237
104 2.05365 0.0137295 225.904 106 8.684930 34.700407 14.222460 48.473393
105 2.05287 0.0167383 228.043 107 8.665665 34.729494 14.245362 48.444315
106 2.05227 0.035529 230.184 108 8.773552 34.758581 14.302619 48.386159
107 2.05146 0.0184062 232.329 109 8.738874 34.671321 14.317887 48.473393
108 2.05053 0.0144711 234.467 110 8.704196 34.642234 14.298801 48.415237
109 2.04992 0.0162532 236.606 111 8.723462 34.671321 14.260631 48.444315
110 2.04935 0.0509727 238.746 112 8.684930 34.525887 14.191923 48.269846
111 2.04791 0.0162375 240.885 113 8.708049 34.758581 14.172838 48.328002
112 2.04741 0.0114907 243.027 114 8.708049 34.700407 14.176655 48.269846
113 2.04685 0.0173626 245.16 115 8.719609 34.787667 14.169021 48.298924
114 2.04652 0.0381953 247.29 116 8.738874 34.729494 14.207191 48.298924
115 2.0459 0.015838 249.425 117 8.700343 34.613147 14.149935 48.211689
116 2.04535 0.0128249 251.56 118 8.692637 34.584061 14.153752 48.240768
117 2.04487 0.0159799 253.697 119 8.723462 34.554974 14.172838 48.298924
118 2.04418 0.0262045 255.838 120 8.723462 34.409540 14.127033 48.240768
119 2.04353 0.018262 257.975 121 8.735021 34.496800 14.115581 48.211689
120 2.04318 0.0100238 260.111 122 8.742727 34.584061 14.153752 48.124455
121 2.04268 0.013376 262.252 123 8.719609 34.525887 14.218643 48.298924
122 2.04226 0.0158114 264.369 124 8.715755 34.525887 14.214826 48.415237
123 2.04174 0.0145469 266.51 125 8.673371 34.322280 14.169021 48.444315
124 2.04127 0.0113078 268.619 126 8.715755 34.525887 14.153752 48.357081
125 2.04071 0.0157782 270.732 127 8.708049 34.235020 14.237728 48.444315
126 2.04036 0.015658 272.865 128 8.677224 34.176847 14.199557 48.386159
127 2.04008 0.0102956 274.984 129 8.688784 34.264107 14.218643 48.502472
128 2.03972 0.0096076 277.106 130 8.627134 34.147760 14.214826 48.531550
129 2.03938 0.0205355 279.241 131 8.665665 34.264107 14.203374 48.531550
130 2.03896 0.011014 281.385 132 8.638693 34.235020 14.237728 48.502472
131 2.03867 0.00874559 283.495 133 8.600162 34.089587 14.283533 48.589706
132 2.03834 0.0119167 285.608 134 8.646399 34.176847 14.279716 48.473393
133 2.03805 0.0111198 287.719 135 8.657959 34.147760 14.302619 48.415237
134 2.03774 0.0108334 289.831 136 8.731168 34.322280 14.298801 48.531550
135 2.03739 0.0129507 291.954 137 8.735021 34.380454 14.249179 48.386159
136 2.03717 0.014351 294.088 138 8.738874 34.409540 14.264448 48.473393
137 2.03697 0.00824988 296.22 139 8.727315 34.409540 14.264448 48.444315
138 2.03667 0.00739526 298.344 140 8.692637 34.380454 14.287350 48.415237
139 2.03646 0.014663 300.464 141 8.646399 34.205934 14.291167 48.444315
140 2.03622 0.00866427 302.594 142 8.669518 34.235020 14.260631 48.415237
141 2.03601 0.00723112 304.73 143 8.650252 34.176847 14.256813 48.386159
142 2.0358 0.0117295 306.861 144 8.642546 34.118674 14.268265 48.502472
143 2.03562 0.00833831 308.993 145 8.630987 34.089587 14.214826 48.473393
144 2.03541 0.00769689 311.123 146 8.611721 34.002327 14.218643 48.502472
145 2.0351 0.0113044 313.252 147 8.600162 33.885980 14.172838 48.473393
146 2.03489 0.0141431 315.366 148 8.650252 33.915067 14.134667 48.386159
147 2.03469 0.00768215 317.477 149 8.634840 33.915067 14.172838 48.415237
148 2.03456 0.00621531 319.603 150 8.646399 33.885980 14.188106 48.502472
149 2.03438 0.0113513 321.742 151 8.650252 33.856894 14.188106 48.502472
150 2.03421 0.010552 323.875 152 8.615574 33.827807 14.184289 48.415237
151 2.03407 0.00652724 325.985 153 8.615574 33.856894 14.176655 48.357081
152 2.03389 0.00632343 328.115 154 8.627134 33.856894 14.176655 48.415237
153 2.0338 0.016456 330.243 155 8.661812 33.915067 14.222460 48.415237
154 2.03366 0.00782564 332.375 156 8.657959 33.944154 14.195740 48.444315
155 2.03349 0.00626912 334.51 157 8.654105 33.944154 14.165203 48.328002
156 2.03337 0.00745277 336.641 158 8.677224 34.002327 14.172838 48.298924
157 2.03319 0.0227129 338.775 159 8.681077 34.118674 14.188106 48.328002
158 2.03294 0.0091548 340.896 160 8.657959 34.147760 14.157569 48.328002
159 2.03282 0.00558456 343.034 161 8.638693 34.089587 14.169021 48.328002
160 2.03269 0.00742751 345.171 162 8.630987 33.944154 14.172838 48.328002
161 2.03257 0.00905897 347.282 163 8.607868 34.002327 14.138484 48.298924
162 2.0324 0.0076221 349.416 164 8.611721 33.915067 14.149935 48.240768
163 2.03222 0.00582321 351.548 165 8.634840 34.060500 14.115581 48.153533
164 2.03211 0.0141139 353.676 166 8.642546 34.118674 14.161386 48.269846
165 2.03196 0.00548579 355.815 167 8.619427 34.031414 14.115581 48.124455
166 2.0319 0.00504426 357.951 168 8.604015 34.002327 14.115581 48.153533
167 2.03175 0.00709698 360.081 169 8.623281 34.060500 14.142301 48.182611
168 2.03169 0.0188896 362.21 170 8.623281 34.060500 14.149935 48.182611
169 2.03153 0.00703148 364.336 171 8.634840 34.031414 14.165203 48.211689
170 2.03144 0.00443204 366.444 172 8.630987 33.944154 14.146118 48.124455
171 2.03135 0.00521584 368.566 173 8.619427 33.973240 14.146118 48.124455
172 2.03124 0.0105386 370.688 174 8.623281 33.973240 14.176655 48.153533
173 2.03112 0.00508375 372.8 175 8.580896 33.885980 14.195740 48.153533
174 2.03104 0.00444244 374.904 176 8.611721 33.973240 14.188106 48.153533
175 2.03093 0.00759786 377.007 177 8.600162 33.973240 14.191923 48.211689
176 2.03084 0.0142268 379.109 178 8.627134 34.002327 14.180472 48.298924
177 2.03072 0.00607914 381.215 179 8.627134 34.060500 14.184289 48.328002
178 2.03061 0.00468119 383.32 180 8.627134 34.060500 14.191923 48.298924
179 2.03055 0.00422352 385.607 181 8.634840 33.973240 14.188106 48.298924
180 2.03048 0.0109011 387.922 182 8.630987 33.915067 14.172838 48.182611
181 2.03037 0.00430504 390.237 183 8.638693 33.973240 14.153752 48.124455
182 2.03029 0.00415633 392.553 184 8.627134 33.944154 14.142301 48.124455
183 2.0302 0.00696291 394.865 185 8.619427 33.973240 14.153752 48.153533
184 2.03015 0.00958573 397.032 186 8.657959 34.060500 14.142301 48.095377
185 2.03008 0.0042008 399.134 187 8.638693 34.002327 14.153752 48.066298
186 2.03002 0.00354343 401.239 188 8.646399 34.089587 14.138484 48.066298
187 2.02997 0.0044712 403.348 189 8.623281 34.089587 14.130850 48.066298
188 2.02993 0.0134178 405.457 190 8.604015 34.060500 14.123216 48.037220
189 2.02984 0.00410997 407.572 191 8.634840 34.118674 14.138484 48.095377
190 2.02979 0.00353938 409.69 192 8.619427 34.089587 14.107947 48.066298
191 2.02974 0.00476848 411.815 193 8.619427 34.089587 14.111764 48.066298
192 2.02969 0.0097102 413.927 194 8.627134 34.118674 14.100313 48.153533
193 2.02961 0.00402633 416.053 195 8.611721 34.002327 14.111764 48.095377
194 2.02957 0.00302463 418.164 196 8.596309 34.002327 14.104130 48.066298
195 2.02952 0.00372134 420.273 197 8.619427 34.089587 14.107947 48.037220
196 2.02946 0.00763157 422.383 198 8.615574 34.089587 14.104130 48.008142
197 2.0294 0.00387874 424.489 199 8.619427 34.031414 14.134667 48.066298
198 2.02937 0.00272856 426.599 200 8.623281 34.118674 14.119398 48.037220
199 2.02931 0.00380863 428.712 201 8.584749 34.031414 14.115581 48.008142
200 2.02929 0.0085679 430.824 202 8.634840 34.060500 14.119398 47.979064
201 2.02924 0.00383712 432.946 203 8.661812 34.060500 14.096496 47.979064
202 2.0292 0.00266711 435.121 204 8.654105 34.089587 14.092679 48.037220
203 2.02917 0.0028946 437.294 205 8.646399 34.060500 14.115581 48.008142
204 2.02913 0.00683534 439.429 206 8.630987 33.944154 14.142301 48.008142
205 2.02908 0.00356363 441.575 207 8.646399 34.031414 14.107947 47.862751
206 2.02905 0.00237294 443.73 208 8.642546 34.031414 14.119398 47.833673
207 2.02902 0.00346007 445.879 209 8.650252 34.060500 14.096496 47.804594
208 2.029 0.00430948 448.043 210 8.650252 34.031414 14.115581 47.891829
209 2.02897 0.00312774 450.209 211 8.654105 34.031414 14.092679 47.920907
210 2.02893 0.00242138 452.421 212 8.654105 34.002327 14.142301 47.920907
211 2.02891 0.00392736 454.607 213 8.669518 34.002327 14.134667 47.920907
212 2.02889 0.00274129 456.817 214 8.654105 34.031414 14.127033 47.862751
213 2.02886 0.00525978 459.024 215 8.657959 34.060500 14.130850 47.920907
214 2.02884 0.00296004 461.214 216 8.650252 34.031414 14.123216 47.920907
215 2.02883 0.002393 463.412 217 8.650252 34.031414 14.119398 47.920907
216 2.0288 0.00268362 465.625 218 8.650252 34.031414 14.104130 47.862751
217 2.02879 0.00661776 467.84 219 8.642546 33.973240 14.115581 47.949985
218 2.02877 0.00264177 470.061 220 8.661812 34.031414 14.119398 47.949985
219 2.02875 0.00165617 472.288 221 8.669518 34.002327 14.138484 47.949985
220 2.02874 0.0020978 474.508 222 8.669518 34.002327 14.138484 47.949985
221 2.02872 0.00278104 476.724 223 8.642546 33.973240 14.130850 47.920907
222 2.02871 0.00683506 478.948 224 8.611721 33.915067 14.157569 47.920907
223 2.02869 0.00186818 481.138 225 8.615574 33.944154 14.127033 47.920907
224 2.02868 0.00187744 483.328 226 8.623281 34.002327 14.119398 47.862751
225 2.02867 0.00269231 485.51 227 8.654105 34.060500 14.134667 47.920907
226 2.02865 0.00488806 487.695 228 8.638693 34.002327 14.142301 47.891829
227 2.02863 0.00223891 489.884 229 8.650252 34.031414 14.146118 47.920907
228 2.02862 0.00135661 492.062 230 8.650252 34.002327 14.149935 47.949985
229 2.02861 0.00167781 494.248 231 8.650252 34.031414 14.142301 47.949985
230 2.0286 0.00310623 496.437 232 8.623281 34.031414 14.146118 47.920907
231 2.02858 0.00210508 498.62 233 8.615574 33.944154 14.149935 47.979064
232 2.02857 0.00150471 500.801 234 8.623281 33.944154 14.138484 47.949985
233 2.02856 0.00186651 503.019 235 8.638693 33.944154 14.157569 48.008142
234 2.02855 0.00268095 505.238 236 8.646399 33.973240 14.169021 48.037220
235 2.02854 0.00165988 507.456 237 8.646399 34.002327 14.149935 48.037220
236 2.02853 0.00153465 509.677 238 8.630987 33.973240 14.169021 48.066298
237 2.02852 0.00281072 511.906 239 8.627134 33.944154 14.146118 48.037220
238 2.02851 0.0018147 514.058 240 8.627134 33.973240 14.149935 48.008142
239 2.02851 0.00123622 516.187 241 8.642546 33.973240 14.149935 48.008142
240 2.0285 0.00125543 518.318 242 8.642546 33.973240 14.157569 48.008142
241 2.02849 0.00215092 520.448 243 8.642546 34.002327 14.134667 47.979064
242 2.02848 0.00161748 522.582 244 8.638693 33.944154 14.142301 48.008142
243 2.02848 0.00297932 524.715 245 8.630987 33.973240 14.130850 47.949985
244 2.02847 0.00122919 526.848 246 8.627134 33.944154 14.138484 48.008142
245 2.02846 0.00115537 528.971 247 8.627134 33.915067 14.146118 48.008142
246 2.02846 0.00154562 531.099 248 8.623281 33.885980 14.149935 47.979064
247 2.02845 0.0028329 533.232 249 8.623281 33.885980 14.146118 48.008142
248 2.02844 0.00134846 535.361 250 8.619427 33.856894 14.146118 48.008142
249 2.02844 0.000906013 537.488 251 8.611721 33.856894 14.149935 48.008142
250 2.02843 0.00129008 539.613 252 8.623281 33.885980 14.142301 47.949985
251 2.02843 0.00215886 541.746 253 8.627134 33.885980 14.127033 47.949985
252 2.02842 0.00106035 543.881 254 8.627134 33.885980 14.142301 48.008142
253 2.02842 0.00100973 546.014 255 8.634840 33.885980 14.149935 48.008142
254 2.02842 0.00125959 548.151 256 8.634840 33.827807 14.149935 48.008142
255 2.02841 0.00348431 550.281 257 8.634840 33.856894 14.142301 47.979064
256 2.02841 0.00106763 552.414 258 8.646399 33.915067 14.157569 48.008142
257 2.0284 0.000765814 554.55 259 8.650252 33.944154 14.153752 48.037220
258 2.0284 0.000932788 556.678 260 8.650252 33.944154 14.153752 48.037220
259 2.0284 0.00219758 558.804 261 8.650252 33.973240 14.146118 48.008142
260 2.02839 0.00102199 560.916 262 8.646399 33.973240 14.153752 47.979064
261 2.02839 0.000780454 563.024 263 8.642546 33.944154 14.153752 47.979064
262 2.02839 0.00090877 565.134 264 8.627134 33.915067 14.153752 47.979064
263 2.02838 0.0017206 567.259 265 8.623281 33.885980 14.142301 48.008142
264 2.02838 0.00133256 569.391 266 8.604015 33.915067 14.161386 48.037220
265 2.02838 0.000693519 571.524 267 8.619427 33.944154 14.142301 48.008142
266 2.02837 0.000772221 573.648 268 8.634840 33.973240 14.146118 48.037220
267 2.02837 0.00137547 575.784 269 8.630987 33.944154 14.146118 48.037220
268 2.02837 0.000834753 577.921 270 8.630987 33.944154 14.153752 48.066298
269 2.02837 0.000804444 580.056 271 8.615574 33.944154 14.138484 48.008142
270 2.02836 0.00214307 582.193 272 8.615574 33.856894 14.134667 47.979064
271 2.02836 0.000627888 584.331 273 8.615574 33.944154 14.138484 47.979064
272 2.02836 0.000528353 586.463 274 8.619427 33.944154 14.142301 48.008142
273 2.02836 0.000804439 588.6 275 8.619427 33.944154 14.134667 48.008142
274 2.02836 0.00100257 590.74 276 8.623281 33.973240 14.134667 48.008142
275 2.02835 0.00135535 595.011 278 8.615574 33.915067 14.134667 48.008142
276 2.02835 0.000595227 597.147 279 8.627134 33.915067 14.127033 47.979064
277 2.02835 0.000572135 599.259 280 8.623281 33.885980 14.134667 48.008142
278 2.02835 0.00118753 601.368 281 8.619427 33.915067 14.123216 48.008142
279 2.02835 0.000595603 603.501 282 8.623281 33.885980 14.127033 48.008142
280 2.02835 0.000575264 605.63 283 8.615574 33.885980 14.127033 48.008142
281 2.02834 0.000785849 607.771 284 8.615574 33.885980 14.134667 48.008142
282 2.02834 0.00180074 609.904 285 8.615574 33.915067 14.123216 47.979064
283 2.02834 0.000772175 612.033 286 8.615574 33.915067 14.123216 47.949985
284 2.02834 0.00047799 614.159 287 8.615574 33.915067 14.123216 47.949985
285 2.02834 0.000719175 616.291 288 8.592456 33.915067 14.115581 47.949985
286 2.02834 0.00122056 618.428 289 8.611721 33.944154 14.115581 47.949985
287 2.02834 0.000508433 620.562 290 8.604015 33.915067 14.111764 47.979064
288 2.02834 0.000425652 622.699 291 8.619427 33.915067 14.111764 47.979064
289 2.02833 0.000508611 624.836 292 8.619427 33.915067 14.111764 47.979064
290 2.02833 0.00135143 626.969 293 8.627134 33.915067 14.119398 47.979064
291 2.02833 0.000514599 629.103 294 8.623281 33.915067 14.119398 47.979064
292 2.02833 0.000398869 631.211 295 8.627134 33.915067 14.119398 47.979064
293 2.02833 0.000518278 633.32 296 8.623281 33.915067 14.119398 47.979064
294 2.02833 0.000661211 635.429 297 8.611721 33.915067 14.111764 47.949985
295 2.02833 0.000752774 639.65 299 8.623281 33.915067 14.119398 47.979064
296 2.02833 0.000395496 641.757 300 8.619427 33.915067 14.115581 47.979064
297 2.02833 0.000423154 643.866 301 8.604015 33.915067 14.115581 47.979064
298 2.02833 0.000523973 645.975 302 8.604015 33.915067 14.115581 47.979064
299 2.02833 0.000985914 648.086 303 8.634840 33.944154 14.123216 47.979064
300 2.02833 0.000424892 650.21 304 8.607868 33.944154 14.115581 47.979064
301 2.02833 0.000412282 652.339 305 8.607868 33.944154 14.115581 47.979064
302 2.02832 0.000503915 654.472 306 8.611721 33.944154 14.111764 47.949985
303 2.02832 0.00101634 656.583 307 8.611721 33.944154 14.111764 47.949985
304 2.02832 0.000795866 658.691 308 8.611721 33.944154 14.123216 47.979064
305 2.02832 0.000333939 660.799 309 8.611721 33.944154 14.123216 47.979064
306 2.02832 0.000328298 662.909 310 8.611721 33.944154 14.123216 47.979064
307 2.02832 0.000444213 665.021 311 8.623281 33.915067 14.119398 47.979064
308 2.02832 0.000923619 667.129 312 8.627134 33.944154 14.115581 47.949985
309 2.02832 0.000373546 669.257 313 8.623281 33.915067 14.115581 47.949985
310 2.02832 0.000332164 671.385 314 8.623281 33.915067 14.119398 47.979064
311 2.02832 0.000358771 673.516 315 8.623281 33.915067 14.119398 47.979064
312 2.02832 0.000778487 675.626 316 8.623281 33.915067 14.119398 47.979064
313 2.02832 0.000331453 677.735 317 8.623281 33.915067 14.119398 47.979064
314 2.02832 0.000258241 679.855 318 8.623281 33.915067 14.119398 47.979064
315 2.02832 0.000361544 681.994 319 8.623281 33.915067 14.119398 47.979064
316 2.02832 0.00115108 684.124 320 8.619427 33.915067 14.127033 47.979064
317 2.02832 0.00043728 686.256 321 8.619427 33.915067 14.127033 47.979064
318 2.02832 0.00029604 688.387 322 8.619427 33.915067 14.127033 47.979064
319 2.02832 0.000383715 690.521 323 8.619427 33.915067 14.130850 48.008142
320 2.02832 0.000464875 692.654 324 8.619427 33.915067 14.127033 47.979064
321 2.02832 0.000553268 696.92 326 8.623281 33.915067 14.127033 47.979064
322 2.02832 0.000252481 699.053 327 8.623281 33.915067 14.127033 47.979064
323 2.02832 0.000256724 701.182 328 8.623281 33.915067 14.134667 48.008142
324 2.02831 0.000299261 703.315 329 8.623281 33.915067 14.130850 47.979064
325 2.02831 0.000794802 707.585 331 8.611721 33.944154 14.130850 47.979064
326 2.02831 0.000467461 709.724 332 8.611721 33.944154 14.130850 47.979064
327 2.02831 0.000244925 711.835 333 8.611721 33.944154 14.127033 47.949985
328 2.02831 0.000353967 713.946 334 8.611721 33.944154 14.127033 47.949985
329 2.02831 0.000343166 716.079 335 8.611721 33.944154 14.127033 47.949985
330 2.02831 0.000393674 718.211 336 8.611721 33.944154 14.127033 47.949985
331 2.02831 0.000581867 720.347 337 8.630987 33.944154 14.130850 47.979064
332 2.02831 0.000241385 722.474 338 8.627134 33.944154 14.130850 47.979064
333 2.02831 0.000191646 724.584 339 8.627134 33.944154 14.130850 47.979064
334 2.02831 0.000244769 726.702 340 8.627134 33.944154 14.130850 47.979064
335 2.02831 0.000910594 728.822 341 8.619427 33.885980 14.130850 47.979064
336 2.02831 0.000322726 730.949 342 8.623281 33.915067 14.130850 47.979064
337 2.02831 0.000188241 733.081 343 8.623281 33.915067 14.130850 47.979064
338 2.02831 0.0002282 735.205 344 8.623281 33.915067 14.130850 47.979064
339 2.02831 0.000364997 737.338 345 8.623281 33.915067 14.130850 47.979064
340 2.02831 0.000237716 739.467 346 8.623281 33.915067 14.130850 47.979064
341 2.02831 0.000177574 741.593 347 8.623281 33.915067 14.130850 47.979064
342 2.02831 0.000309507 743.729 348 8.619427 33.885980 14.130850 47.979064
343 2.02831 0.000434947 745.895 349 8.627134 33.915067 14.130850 47.979064
344 2.02831 0.000237179 748.019 350 8.623281 33.915067 14.130850 47.979064
345 2.02831 0.000165975 750.15 351 8.619427 33.885980 14.130850 47.979064
346 2.02831 0.000180726 752.278 352 8.619427 33.885980 14.130850 47.979064
347 2.02831 0.000467769 756.54 354 8.627134 33.915067 14.134667 47.979064
348 2.02831 0.0002172 758.676 355 8.627134 33.915067 14.134667 47.979064
349 2.02831 0.000144745 760.805 356 8.627134 33.915067 14.134667 47.979064
350 2.02831 0.000285858 762.94 357 8.623281 33.885980 14.130850 48.008142
351 2.02831 0.000195936 765.075 358 8.623281 33.915067 14.149935 48.037220
352 2.02831 0.000158466 767.211 359 8.623281 33.915067 14.146118 48.037220
353 2.02831 0.0003075 769.338 360 8.619427 33.885980 14.134667 48.008142
354 2.02831 0.000225819 771.451 361 8.619427 33.885980 14.134667 48.008142
355 2.02831 0.000163764 773.574 362 8.619427 33.885980 14.138484 48.008142
356 2.02831 0.000157715 775.717 363 8.619427 33.885980 14.134667 47.979064
357 2.02831 0.000315171 777.855 364 8.619427 33.885980 14.134667 47.979064
358 2.02831 0.000204712 779.994 365 8.619427 33.885980 14.142301 48.008142
359 2.02831 0.000144578 782.145 366 8.619427 33.885980 14.142301 48.008142
360 2.02831 0.000179446 784.255 367 8.619427 33.885980 14.142301 48.008142
361 2.02831 0.000169736 786.363 368 8.615574 33.885980 14.142301 48.008142
362 2.02831 0.000613494 788.472 369 8.627134 33.944154 14.134667 47.979064
363 2.02831 0.000183095 790.591 370 8.619427 33.885980 14.134667 47.979064
364 2.02831 0.000116262 792.727 371 8.619427 33.885980 14.134667 47.979064
365 2.02831 0.000177442 794.865 372 8.619427 33.885980 14.134667 47.979064
366 2.02831 0.000226998 796.997 373 8.619427 33.885980 14.146118 48.008142
367 2.02831 0.000245662 801.225 375 8.619427 33.885980 14.146118 48.008142
368 2.02831 0.000115555 803.335 376 8.619427 33.885980 14.146118 48.008142
369 2.02831 0.000125065 805.444 377 8.619427 33.885980 14.146118 48.008142
370 2.02831 0.000247888 807.57 378 8.619427 33.885980 14.146118 48.008142
371 2.02831 0.000176747 809.696 379 8.619427 33.885980 14.146118 48.008142
372 2.02831 0.00012748 811.808 380 8.619427 33.885980 14.146118 48.008142
373 2.02831 0.00027359 813.918 381 8.619427 33.885980 14.146118 48.008142
374 2.02831 0.000126348 816.026 382 8.619427 33.885980 14.146118 48.008142
375 2.02831 0.000118153 818.137 383 8.619427 33.885980 14.146118 48.008142
376 2.02831 0.000163573 820.247 384 8.619427 33.885980 14.146118 48.008142
377 2.02831 0.000218645 824.503 386 8.619427 33.885980 14.146118 48.008142
378 2.02831 0.000155548 826.614 387 8.619427 33.885980 14.146118 48.008142
379 2.02831 0.000110766 828.722 388 8.619427 33.885980 14.134667 47.979064
380 2.02831 0.000213119 830.833 389 8.619427 33.885980 14.134667 47.979064
381 2.02831 0.000118601 832.942 390 8.619427 33.885980 14.134667 47.979064
382 2.02831 0.00011484 835.052 391 8.619427 33.885980 14.142301 48.008142
383 2.02831 0.000182144 837.16 392 8.623281 33.915067 14.142301 48.008142
384 2.02831 0.000225778 839.268 393 8.619427 33.885980 14.142301 48.008142
385 2.02831 0.000103668 841.376 394 8.623281 33.915067 14.142301 48.008142
386 2.02831 0.00011996 843.483 395 8.623281 33.915067 14.142301 48.008142
387 2.02831 0.000142943 845.591 396 8.623281 33.915067 14.142301 48.008142
388 2.02831 0.000383591 847.699 397 8.627134 33.944154 14.142301 48.008142
389 2.02831 0.000101056 849.808 398 8.623281 33.915067 14.142301 48.008142
390 2.02831 7.96569e-05 851.916 399 8.623281 33.915067 14.142301 48.008142
391 2.02831 0.000109227 854.024 400 8.623281 33.915067 14.142301 48.008142
392 2.02831 0.000242848 856.148 401 8.623281 33.915067 14.142301 48.008142
393 2.02831 0.000131743 858.275 402 8.623281 33.915067 14.142301 48.008142
394 2.02831 8.65923e-05 860.409 403 8.623281 33.915067 14.142301 48.008142
395 2.02831 0.0001157 862.519 404 8.619427 33.885980 14.142301 48.008142
396 2.02831 0.000130701 864.643 405 8.619427 33.885980 14.142301 48.008142
397 2.02831 9.18611e-05 866.771 406 8.619427 33.885980 14.142301 48.008142
398 2.02831 0.000115377 868.907 407 8.619427 33.885980 14.134667 47.979064
399 2.02831 0.000191676 871.043 408 8.619427 33.885980 14.134667 47.979064
400 2.0283 0.000120263 873.181 409 8.619427 33.885980 14.142301 48.008142
401 2.0283 0.000165511 875.319 410 8.619427 33.885980 14.142301 48.008142
402 2.0283 0.000145423 877.451 411 8.619427 33.885980 14.142301 48.008142
403 2.0283 8.7195e-05 879.588 412 8.619427 33.885980 14.142301 48.008142
404 2.0283 8.13904e-05 881.722 413 8.619427 33.885980 14.142301 48.008142
405 2.0283 0.000120281 883.859 414 8.619427 33.885980 14.142301 48.008142
406 2.0283 0.000141564 885.987 415 8.619427 33.885980 14.142301 48.008142
407 2.0283 0.000139477 888.126 416 8.619427 33.885980 14.142301 48.008142
408 2.0283 8.73114e-05 890.261 417 8.619427 33.885980 14.142301 48.008142
409 2.0283 7.70236e-05 892.396 418 8.619427 33.885980 14.142301 48.008142
410 2.0283 0.00011076 894.518 419 8.619427 33.885980 14.142301 48.008142
411 2.0283 0.0001074 896.629 420 8.619427 33.885980 14.142301 48.008142
412 2.0283 0.000106341 898.738 421 8.619427 33.885980 14.142301 48.008142
413 2.0283 9.56412e-05 900.851 422 8.623281 33.885980 14.142301 48.008142
414 2.0283 0.000111788 902.981 423 8.623281 33.885980 14.142301 48.008142
415 2.0283 8.62765e-05 905.116 424 8.623281 33.885980 14.142301 48.008142
416 2.0283 0.00010052 907.249 425 8.623281 33.885980 14.142301 48.008142
417 2.0283 0.000118338 909.38 426 8.623281 33.885980 14.142301 48.008142
418 2.0283 8.06397e-05 911.508 427 8.623281 33.885980 14.142301 48.008142
419 2.0283 6.44418e-05 913.635 428 8.623281 33.885980 14.142301 48.008142
420 2.0283 9.00034e-05 915.768 429 8.623281 33.885980 14.142301 48.008142
421 2.0283 0.000102348 917.904 430 8.623281 33.885980 14.142301 48.008142
422 2.0283 7.59826e-05 920.024 431 8.623281 33.885980 14.142301 48.008142
423 2.0283 7.53081e-05 922.171 432 8.623281 33.885980 14.142301 48.008142
424 2.0283 8.97503e-05 924.324 433 8.623281 33.885980 14.142301 48.008142
425 2.0283 0.000168476 926.451 434 8.623281 33.885980 14.142301 48.008142
426 2.0283 9.27562e-05 928.579 435 8.623281 33.885980 14.142301 48.008142
427 2.0283 7.23828e-05 930.71 436 8.623281 33.885980 14.142301 48.008142
428 2.0283 0.000110267 932.839 437 8.623281 33.885980 14.142301 48.008142
429 2.0283 6.03121e-05 934.975 438 8.623281 33.885980 14.142301 48.008142
430 2.0283 8.9507e-05 937.098 439 8.623281 33.885980 14.142301 48.008142
431 2.0283 7.92374e-05 939.234 440 8.623281 33.885980 14.142301 48.008142
432 2.0283 8.9369e-05 941.373 441 8.623281 33.885980 14.142301 48.008142
433 2.0283 0.000231816 943.503 442 8.623281 33.885980 14.142301 48.008142
434 2.0283 7.96017e-05 945.615 443 8.623281 33.885980 14.142301 48.008142
435 2.0283 6.44733e-05 947.731 444 8.623281 33.885980 14.142301 48.008142
436 2.0283 9.32382e-05 949.845 445 8.623281 33.885980 14.142301 48.008142
437 2.0283 0.00018406 951.955 446 8.623281 33.885980 14.142301 48.008142
438 2.0283 7.96171e-05 954.08 447 8.623281 33.885980 14.142301 48.008142
439 2.0283 6.87427e-05 956.202 448 8.623281 33.885980 14.142301 48.008142
440 2.0283 8.25746e-05 958.321 449 8.623281 33.885980 14.142301 48.008142
441 2.0283 0.000158564 960.458 450 8.623281 33.885980 14.142301 48.008142
442 2.0283 9.03574e-05 962.594 451 8.623281 33.885980 14.142301 48.008142
443 2.0283 6.76965e-05 964.726 452 8.623281 33.885980 14.142301 48.008142
444 2.0283 8.15385e-05 966.855 453 8.623281 33.885980 14.142301 48.008142
445 2.0283 0.000173756 968.987 454 8.623281 33.885980 14.142301 48.008142
446 2.0283 0.000107414 971.115 455 8.623281 33.885980 14.142301 48.008142
447 2.0283 8.15281e-05 973.246 456 8.623281 33.885980 14.142301 48.008142
448 2.0283 8.35379e-05 975.376 457 8.623281 33.885980 14.142301 48.008142
449 2.0283 0.00016417 979.59 459 8.623281 33.885980 14.142301 48.008142
450 2.0283 7.07618e-05 981.718 460 8.623281 33.885980 14.142301 48.008142
451 2.0283 7.00945e-05 983.849 461 8.623281 33.885980 14.142301 48.008142
452 2.0283 0.000142217 985.981 462 8.623281 33.885980 14.142301 48.008142
453 2.0283 0.000150214 990.241 464 8.623281 33.885980 14.142301 48.008142
454 2.0283 0.000100911 992.359 465 8.623281 33.885980 14.142301 48.008142
455 2.0283 7.5035e-05 994.48 466 8.623281 33.885980 14.142301 48.008142
456 2.0283 0.000113888 996.591 467 8.623281 33.885980 14.142301 48.008142
457 2.0283 7.75423e-05 998.719 468 8.623281 33.885980 14.142301 48.008142
458 2.0283 7.67756e-05 1000.85 469 8.623281 33.885980 14.142301 48.008142
459 2.0283 0.000132607 1002.99 470 8.623281 33.885980 14.142301 48.008142
460 2.0283 0.000103732 1005.13 471 8.619427 33.885980 14.142301 48.008142
461 2.0283 0.000143414 1007.26 472 8.619427 33.885980 14.142301 48.008142
462 2.0283 7.83053e-05 1009.4 473 8.619427 33.885980 14.142301 48.008142
463 2.0283 7.27276e-05 1011.53 474 8.619427 33.885980 14.142301 48.008142
464 2.0283 9.67993e-05 1013.66 475 8.623281 33.885980 14.142301 48.008142
465 2.0283 0.000209799 1015.8 476 8.623281 33.885980 14.142301 48.008142
466 2.0283 9.63651e-05 1017.92 477 8.623281 33.885980 14.142301 48.008142
467 2.0283 6.83202e-05 1020.03 478 8.623281 33.885980 14.142301 48.008142
468 2.0283 7.43181e-05 1022.15 479 8.619427 33.885980 14.142301 48.008142
469 2.0283 0.000271098 1024.28 480 8.619427 33.885980 14.142301 48.008142
470 2.0283 7.16591e-05 1026.42 481 8.619427 33.885980 14.142301 48.008142
471 2.0283 6.01638e-05 1028.56 482 8.619427 33.885980 14.142301 48.008142
472 2.0283 9.59526e-05 1030.69 483 8.619427 33.885980 14.142301 48.008142
473 2.0283 0.000134037 1032.82 484 8.619427 33.885980 14.142301 48.008142
474 2.0283 0.000179273 1037.04 486 8.619427 33.885980 14.142301 48.008142
475 2.0283 7.13894e-05 1039.15 487 8.619427 33.885980 14.142301 48.008142
476 2.0283 6.45453e-05 1041.28 488 8.619427 33.885980 14.142301 48.008142
477 2.0283 9.50466e-05 1043.42 489 8.619427 33.885980 14.142301 48.008142
478 2.0283 0.000142023 1045.55 490 8.619427 33.885980 14.142301 48.008142
479 2.0283 9.21343e-05 1047.69 491 8.619427 33.885980 14.142301 48.008142
480 2.0283 6.24273e-05 1049.82 492 8.619427 33.885980 14.142301 48.008142
481 2.0283 7.98255e-05 1051.96 493 8.619427 33.885980 14.142301 48.008142
482 2.0283 0.000159531 1054.09 494 8.619427 33.885980 14.142301 48.008142
483 2.0283 6.21415e-05 1056.23 495 8.619427 33.885980 14.142301 48.008142
484 2.0283 6.27617e-05 1058.34 496 8.619427 33.885980 14.142301 48.008142
485 2.0283 7.6739e-05 1060.45 497 8.619427 33.885980 14.142301 48.008142
486 2.0283 0.000186155 1062.56 498 8.619427 33.885980 14.142301 48.008142
487 2.0283 7.09845e-05 1064.67 499 8.619427 33.885980 14.142301 48.008142
488 2.0283 5.04866e-05 1066.79 500 8.619427 33.885980 14.142301 48.008142
489 2.0283 8.00346e-05 1068.9 501 8.619427 33.885980 14.142301 48.008142
490 2.0283 0.000155469 1071.02 502 8.619427 33.885980 14.142301 48.008142
491 2.0283 6.23274e-05 1073.13 503 8.619427 33.885980 14.142301 48.008142
492 2.0283 6.59389e-05 1075.24 504 8.619427 33.885980 14.142301 48.008142
493 2.0283 7.08419e-05 1077.37 505 8.619427 33.885980 14.142301 48.008142
494 2.0283 0.00012068 1079.51 506 8.619427 33.885980 14.142301 48.008142
495 2.0283 5.98829e-05 1081.64 507 8.619427 33.885980 14.142301 48.008142
496 2.0283 5.14566e-05 1083.77 508 8.619427 33.885980 14.142301 48.008142
497 2.0283 8.08777e-05 1085.9 509 8.619427 33.885980 14.142301 48.008142
498 2.0283 9.38861e-05 1088.04 510 8.619427 33.885980 14.142301 48.008142
499 2.0283 5.5381e-05 1090.18 511 8.619427 33.885980 14.142301 48.008142
500 2.0283 5.53308e-05 1092.32 512 8.619427 33.885980 14.142301 48.008142
501 2.0283 7.48569e-05 1094.45 513 8.619427 33.885980 14.142301 48.008142
502 2.0283 5.98325e-05 1096.59 514 8.619427 33.885980 14.142301 48.008142
503 2.0283 6.66272e-05 1098.73 515 8.619427 33.885980 14.142301 48.008142
504 2.0283 5.00778e-05 1100.87 516 8.619427 33.885980 14.142301 48.008142
505 2.0283 5.27257e-05 1103. 517 8.619427 33.885980 14.142301 48.008142
506 2.0283 0.000111049 1105.14 518 8.619427 33.885980 14.142301 48.008142
507 2.0283 5.03991e-05 1107.25 519 8.619427 33.885980 14.142301 48.008142
508 2.0283 4.38154e-05 1109.37 520 8.619427 33.885980 14.142301 48.008142
Optimization converged with status CONVERGED_GTTOL.
Total CPU time: 1109.63 seconds 
Total wallclock time: 1109.37 seconds 
Objective/gradient CPU time: 1108.62 seconds 
Objective/gradient wallclock time: 1108.37 seconds 
