14.5758939504
11.869871043
10.50137948
9.64823639258
9.08451988423
8.6514222813
8.31767619562
8.05810922251
7.84917171019
7.67645220983
7.52987681875
7.40529612362
7.30211020027
7.21050739444
7.13133028506
7.06256742594
7.0000685297
6.94402035521
6.89758912259
6.85506009254
6.81784532432
6.78230756557
6.75004716525
6.71985473536
6.69398749014
6.6705313706
6.65073746972
6.63173497841
6.61517686989
6.59733037952
6.5837036436
6.56795528821
6.55738330981
6.54476594987
6.5351005082
6.52447411793
6.51722616805
6.50751081955
6.50216664613
6.49402544482
6.4892323093
6.48234560783
6.47614676219
6.47181295584
6.46706323838
6.46115395482
6.45772569952
6.45628732092
6.4500643917
6.44720642397
6.44274597912
6.44363045627
6.43964687942
6.43507761858
6.43201414553
6.42996362756
6.42935456167
6.42797491182
6.42524157983
6.42298378321
6.42138894198
6.42162027698
6.41985579737
6.41934270409
6.41541254846
6.41392785405
6.41277471551
6.41283116518
6.410895118
6.41030060807
6.40949908302
6.40961750241
6.40940050985
6.40760608304
6.40721705177
6.40728968202
6.40544401622
6.40672403747
6.40440105314
6.40623241035
6.40351587379
6.40345629841
6.40236097155
6.40177877839
6.40347217913
6.40095719763
6.40068096149
6.40059009285
6.40084445628
6.40043952409
6.4010695236
6.40002376341
6.40166023744
6.39854822901
6.39830628604
6.39842916893
6.4052009004
6.40014305071
6.3989374101
6.39827732313
