6.73952339517
5.29056048892
4.64491647384
4.29177085726
3.98166682572
3.76774949065
3.59610206164
3.47973991585
3.3662683994
3.2682241176
3.20745150141
3.13083832009
3.07297676773
3.03542784819
2.97297983492
2.9230459067
2.89590489159
2.87084261249
2.82872426535
2.79992979606
2.76823163075
2.75164149372
2.72610595711
2.70037612392
2.67963245883
2.66477232331
2.63810265864
2.63101252743
2.61099880473
2.58967411513
2.58337864677
2.57191526518
2.55858456994
2.54431874871
2.54695433177
2.53796926883
2.52947231163
2.51263355996
2.50047498003
2.48315140321
2.47394626028
2.47917885205
2.46103524616
2.47992769134
2.44486942536
2.45453660346
2.43354864145
2.4269971026
2.41518184677
2.41235517842
2.41180235575
2.39737492638
2.40202736834
2.40890094306
2.39584683053
2.3887029926
2.38690624423
2.37253699708
2.36988906412
2.36753958239
2.35950531694
2.35138523247
2.36585986348
2.35678855485
2.34914589852
2.33621033965
2.33275695482
2.33637324047
2.32350784073
2.32637211074
2.33236334707
2.34553326858
2.32227045785
2.31275630172
2.30539403781
2.30535670524
2.31022743221
2.30534196052
2.30003819094
2.29994654026
2.3060321276
2.30149321034
2.30025263021
2.29703610435
2.28464838107
2.29385028659
2.29773380904
2.30169360624
2.28368531205
2.27842906362
2.28157889793
2.27985087448
2.26220929977
2.27756670261
2.26259359988
2.2739206277
2.2661220694
2.2598365555
2.27677855641
2.26971293343
