0.76126781041
0.668217505089
0.63594068043
0.612968886304
0.590578656586
0.576330328584
0.565862169235
0.555684792091
0.556266356499
0.553358534458
0.54434428613
0.537656295435
0.541727246293
0.530095958127
0.526897353882
0.520500145391
0.516138412329
0.523407967432
0.518173887758
0.515266065717
0.51759232335
0.506542599593
0.509741203838
0.508868857226
0.507414946205
0.508868857226
0.507124164001
0.500436173306
0.499563826694
0.501890084327
0.504797906368
0.501017737714
0.502180866531
0.495202093632
0.505088688572
0.503053213143
0.498982262286
0.502471648735
0.504797906368
0.498400697877
0.498691480081
0.497237569061
0.494620529224
0.498982262286
0.49927304449
0.497528351265
0.49927304449
0.491421924978
0.505088688572
0.497819133469
0.496656004653
0.499854608898
0.495492875836
0.492294271591
0.499563826694
0.49927304449
0.497819133469
0.494911311428
0.489968013958
0.491421924978
0.489677231753
0.492294271591
0.497819133469
0.494911311428
0.493457400407
0.493748182611
0.496946786857
0.493748182611
0.493166618203
0.500436173306
0.49578365804
0.506833381797
0.493748182611
0.488804885141
0.485606280896
0.494620529224
0.496365222448
0.496074440244
0.489968013958
0.495492875836
0.500145391102
0.496656004653
0.486478627508
0.491131142774
0.495492875836
0.492585053795
0.496656004653
0.488223320733
0.49578365804
0.489968013958
0.492585053795
0.493748182611
0.492585053795
0.489386449549
0.485024716487
0.482989241058
0.492585053795
0.491712707182
0.498400697877
0.489968013958
