0.6074440244257051
0.5623727827856935
0.5545216632742076
0.539400988659494
0.5181738877580693
0.5222448386158767
0.5236987496365222
0.533876126781041
0.512067461471358
0.5079965106135504
0.5207909275952312
0.5056702529805176
0.5036347775516139
0.5111951148589706
0.5114858970630998
0.5036347775516139
0.5219540564117475
0.5141029369002617
0.49345740040709507
0.5074149462052923
0.4984006978772899
0.49810991567316076
0.4856062808956092
0.4949113114277406
0.4995638266938064
0.4882233207327712
0.49665600465251525
0.5004361733061937
0.5082872928176796
0.48531549869148005
0.4844431520790927
0.4856062808956092
0.4896772317534167
0.4870601919162547
0.4978191334690317
0.48647862750799653
0.48647862750799653
0.4896772317534167
0.4876417563245129
0.4882233207327712
0.4928758359988369
0.4908403605699331
0.4896772317534167
0.4998546088979354
0.4783367257923815
0.48531549869148005
0.4844431520790927
0.4861878453038674
0.4890956673451585
0.48793253852864205
0.48473393428322187
0.4896772317534167
0.482407676650189
0.48386158767083454
0.4829892410584472
0.4844431520790927
0.4829892410584472
0.48269845885431817
0.4835708054667054
0.48647862750799653
0.48531549869148005
0.48386158767083454
0.4809537656295435
0.485024716487351
0.4841523698749637
0.4841523698749637
0.48531549869148005
0.482407676650189
0.48182611224193084
0.4841523698749637
0.4829892410584472
0.482407676650189
0.48386158767083454
0.4841523698749637
0.48386158767083454
0.48386158767083454
0.4829892410584472
0.48328002326257635
0.48473393428322187
0.4835708054667054
0.48269845885431817
0.48473393428322187
0.4829892410584472
0.48386158767083454
0.48328002326257635
0.48328002326257635
0.4829892410584472
0.48269845885431817
0.4835708054667054
0.48328002326257635
0.48328002326257635
0.482407676650189
0.4821168944460599
0.4829892410584472
0.4841523698749637
0.48328002326257635
0.48328002326257635
0.48269845885431817
0.48269845885431817
0.4809537656295435
