5.37863289967
4.27850945751
3.77578235638
3.47888841718
3.25779098715
3.13861679708
2.98576894834
2.91127696324
2.81120357696
2.80563081072
2.70204196251
2.65138916765
2.59840808005
2.54980653379
2.54080789367
2.48275770672
2.4526149708
2.44214061546
2.43024265767
2.39964092858
2.38290256411
2.35525660733
2.32367579643
2.32598826772
2.30085135185
2.28196867928
2.26742418173
2.29162626731
2.25810940322
2.23140934634
2.21644671958
2.21537864012
2.19983003479
2.20352251075
2.20342519622
2.18138855964
2.17272637199
2.22670654979
2.14660198367
2.1205174121
2.12345188103
2.13390683605
2.13204752759
2.10379640678
2.1136400797
2.11425956473
2.08822389367
2.08516333749
2.08463204502
2.06532534136
2.0689223891
2.06478593252
2.05375629557
2.06223850223
2.05783416217
2.06153922027
2.05888104311
2.03211390526
2.04770977051
2.04559673747
2.02835975459
2.03575536901
2.01848796767
1.99831851837
1.99729334724
2.01177695632
2.0046605073
1.99090609091
1.9943829157
1.98702136769
2.00930902407
1.98893034503
1.97165478888
1.97869733427
1.98557037046
2.00658704055
1.9863146588
1.97044298658
1.97230458086
1.96288343281
1.95381159606
1.96235206996
1.95661148198
1.95685301881
1.94219377291
1.95157753265
1.96544523534
1.95055942021
1.95015095228
1.93617994372
1.93635516037
1.91654909422
1.94032203138
1.94450499047
1.9415389806
1.9258649433
1.92380620864
1.93209824474
1.94170095289
1.92316006963
