3 machines found
login-1.extreme.acer.uic.edu
login-1.extreme.acer.uic.edu
login-1.extreme.acer.uic.edu
CRF loss
Parsing training data: ./train_petsc.txt
Parsing test data: ./test_petsc.txt
Data loading completed
====================  Summary of settings =================
Training data: ./train_petsc.txt
Test data: ./test_petsc.txt
loss: CRF, lambda: 1.000000e-03, Processors: 3
dim: 129, classes: 26
Train: #word=3438, #letter=25953
Test: #word=3439, #letter=26198
===========================================================
iter fn.val gap time feval.num train_lett_err train_word_err test_lett_err test_word_err 
0 24.5949 4.55704 0.480855 1 92.309174 100.000000 92.220780 100.000000
1 20.2619 5.09505 1.91933 3 71.379031 100.000000 71.421483 100.000000
2 17.428 3.65693 2.64741 4 66.666667 99.825480 66.382930 99.883687
3 15.3061 2.66886 3.37782 5 53.446615 97.643979 53.500267 97.702821
4 13.2133 2.13058 4.0924 6 45.382037 96.160558 45.644706 95.347485
5 10.8931 2.51846 4.8255 7 39.671714 91.826643 40.426750 92.294272
6 9.33426 1.1719 5.5542 8 33.803414 87.085515 34.647683 87.699913
7 8.75664 0.875296 6.28745 9 31.553192 84.293194 32.326895 85.199186
8 7.89758 0.851361 7.01093 10 28.551613 80.337405 29.361020 81.913347
9 7.2986 1.54779 7.7407 11 27.129812 77.370564 28.128101 78.045944
10 6.79134 0.731165 8.45953 12 24.552075 72.949389 25.608825 74.469322
11 6.53794 0.545722 9.18341 13 23.723654 72.251309 24.677456 73.102646
12 6.07115 0.620008 9.90699 14 22.240203 69.488074 23.471257 72.055830
13 5.61836 0.849851 10.6594 15 21.107386 67.452007 22.436827 70.514685
14 5.27488 0.719247 11.3922 16 20.359881 65.968586 21.932972 69.845885
15 5.04474 0.389262 12.1122 17 19.273302 63.525305 20.829834 67.257924
16 4.83148 0.359632 12.8345 18 18.525797 61.256545 20.184747 65.077057
17 4.6575 0.385868 13.557 19 17.832235 59.104130 19.661806 63.652224
18 4.47584 0.760203 14.2919 20 17.477748 58.406050 19.932819 63.274208
19 4.26377 0.300092 15.0162 21 16.414287 55.293775 18.890755 60.802559
20 4.16419 0.247007 15.7533 22 16.086772 54.363002 18.512864 60.569933
21 4.05241 0.33019 16.4884 23 15.782376 53.519488 18.276204 60.220994
22 3.95452 0.455107 17.2259 24 15.582014 53.315881 17.936484 59.523117
23 3.86645 0.224155 17.9621 25 15.096521 52.094241 17.466982 58.679849
24 3.78778 0.217017 18.695 26 14.664971 50.785340 17.321933 58.272754
25 3.71419 0.242566 19.4291 27 14.349016 50.203607 17.092908 57.458564
26 3.66065 0.389388 20.8908 29 14.214156 49.185573 16.905871 56.702530
27 3.58616 0.194933 21.6419 30 13.543714 47.876672 16.653943 55.423088
28 3.53401 0.154894 22.3806 31 13.231611 46.858639 16.352393 54.492585
29 3.47067 0.228853 23.1106 32 12.923361 46.189645 16.169173 53.707473
30 3.44716 0.370191 23.8501 33 13.008130 45.986038 15.974502 53.503926
31 3.40878 0.145562 24.5724 34 12.684468 45.258871 15.848538 53.213143
32 3.38511 0.116755 25.2959 35 12.468693 44.938918 15.818001 53.038674
33 3.35913 0.16233 26.0227 36 12.395484 44.648051 15.638598 52.631579
34 3.31584 0.18132 26.7475 37 12.164297 44.124491 15.543171 52.631579
35 3.30126 0.256276 28.2251 39 11.936963 43.746364 15.253073 51.933702
36 3.27408 0.11335 28.9644 40 11.748160 42.786504 15.275975 52.166327
37 3.25807 0.0885646 29.7072 41 11.728895 42.553810 15.310329 51.904623
38 3.23649 0.110108 30.4305 42 11.594035 42.175684 15.226353 51.439372
39 3.22175 0.199081 31.166 43 11.651832 42.292030 15.150011 50.945042
40 3.20464 0.0891981 31.8882 44 11.590182 41.942990 15.161463 51.148590
41 3.19613 0.0688557 32.6161 45 11.463029 41.768470 15.020231 50.799651
42 3.18674 0.089414 33.3566 46 11.466882 41.768470 14.886633 50.770573
43 3.17352 0.137343 34.0843 47 11.385967 41.593950 14.852279 50.130852
44 3.16179 0.117841 34.8257 48 11.308905 41.797557 14.722498 50.159930
45 3.1548 0.0604981 35.5656 49 11.212577 41.535777 14.833193 50.072696
46 3.14966 0.0655605 36.2987 50 11.143220 41.303083 14.795023 49.985461
47 3.14329 0.0716137 37.0261 51 11.023774 41.128563 14.859913 49.985461
48 3.13667 0.102413 37.7523 52 10.946711 40.808610 14.821742 50.130852
49 3.131 0.047929 38.4845 53 10.842677 40.430483 14.760669 50.072696
50 3.12707 0.0481629 39.2209 54 10.834971 40.517743 14.711047 50.014539
51 3.12231 0.0572278 39.9504 55 10.800293 40.721350 14.707230 50.043617
52 3.1192 0.0867958 41.4357 57 10.858090 40.401396 14.722498 50.043617
53 3.11549 0.0403372 42.1644 58 10.815705 40.285049 14.737766 50.043617
54 3.11299 0.035286 42.9003 59 10.777174 40.139616 14.661425 49.898226
55 3.10976 0.0471361 43.6237 60 10.707818 40.052356 14.581266 49.665600
56 3.107 0.0590122 44.3647 61 10.742496 40.052356 14.512558 49.549288
57 3.10454 0.0329019 45.1056 62 10.738643 40.023269 14.516375 49.665600
58 3.10209 0.0313076 45.8545 63 10.754055 39.936009 14.543095 49.578366
59 3.10061 0.0430962 46.5822 64 10.804146 40.168703 14.497290 49.665600
60 3.09874 0.0316436 47.3221 65 10.727084 40.023269 14.539278 49.723757
61 3.09653 0.049081 48.0491 66 10.719377 39.848749 14.462936 49.403896
62 3.09501 0.0390311 48.7879 67 10.634609 39.732403 14.554546 49.462053
63 3.094 0.0259324 49.512 68 10.638462 39.674229 14.524009 49.432975
64 3.09208 0.0264539 50.2387 69 10.623049 39.819663 14.489656 49.258505
65 3.09135 0.0595548 50.9785 70 10.607637 39.703316 14.455302 49.287584
66 3.09031 0.0279054 51.7183 71 10.542134 39.645143 14.462936 49.287584
67 3.08931 0.0215529 52.462 72 10.615343 39.877836 14.432399 49.316662
68 3.08862 0.0232042 53.187 73 10.607637 39.674229 14.440034 49.345740
69 3.08718 0.0431393 53.9146 74 10.557546 39.528796 14.329338 49.229427
70 3.08647 0.0441382 54.6408 75 10.596078 39.616056 14.302619 48.996801
71 3.08558 0.0164585 55.3743 76 10.538281 39.412449 14.283533 49.084036
72 3.08504 0.0174003 56.1126 77 10.545987 39.412449 14.294984 49.113114
73 3.08425 0.022817 56.8545 78 10.507456 39.383362 14.291167 49.084036
74 3.08382 0.0545648 57.5779 79 10.565253 39.557882 14.314070 49.200349
75 3.08282 0.0188251 58.303 80 10.503603 39.267016 14.317887 49.025880
76 3.08246 0.013712 59.0322 81 10.492043 39.267016 14.340789 48.996801
77 3.08203 0.0177708 59.773 82 10.519015 39.296102 14.333155 49.113114
78 3.08142 0.0296935 60.5064 83 10.534428 39.412449 14.386594 49.287584
79 3.08081 0.0208854 61.2515 84 10.592224 39.528796 14.333155 49.229427
80 3.08037 0.0125413 61.9922 85 10.565253 39.441536 14.321704 49.084036
81 3.07986 0.0157131 62.7333 86 10.538281 39.470622 14.382777 49.054958
82 3.07956 0.0240586 63.4612 87 10.534428 39.470622 14.390411 49.171271
83 3.07919 0.0154996 64.1918 88 10.549840 39.412449 14.367509 49.142192
84 3.07853 0.0130214 64.9198 89 10.538281 39.499709 14.279716 48.996801
85 3.07816 0.0160056 65.6538 90 10.557546 39.470622 14.275899 48.996801
86 3.07781 0.024192 66.3816 91 10.530575 39.528796 14.241545 48.909567
87 3.07752 0.0140527 67.1176 92 10.530575 39.383362 14.310253 49.054958
88 3.07734 0.0132971 67.8553 93 10.538281 39.383362 14.314070 49.054958
89 3.077 0.0149325 68.597 94 10.557546 39.325189 14.298801 49.025880
90 3.07693 0.0385022 69.3342 95 10.545987 39.499709 14.352241 49.084036
91 3.07649 0.0126461 70.0621 96 10.557546 39.325189 14.268265 48.938645
92 3.07632 0.00776822 70.7897 97 10.561399 39.296102 14.268265 48.880489
93 3.07615 0.00944387 71.5143 98 10.565253 39.354276 14.279716 48.764176
94 3.07596 0.0191663 72.2472 99 10.588371 39.441536 14.256813 48.793254
95 3.07575 0.00826862 72.9704 100 10.561399 39.412449 14.302619 48.706019
96 3.07561 0.00767684 73.6929 101 10.549840 39.383362 14.314070 48.764176
97 3.07534 0.0110463 74.4381 102 10.526721 39.267016 14.283533 48.764176
98 3.07523 0.0153208 75.8993 104 10.522868 39.383362 14.256813 48.967723
99 3.07507 0.0100678 76.6388 105 10.557546 39.470622 14.260631 48.967723
100 3.07486 0.00723068 77.3763 106 10.542134 39.354276 14.302619 48.996801
101 3.07476 0.0150659 78.1053 107 10.522868 39.325189 14.294984 48.880489
102 3.07464 0.00792274 78.8313 108 10.557546 39.325189 14.298801 48.909567
103 3.07454 0.00635405 79.5663 109 10.565253 39.470622 14.302619 48.851410
104 3.07444 0.00930321 80.3065 110 10.545987 39.441536 14.298801 48.909567
105 3.07432 0.0100568 81.0349 111 10.576812 39.441536 14.314070 48.909567
106 3.07423 0.00733185 81.7588 112 10.580665 39.441536 14.306436 48.880489
107 3.07415 0.00555787 82.4908 113 10.561399 39.412449 14.333155 48.880489
108 3.07407 0.0057717 83.2317 114 10.538281 39.354276 14.294984 48.909567
109 3.07399 0.0104849 83.9616 115 10.565253 39.499709 14.291167 48.822332
110 3.07391 0.00620563 84.69 116 10.592224 39.616056 14.294984 48.822332
111 3.07386 0.00537823 85.4168 117 10.565253 39.499709 14.294984 48.822332
112 3.0738 0.010082 86.1546 118 10.549840 39.412449 14.287350 48.822332
113 3.07376 0.00503096 86.8806 119 10.545987 39.383362 14.268265 48.706019
114 3.07372 0.00436801 87.6235 120 10.545987 39.383362 14.268265 48.706019
Optimization converged with status CONVERGED_GTTOL.
Total CPU time: 85.61 seconds 
Total wallclock time: 87.6235 seconds 
Objective/gradient CPU time: 85.1 seconds 
Objective/gradient wallclock time: 87.0181 seconds 
