6 machines found
login-1.extreme.acer.uic.edu
login-1.extreme.acer.uic.edu
login-1.extreme.acer.uic.edu
login-1.extreme.acer.uic.edu
login-1.extreme.acer.uic.edu
login-1.extreme.acer.uic.edu
CRF loss
Parsing training data: ./train_petsc.txt
Parsing test data: ./test_petsc.txt
Data loading completed
====================  Summary of settings =================
Training data: ./train_petsc.txt
Test data: ./test_petsc.txt
loss: CRF, lambda: 1.000000e-04, Processors: 6
dim: 129, classes: 26
Train: #word=3438, #letter=25953
Test: #word=3439, #letter=26198
===========================================================
iter fn.val gap time feval.num train_lett_err train_word_err test_lett_err test_word_err 
0 24.5949 4.55704 0.261146 1 92.309174 100.000000 92.220780 100.000000
1 20.2607 5.09782 1.06652 3 71.379031 100.000000 71.425300 100.000000
2 17.4237 3.66112 1.45872 4 66.662814 99.825480 66.386747 99.883687
3 15.2976 2.67231 1.85232 5 53.442762 97.673066 53.515536 97.702821
4 13.197 2.13497 2.23477 6 45.397449 96.160558 45.663791 95.347485
5 10.856 2.52546 2.61839 7 39.702539 91.855730 40.445836 92.294272
6 9.27168 1.17401 2.99846 8 33.788001 87.056428 34.632415 87.641756
7 8.67999 0.877935 3.38371 9 31.518514 84.293194 32.300176 85.199186
8 7.80033 0.853367 3.88685 10 28.528494 80.453752 29.341934 81.942425
9 7.17584 1.5436 4.29323 11 27.133665 77.254218 28.105199 78.016865
10 6.65223 0.7331 4.70111 12 24.552075 72.833042 25.585923 74.411166
11 6.38958 0.544082 5.0869 13 23.646592 71.931355 24.627834 73.044490
12 5.89935 0.61694 5.47136 14 22.220938 69.342641 23.463623 72.055830
13 5.41367 0.845006 5.88943 15 21.068855 67.219314 22.421559 70.485606
14 5.03634 0.723804 6.32343 16 20.398413 65.852240 22.039850 69.962198
15 4.78652 0.389523 6.7772 17 19.281008 63.699825 20.963432 67.345158
16 4.5562 0.364758 7.16785 18 18.560475 61.140198 20.177113 65.193370
17 4.35319 0.387833 7.55355 19 17.782145 58.871437 19.608367 63.477755
18 4.13935 0.711821 7.94239 20 17.608754 58.406050 20.028246 63.332364
19 3.88662 0.294441 8.32862 21 16.341078 55.119255 18.948011 61.035185
20 3.76659 0.243602 8.73014 22 16.067507 54.333915 18.593022 60.715324
21 3.64562 0.382712 9.12078 23 15.894116 53.577661 18.451790 61.006106
22 3.53435 0.425622 9.50657 24 15.562748 53.083188 18.173143 60.104682
23 3.44749 0.246602 9.90783 25 15.135052 52.036067 17.837239 59.581274
24 3.31728 0.248114 10.3497 26 14.611028 50.407213 17.375372 57.952893
25 3.22642 0.245307 10.7629 27 14.375987 50.087260 17.131079 57.342251
26 3.14575 0.468833 11.1684 28 13.871229 48.051193 17.299030 56.237278
27 3.04395 0.180872 11.5567 29 13.347205 46.742292 16.715016 55.597557
28 2.98697 0.191303 11.9486 30 13.019689 46.160558 16.428735 54.608898
29 2.90394 0.252415 12.369 31 12.784649 45.956952 16.318040 54.492585
30 2.88221 0.525151 12.7575 32 13.081339 45.811518 16.386747 53.911021
31 2.79534 0.176965 13.1581 33 12.526490 44.968005 15.966868 53.038674
32 2.76667 0.127418 13.5499 34 12.314569 44.648051 15.890526 53.009596
33 2.72436 0.173042 13.9464 35 12.164297 44.095404 15.913429 52.951439
34 2.66711 0.223547 14.355 36 12.025585 43.979058 15.798916 52.951439
35 2.62216 0.202813 14.7428 37 11.979347 43.862711 16.035575 53.184065
36 2.58667 0.104757 15.1325 38 11.671098 42.815590 15.898160 52.893283
37 2.55326 0.142085 15.5436 39 11.432204 42.001163 15.711123 52.311719
38 2.51597 0.141247 15.9324 40 11.439911 41.623037 15.714940 51.904623
39 2.47721 0.190277 16.3681 41 11.416792 41.012216 15.627147 51.003199
40 2.4505 0.17307 16.764 42 11.308905 41.012216 15.566074 50.799651
41 2.42923 0.112613 17.2073 43 11.073864 40.226876 15.474464 50.886886
42 2.40914 0.109213 17.5969 44 10.981389 40.255963 15.321780 50.712416
43 2.38505 0.208147 17.9797 45 10.881208 40.255963 15.401939 51.061355
44 2.35997 0.097341 18.4025 46 10.650021 40.023269 15.176731 50.654260
45 2.34655 0.0874927 18.8331 47 10.522868 39.819663 15.142377 50.799651
46 2.32551 0.0987169 19.2351 48 10.526721 39.790576 15.104206 51.119511
47 2.31413 0.170599 19.6227 49 10.534428 39.470622 15.127109 50.479791
48 2.29552 0.0776341 20.0383 50 10.345625 39.267016 14.936255 50.363478
49 2.28507 0.0639616 20.4275 51 10.241591 38.743455 14.928621 50.247165
50 2.2749 0.0807199 20.814 52 10.176088 38.801629 14.875181 50.276243
51 2.26695 0.221755 21.2248 53 10.214619 38.917976 14.905718 50.421634
52 2.25195 0.0800493 21.6105 54 10.064347 38.656195 14.833193 50.276243
53 2.24283 0.0609804 21.9974 55 9.983432 38.510762 14.787388 50.218087
54 2.23488 0.0748072 22.3967 56 10.025816 38.452589 14.814108 50.247165
55 2.22165 0.101899 22.7845 57 9.906369 37.783595 14.802657 50.189008
56 2.21812 0.19131 23.1748 58 10.048935 38.103549 14.795023 49.752835
57 2.20298 0.0571676 23.5684 59 9.810041 37.056428 14.783571 50.014539
58 2.19781 0.0484414 23.9817 60 9.759951 37.201862 14.745400 49.810992
59 2.19039 0.0642768 24.4243 61 9.729126 37.318208 14.657607 49.607444
60 2.18489 0.168807 24.8434 62 9.756098 37.318208 14.726315 49.781913
61 2.17643 0.0724757 25.2364 63 9.713713 37.260035 14.653790 49.549288
62 2.17049 0.0473301 25.7288 64 9.659770 37.056428 14.684327 49.549288
63 2.1658 0.0563567 26.2251 65 9.582707 36.940081 14.676693 49.607444
64 2.15811 0.0621675 26.7044 66 9.478673 36.823735 14.508741 49.142192
65 2.15694 0.184458 27.0964 67 9.482526 36.823735 14.554546 49.171271
66 2.14468 0.0551163 27.5012 68 9.551882 37.027341 14.436217 48.880489
67 2.14063 0.0352702 27.9104 69 9.540323 37.114602 14.451485 48.764176
68 2.13557 0.0439559 28.3498 70 9.486379 36.969168 14.420948 48.880489
69 2.13043 0.0848231 28.7435 71 9.532617 36.969168 14.436217 48.851410
70 2.12488 0.0447805 29.1346 72 9.459407 36.765561 14.394229 49.025880
71 2.12136 0.0374566 29.5244 73 9.459407 36.620128 14.371326 48.880489
72 2.11749 0.0493719 29.918 74 9.359226 36.649215 14.378960 48.909567
73 2.11428 0.0410389 30.3164 75 9.309136 36.242001 14.359875 48.676941
74 2.11047 0.0375947 30.7219 76 9.232073 36.125654 14.466753 48.618785
75 2.10586 0.0847052 31.1372 77 9.043271 35.369401 14.371326 48.618785
76 2.10234 0.0529195 31.5283 78 9.008592 35.427574 14.447668 48.967723
77 2.10055 0.0261745 31.9437 79 8.966208 35.340314 14.436217 48.880489
78 2.09892 0.0246182 32.3657 80 8.973914 35.514834 14.413314 48.764176
79 2.09586 0.0572502 32.7544 81 9.000886 35.514834 14.443851 48.822332
80 2.09259 0.0475911 33.1385 82 8.962355 35.398487 14.482022 49.142192
81 2.08974 0.0282412 33.5271 83 8.939236 35.282141 14.474387 49.054958
82 2.08664 0.0257726 33.913 84 8.877586 35.165794 14.443851 48.938645
83 2.08498 0.0447507 34.3006 85 8.927677 34.991274 14.340789 48.735097
84 2.08279 0.0263481 34.6967 86 8.869880 35.020361 14.344606 48.793254
85 2.07945 0.0266356 35.112 87 8.819790 34.933101 14.398046 48.880489
86 2.07713 0.0434765 35.503 88 8.896852 35.136707 14.390411 48.851410
87 2.07473 0.0289937 35.9167 89 8.785112 34.787667 14.291167 48.502472
88 2.07291 0.0258703 36.3236 90 8.808230 34.787667 14.310253 48.735097
89 2.07077 0.0427732 36.7526 91 8.673371 34.438627 14.317887 48.589706
90 2.06925 0.0354442 37.1446 92 8.684930 34.525887 14.378960 48.851410
91 2.06808 0.0251867 37.5351 93 8.746580 34.642234 14.394229 48.967723
92 2.0661 0.0216317 37.9262 94 8.735021 34.525887 14.375143 48.880489
93 2.06551 0.0489893 38.3137 95 8.750433 34.351367 14.356058 48.909567
94 2.06441 0.025559 38.6985 96 8.758140 34.380454 14.386594 48.967723
95 2.06298 0.0182102 39.088 97 8.781258 34.438627 14.336972 48.706019
96 2.06202 0.0217987 39.4706 98 8.731168 34.351367 14.329338 48.531550
97 2.06037 0.0333357 39.8606 99 8.727315 34.496800 14.325521 48.618785
98 2.05968 0.0588347 40.2629 100 8.684930 34.380454 14.268265 48.444315
99 2.05821 0.0167764 40.6537 101 8.700343 34.554974 14.264448 48.444315
100 2.05767 0.0159544 41.0907 102 8.700343 34.467714 14.287350 48.531550
101 2.05672 0.0207968 41.5147 103 8.731168 34.496800 14.298801 48.589706
102 2.05563 0.0403816 41.9146 104 8.708049 34.525887 14.272082 48.531550
103 2.05437 0.0207262 42.3169 105 8.723462 34.700407 14.241545 48.415237
104 2.05365 0.0137298 42.7281 106 8.684930 34.700407 14.222460 48.473393
105 2.05287 0.0167392 43.1226 107 8.665665 34.729494 14.245362 48.444315
106 2.05227 0.0355209 43.5334 108 8.773552 34.758581 14.302619 48.386159
107 2.05146 0.0184063 43.9421 109 8.738874 34.671321 14.317887 48.473393
108 2.05053 0.0144714 44.342 110 8.704196 34.642234 14.298801 48.415237
109 2.04992 0.0162519 44.7468 111 8.723462 34.671321 14.260631 48.444315
110 2.04935 0.051032 45.1573 112 8.684930 34.525887 14.191923 48.269846
111 2.04791 0.0162411 45.5574 113 8.708049 34.758581 14.172838 48.328002
112 2.04741 0.0114905 45.9494 114 8.708049 34.700407 14.176655 48.269846
113 2.04685 0.0173545 46.3695 115 8.719609 34.787667 14.169021 48.298924
114 2.04652 0.0382213 46.7829 116 8.738874 34.729494 14.207191 48.298924
115 2.0459 0.0158487 47.246 117 8.700343 34.613147 14.149935 48.211689
116 2.04535 0.0128099 47.6972 118 8.692637 34.584061 14.153752 48.240768
117 2.04487 0.0159649 48.0949 119 8.723462 34.554974 14.172838 48.298924
118 2.04418 0.0261927 48.5007 120 8.723462 34.409540 14.134667 48.240768
119 2.04353 0.018282 48.9368 121 8.731168 34.496800 14.115581 48.211689
120 2.04318 0.0100236 49.3411 122 8.742727 34.584061 14.153752 48.124455
121 2.04268 0.0133794 49.7538 123 8.719609 34.525887 14.218643 48.298924
122 2.04226 0.0156974 50.1683 124 8.715755 34.525887 14.214826 48.415237
123 2.04174 0.0147963 50.5901 125 8.669518 34.322280 14.161386 48.444315
124 2.04127 0.0113325 50.9813 126 8.715755 34.525887 14.153752 48.357081
125 2.04072 0.0150695 51.378 127 8.715755 34.264107 14.230094 48.444315
126 2.04037 0.0164112 51.7686 128 8.681077 34.176847 14.199557 48.386159
127 2.04008 0.0104098 52.1584 129 8.688784 34.264107 14.218643 48.502472
128 2.03973 0.00962691 52.55 130 8.638693 34.147760 14.211008 48.502472
129 2.03938 0.0176169 52.9425 131 8.669518 34.235020 14.203374 48.473393
130 2.03897 0.0116237 53.3339 132 8.630987 34.205934 14.264448 48.502472
131 2.03867 0.00974525 53.7423 133 8.615574 34.176847 14.287350 48.589706
132 2.03833 0.0105572 54.1357 134 8.638693 34.176847 14.275899 48.473393
133 2.03804 0.0113097 54.5234 135 8.673371 34.176847 14.294984 48.444315
134 2.03773 0.0117156 54.9087 136 8.719609 34.264107 14.283533 48.444315
135 2.03739 0.00990559 55.297 137 8.715755 34.351367 14.256813 48.386159
136 2.03714 0.0148519 55.6981 138 8.738874 34.438627 14.283533 48.531550
137 2.03695 0.00892335 56.1018 139 8.719609 34.409540 14.241545 48.328002
138 2.03676 0.00841619 56.5434 140 8.700343 34.380454 14.268265 48.415237
139 2.03649 0.01262 56.9782 141 8.642546 34.205934 14.287350 48.415237
140 2.03635 0.0176477 57.4231 142 8.630987 34.264107 14.272082 48.531550
141 2.03612 0.00768209 57.8254 143 8.650252 34.176847 14.264448 48.386159
142 2.03595 0.00647685 58.2137 144 8.665665 34.205934 14.272082 48.415237
143 2.03578 0.00839021 58.6153 145 8.665665 34.176847 14.272082 48.531550
144 2.03569 0.0260449 59.004 146 8.646399 33.973240 14.226277 48.531550
145 2.03542 0.00842069 59.3951 147 8.623281 33.915067 14.226277 48.560628
146 2.03526 0.00695749 59.7952 148 8.607868 33.973240 14.214826 48.531550
147 2.03506 0.0103874 60.2102 149 8.623281 33.973240 14.226277 48.618785
148 2.03477 0.0115939 60.6459 150 8.627134 33.944154 14.195740 48.502472
149 2.03464 0.0145886 61.4628 152 8.627134 33.885980 14.184289 48.560628
150 2.03441 0.00700926 61.8715 153 8.646399 33.885980 14.176655 48.647863
151 2.03424 0.00576866 62.2621 154 8.623281 33.798720 14.180472 48.502472
152 2.03405 0.0133274 62.6618 155 8.615574 33.915067 14.184289 48.415237
153 2.03389 0.00847493 63.0821 156 8.619427 33.827807 14.165203 48.444315
154 2.03376 0.00731023 63.507 157 8.634840 33.915067 14.146118 48.386159
155 2.03347 0.0156264 64.0341 158 8.646399 33.973240 14.138484 48.328002
156 2.03329 0.00916331 64.4567 159 8.657959 34.031414 14.127033 48.211689
157 2.03319 0.00585907 64.8622 160 8.638693 33.973240 14.111764 48.124455
158 2.03303 0.00503396 65.2641 161 8.654105 34.060500 14.172838 48.386159
159 2.03292 0.0117424 65.7124 162 8.623281 34.002327 14.157569 48.328002
160 2.03278 0.00808134 66.1045 163 8.611721 33.944154 14.142301 48.240768
161 2.03259 0.0065823 66.4892 164 8.611721 33.915067 14.134667 48.240768
162 2.03249 0.0093619 66.9038 165 8.619427 33.944154 14.115581 48.240768
163 2.03238 0.00796622 67.3083 166 8.615574 34.002327 14.119398 48.240768
164 2.03225 0.0214046 67.7015 167 8.623281 34.089587 14.134667 48.153533
165 2.03205 0.00757778 68.1054 168 8.619427 34.002327 14.115581 48.211689
166 2.032 0.00523847 68.4904 169 8.615574 34.002327 14.127033 48.269846
167 2.03185 0.0045093 68.8901 170 8.607868 33.973240 14.123216 48.153533
168 2.03175 0.0125528 69.2956 171 8.619427 33.944154 14.161386 48.211689
169 2.03162 0.0059694 69.6912 172 8.607868 33.915067 14.180472 48.269846
170 2.03155 0.00440597 70.0939 173 8.600162 33.944154 14.184289 48.240768
171 2.03147 0.00486446 70.4798 174 8.588602 33.885980 14.203374 48.269846
172 2.03139 0.0130174 70.9038 175 8.623281 34.031414 14.176655 48.182611
173 2.03125 0.00521794 71.3058 176 8.627134 34.002327 14.142301 48.095377
174 2.03116 0.0052462 71.7383 177 8.627134 33.885980 14.161386 48.153533
175 2.03104 0.00617074 72.1748 178 8.619427 33.944154 14.184289 48.240768
176 2.03099 0.00854766 72.9491 180 8.642546 34.031414 14.172838 48.182611
177 2.03092 0.0048541 73.3583 181 8.615574 33.973240 14.176655 48.211689
178 2.03082 0.00462401 73.7714 182 8.627134 34.060500 14.172838 48.182611
179 2.03075 0.00669531 74.1615 183 8.592456 34.031414 14.153752 48.153533
180 2.03066 0.00560921 74.5492 184 8.584749 34.031414 14.161386 48.153533
181 2.03055 0.0057919 74.9436 185 8.580896 33.915067 14.130850 48.066298
182 2.03048 0.0110217 75.3309 186 8.604015 34.031414 14.127033 48.066298
183 2.03038 0.00434505 75.7179 187 8.584749 33.915067 14.134667 48.066298
184 2.03032 0.00448145 76.1099 188 8.619427 33.915067 14.130850 48.037220
185 2.03024 0.0055508 76.5009 189 8.650252 34.060500 14.169021 48.153533
186 2.03017 0.0129925 76.8929 190 8.627134 34.031414 14.149935 48.124455
187 2.03006 0.00460823 77.2829 191 8.615574 34.031414 14.169021 48.037220
188 2.03 0.00363026 77.6725 192 8.630987 34.118674 14.146118 48.037220
189 2.02994 0.00490426 78.0607 193 8.646399 34.176847 14.130850 48.095377
190 2.02988 0.0114689 78.4529 194 8.592456 34.089587 14.107947 47.949985
191 2.02979 0.00441325 78.9322 195 8.619427 34.089587 14.127033 47.979064
192 2.02974 0.00335963 79.3284 196 8.638693 34.147760 14.134667 48.066298
193 2.02969 0.00449977 79.7412 197 8.619427 34.060500 14.130850 48.095377
194 2.02962 0.0088796 80.1324 198 8.604015 34.060500 14.142301 48.124455
195 2.02955 0.00671019 80.5225 199 8.611721 34.031414 14.165203 48.153533
196 2.0295 0.00348895 80.9661 200 8.615574 34.089587 14.157569 48.066298
197 2.02944 0.00394966 81.368 201 8.596309 34.060500 14.146118 48.066298
198 2.0294 0.00465941 81.7563 202 8.615574 34.118674 14.134667 48.037220
199 2.02935 0.00362529 82.2198 203 8.600162 34.002327 14.157569 48.124455
200 2.02931 0.00338858 82.6499 204 8.615574 34.002327 14.142301 48.095377
201 2.02926 0.00519133 83.0363 205 8.623281 34.089587 14.134667 48.124455
202 2.02922 0.00439128 83.4222 206 8.623281 34.031414 14.127033 48.124455
203 2.02919 0.0036268 83.8117 207 8.630987 34.060500 14.134667 48.095377
204 2.02915 0.00429847 84.2012 208 8.623281 33.944154 14.115581 48.008142
205 2.02912 0.00690366 84.5901 209 8.634840 33.915067 14.130850 48.008142
206 2.02909 0.00350456 84.9776 210 8.642546 33.915067 14.153752 48.008142
207 2.02906 0.00266359 85.3801 211 8.630987 33.944154 14.138484 47.979064
208 2.02904 0.00288809 85.7833 212 8.638693 33.944154 14.134667 47.979064
209 2.02901 0.00825489 86.1724 213 8.627134 34.060500 14.130850 47.949985
210 2.02896 0.00271719 86.5732 214 8.642546 34.002327 14.115581 47.920907
211 2.02895 0.00254324 86.9893 215 8.627134 33.944154 14.096496 47.891829
212 2.02891 0.00292044 87.3954 216 8.627134 33.973240 14.111764 47.979064
213 2.0289 0.00484683 88.193 218 8.642546 33.885980 14.119398 47.920907
214 2.02887 0.00278019 88.5966 219 8.646399 34.002327 14.123216 47.949985
215 2.02885 0.0017921 89.0027 220 8.638693 34.031414 14.111764 47.891829
216 2.02883 0.00295988 89.4015 221 8.627134 34.031414 14.100313 47.891829
217 2.02881 0.00318485 89.8087 222 8.619427 33.944154 14.104130 47.891829
218 2.02879 0.0022452 90.2218 223 8.627134 33.944154 14.119398 47.920907
219 2.02877 0.00312816 90.6137 224 8.630987 33.944154 14.119398 47.891829
220 2.02875 0.0032855 91.0073 225 8.634840 33.915067 14.153752 47.920907
221 2.02873 0.00229874 91.3949 226 8.634840 33.885980 14.161386 47.979064
222 2.02871 0.00308001 91.7821 227 8.638693 33.944154 14.165203 47.949985
223 2.0287 0.00263599 92.1762 228 8.638693 33.944154 14.138484 47.949985
224 2.02869 0.00228499 92.5677 229 8.642546 33.973240 14.138484 47.949985
225 2.02866 0.00247511 92.9569 230 8.638693 33.973240 14.161386 47.979064
226 2.02866 0.00266129 93.7217 232 8.650252 34.002327 14.153752 47.979064
227 2.02865 0.00200711 94.1111 233 8.646399 33.973240 14.153752 47.979064
228 2.02863 0.00205722 94.5053 234 8.630987 33.944154 14.149935 47.920907
229 2.02863 0.00391565 94.926 235 8.638693 34.031414 14.134667 47.949985
230 2.02862 0.00176534 95.3614 236 8.630987 34.002327 14.142301 47.949985
231 2.02861 0.00117384 95.757 237 8.630987 33.973240 14.146118 47.949985
232 2.0286 0.00184916 96.15 238 8.630987 33.973240 14.153752 47.979064
233 2.02859 0.00235646 96.5401 239 8.627134 33.944154 14.165203 48.008142
234 2.02858 0.00389102 97.3076 241 8.604015 33.973240 14.146118 47.949985
235 2.02856 0.00191407 97.6944 242 8.615574 33.973240 14.134667 47.920907
236 2.02855 0.00137129 98.0829 243 8.627134 33.944154 14.130850 47.891829
237 2.02854 0.00264933 98.4733 244 8.623281 34.002327 14.146118 47.949985
238 2.02853 0.00138466 98.8744 245 8.627134 34.031414 14.146118 47.949985
239 2.02853 0.00132244 99.2625 246 8.630987 34.031414 14.142301 47.979064
240 2.02852 0.00164515 99.6496 247 8.650252 34.002327 14.142301 47.979064
241 2.02851 0.00451177 100.034 248 8.623281 33.915067 14.149935 48.008142
242 2.0285 0.00152879 100.423 249 8.630987 33.885980 14.157569 48.008142
243 2.02849 0.00119343 100.813 250 8.634840 33.915067 14.153752 47.979064
244 2.02849 0.00148369 101.198 251 8.627134 33.885980 14.130850 47.949985
245 2.02848 0.00369354 101.602 252 8.619427 33.973240 14.142301 47.920907
246 2.02847 0.00123491 101.988 253 8.623281 33.915067 14.146118 47.979064
247 2.02847 0.000976022 102.433 254 8.623281 33.885980 14.138484 47.949985
248 2.02846 0.00123813 102.839 255 8.623281 33.856894 14.127033 47.949985
249 2.02846 0.00145254 103.244 256 8.627134 33.856894 14.130850 47.979064
250 2.02845 0.00223215 104.067 258 8.630987 33.885980 14.138484 48.037220
251 2.02845 0.00112638 104.457 259 8.630987 33.885980 14.134667 48.037220
252 2.02844 0.00103478 104.888 260 8.623281 33.856894 14.138484 48.037220
253 2.02844 0.00175954 105.274 261 8.634840 33.885980 14.130850 47.979064
254 2.02843 0.00194203 105.694 262 8.654105 33.915067 14.119398 47.920907
255 2.02843 0.00101192 106.087 263 8.642546 33.915067 14.130850 47.949985
256 2.02842 0.00102986 106.474 264 8.630987 33.944154 14.146118 47.979064
257 2.02842 0.00116436 106.869 265 8.630987 33.944154 14.146118 47.979064
258 2.02841 0.00270718 107.257 266 8.600162 33.885980 14.157569 48.008142
259 2.02841 0.00107239 107.656 267 8.627134 33.944154 14.153752 48.037220
260 2.02841 0.000804412 108.068 268 8.623281 33.885980 14.149935 48.008142
261 2.0284 0.000987759 108.465 269 8.642546 33.915067 14.146118 47.979064
262 2.0284 0.00360634 108.855 270 8.630987 33.915067 14.123216 47.979064
263 2.0284 0.00109887 109.262 271 8.642546 33.915067 14.153752 48.008142
264 2.02839 0.000609712 109.667 272 8.642546 33.915067 14.153752 48.008142
265 2.02839 0.000843731 110.07 273 8.650252 33.973240 14.157569 48.037220
266 2.02839 0.00111408 110.457 274 8.650252 33.973240 14.157569 48.037220
267 2.02839 0.00176813 111.278 276 8.627134 33.973240 14.157569 48.037220
268 2.02838 0.000759768 111.678 277 8.630987 33.973240 14.157569 48.037220
269 2.02838 0.000672376 112.086 278 8.611721 33.915067 14.142301 47.979064
270 2.02838 0.00107317 112.476 279 8.611721 33.856894 14.138484 48.008142
271 2.02837 0.00158312 112.868 280 8.615574 33.915067 14.130850 47.979064
272 2.02837 0.000998785 113.275 281 8.619427 33.885980 14.130850 47.979064
273 2.02837 0.000685276 113.707 282 8.611721 33.885980 14.130850 48.008142
274 2.02837 0.000872297 114.099 283 8.611721 33.885980 14.142301 48.037220
275 2.02836 0.000900043 114.511 284 8.607868 33.885980 14.134667 48.008142
276 2.02836 0.00138864 114.905 285 8.615574 33.885980 14.134667 48.008142
277 2.02836 0.000656036 115.293 286 8.611721 33.885980 14.142301 48.037220
278 2.02836 0.000673147 115.7 287 8.611721 33.885980 14.142301 48.037220
279 2.02836 0.00126054 116.088 288 8.604015 33.856894 14.134667 48.008142
280 2.02835 0.000717495 116.476 289 8.604015 33.856894 14.134667 48.037220
281 2.02835 0.000610938 116.872 290 8.619427 33.885980 14.130850 48.037220
282 2.02835 0.00096316 117.261 291 8.619427 33.885980 14.127033 48.037220
283 2.02835 0.000614163 117.646 292 8.611721 33.885980 14.130850 48.037220
284 2.02835 0.000597555 118.031 293 8.615574 33.915067 14.127033 48.008142
285 2.02835 0.00110107 118.42 294 8.615574 33.915067 14.119398 47.979064
286 2.02834 0.000588221 118.812 295 8.615574 33.915067 14.119398 47.979064
287 2.02834 0.000599562 119.217 296 8.615574 33.915067 14.119398 47.979064
288 2.02834 0.000743226 119.606 297 8.627134 33.944154 14.111764 47.979064
289 2.02834 0.000988451 120.371 299 8.646399 33.944154 14.115581 48.008142
290 2.02834 0.000550684 120.754 300 8.638693 33.973240 14.111764 47.979064
291 2.02834 0.000428444 121.148 301 8.646399 33.973240 14.111764 47.979064
292 2.02834 0.000723048 121.636 302 8.646399 33.973240 14.119398 47.979064
293 2.02834 0.000611534 122.069 303 8.630987 33.944154 14.119398 47.979064
294 2.02834 0.000492609 122.488 304 8.630987 33.944154 14.119398 47.979064
295 2.02833 0.00077794 122.905 305 8.623281 33.915067 14.123216 48.008142
296 2.02833 0.000579646 123.301 306 8.623281 33.915067 14.119398 47.979064
297 2.02833 0.000526198 123.708 307 8.627134 33.915067 14.123216 48.008142
298 2.02833 0.000719369 124.112 308 8.638693 33.915067 14.123216 48.008142
299 2.02833 0.00126426 124.518 309 8.623281 33.885980 14.115581 47.979064
300 2.02833 0.000446691 124.916 310 8.623281 33.885980 14.123216 48.008142
301 2.02833 0.000326668 125.326 311 8.607868 33.885980 14.123216 48.008142
302 2.02833 0.000399248 125.721 312 8.607868 33.885980 14.123216 48.008142
303 2.02833 0.000841923 126.113 313 8.607868 33.915067 14.130850 48.008142
304 2.02833 0.000587573 126.507 314 8.611721 33.944154 14.130850 48.037220
305 2.02833 0.000388106 126.891 315 8.607868 33.915067 14.127033 48.008142
306 2.02833 0.000495965 127.274 316 8.607868 33.944154 14.119398 48.008142
307 2.02832 0.00107514 127.664 317 8.642546 33.973240 14.123216 47.979064
308 2.02832 0.00047796 128.053 318 8.607868 33.944154 14.123216 47.979064
309 2.02832 0.000306003 128.443 319 8.607868 33.944154 14.119398 47.979064
310 2.02832 0.0004056 128.83 320 8.623281 33.944154 14.111764 47.979064
311 2.02832 0.000680218 129.267 321 8.623281 33.944154 14.123216 47.949985
312 2.02832 0.000644284 129.659 322 8.623281 33.915067 14.130850 47.979064
313 2.02832 0.000330604 130.046 323 8.627134 33.944154 14.134667 48.008142
314 2.02832 0.000374432 130.444 324 8.627134 33.944154 14.130850 48.008142
315 2.02832 0.000456869 130.848 325 8.627134 33.944154 14.138484 48.037220
316 2.02832 0.000567411 131.244 326 8.615574 33.885980 14.130850 48.008142
317 2.02832 0.000355012 131.638 327 8.615574 33.885980 14.130850 48.008142
318 2.02832 0.000447316 132.039 328 8.615574 33.885980 14.130850 48.008142
319 2.02832 0.000560136 132.43 329 8.615574 33.885980 14.130850 48.008142
320 2.02832 0.00033371 132.836 330 8.615574 33.885980 14.130850 48.008142
321 2.02832 0.000291248 133.228 331 8.615574 33.885980 14.138484 48.037220
322 2.02832 0.000346873 133.627 332 8.615574 33.885980 14.138484 48.037220
323 2.02832 0.000324183 134.033 333 8.615574 33.885980 14.138484 48.037220
324 2.02832 0.00063972 134.901 335 8.623281 33.944154 14.138484 48.037220
325 2.02832 0.00036055 135.291 336 8.623281 33.944154 14.130850 48.008142
326 2.02831 0.000248601 135.727 337 8.623281 33.944154 14.134667 48.008142
327 2.02831 0.000497493 136.124 338 8.615574 33.885980 14.130850 48.008142
328 2.02831 0.000311839 136.514 339 8.623281 33.915067 14.130850 48.008142
329 2.02831 0.000300679 136.938 340 8.607868 33.915067 14.134667 48.008142
330 2.02831 0.000526332 137.357 341 8.611721 33.944154 14.134667 48.008142
331 2.02831 0.000288447 137.764 342 8.611721 33.944154 14.134667 48.008142
332 2.02831 0.000235268 138.173 343 8.611721 33.944154 14.134667 48.008142
333 2.02831 0.000336794 138.559 344 8.607868 33.915067 14.134667 48.008142
334 2.02831 0.000337181 138.948 345 8.623281 33.915067 14.134667 48.008142
335 2.02831 0.000254545 139.341 346 8.623281 33.915067 14.134667 48.008142
336 2.02831 0.000328542 139.755 347 8.623281 33.915067 14.134667 48.008142
337 2.02831 0.000322476 140.151 348 8.623281 33.915067 14.134667 48.008142
338 2.02831 0.000260921 140.548 349 8.623281 33.915067 14.134667 48.008142
339 2.02831 0.000677573 140.954 350 8.623281 33.915067 14.134667 48.008142
340 2.02831 0.000220172 141.354 351 8.623281 33.915067 14.134667 48.008142
341 2.02831 0.00021915 141.77 352 8.623281 33.915067 14.134667 48.008142
342 2.02831 0.000276272 142.158 353 8.623281 33.915067 14.134667 48.008142
343 2.02831 0.000572461 142.543 354 8.619427 33.885980 14.127033 47.979064
344 2.02831 0.000239402 142.933 355 8.623281 33.915067 14.130850 47.979064
345 2.02831 0.000159975 143.318 356 8.627134 33.915067 14.130850 47.979064
346 2.02831 0.000189229 143.708 357 8.627134 33.915067 14.127033 47.949985
347 2.02831 0.000454393 144.112 358 8.627134 33.915067 14.127033 47.949985
348 2.02831 0.000165191 144.542 359 8.627134 33.915067 14.123216 47.920907
349 2.02831 0.000170024 144.977 360 8.619427 33.885980 14.119398 47.920907
350 2.02831 0.000254653 145.381 361 8.619427 33.885980 14.130850 47.949985
351 2.02831 0.000535807 145.79 362 8.642546 33.915067 14.134667 47.979064
352 2.02831 0.000212162 146.176 363 8.627134 33.885980 14.134667 47.979064
353 2.02831 0.000150522 146.571 364 8.627134 33.885980 14.134667 47.979064
354 2.02831 0.00015916 146.964 365 8.627134 33.885980 14.134667 47.979064
355 2.02831 0.000317624 147.353 366 8.627134 33.885980 14.134667 47.979064
356 2.02831 0.000177669 147.761 367 8.619427 33.885980 14.134667 47.979064
357 2.02831 0.000131441 148.169 368 8.619427 33.885980 14.134667 47.979064
358 2.02831 0.000169905 148.56 369 8.619427 33.885980 14.134667 47.979064
359 2.02831 0.000409788 148.946 370 8.619427 33.885980 14.134667 47.979064
360 2.02831 0.000185799 149.344 371 8.619427 33.885980 14.134667 47.979064
361 2.02831 0.000165767 149.757 372 8.619427 33.885980 14.134667 47.979064
362 2.02831 0.000188009 150.208 373 8.619427 33.885980 14.142301 48.008142
363 2.02831 0.000457598 150.598 374 8.619427 33.885980 14.142301 48.008142
364 2.02831 0.000162127 150.981 375 8.619427 33.885980 14.142301 48.008142
365 2.02831 0.000119267 151.369 376 8.619427 33.885980 14.142301 48.008142
366 2.02831 0.000150262 151.757 377 8.619427 33.885980 14.142301 48.008142
367 2.02831 0.000227448 152.167 378 8.623281 33.915067 14.142301 48.008142
368 2.02831 0.000218794 152.604 379 8.619427 33.885980 14.142301 48.008142
369 2.02831 0.000157693 153.056 380 8.619427 33.885980 14.142301 48.008142
370 2.02831 0.000259198 153.452 381 8.619427 33.885980 14.142301 48.008142
371 2.02831 0.000174116 153.842 382 8.619427 33.885980 14.142301 48.008142
372 2.02831 0.000146166 154.239 383 8.619427 33.885980 14.142301 48.008142
373 2.02831 0.000228256 154.624 384 8.619427 33.885980 14.142301 48.008142
374 2.02831 0.00032332 155.033 385 8.619427 33.885980 14.142301 48.008142
375 2.02831 0.000117095 155.513 386 8.619427 33.885980 14.142301 48.008142
376 2.02831 8.9085e-05 155.987 387 8.619427 33.885980 14.142301 48.008142
377 2.02831 0.000135537 156.378 388 8.619427 33.885980 14.142301 48.008142
378 2.02831 0.000288344 156.788 389 8.619427 33.885980 14.142301 48.008142
379 2.02831 0.000100204 157.2 390 8.619427 33.885980 14.142301 48.008142
380 2.02831 0.000128144 157.592 391 8.619427 33.885980 14.142301 48.008142
381 2.02831 0.000188328 157.983 392 8.619427 33.885980 14.142301 48.008142
382 2.02831 0.000250847 158.408 393 8.623281 33.915067 14.142301 48.008142
383 2.02831 0.000271207 158.8 394 8.623281 33.915067 14.142301 48.008142
384 2.02831 0.000103843 159.192 395 8.623281 33.915067 14.142301 48.008142
385 2.02831 0.00010539 159.587 396 8.623281 33.915067 14.142301 48.008142
386 2.02831 0.000145581 159.976 397 8.619427 33.885980 14.142301 48.008142
387 2.02831 0.000243922 160.374 398 8.619427 33.885980 14.134667 47.979064
388 2.02831 9.33379e-05 160.765 399 8.619427 33.885980 14.142301 48.008142
389 2.02831 9.61108e-05 161.215 400 8.619427 33.885980 14.142301 48.008142
390 2.02831 0.000121576 161.622 401 8.619427 33.885980 14.142301 48.008142
391 2.02831 0.00025222 162.032 402 8.623281 33.915067 14.142301 48.008142
392 2.02831 0.000131375 162.425 403 8.619427 33.885980 14.142301 48.008142
393 2.02831 9.27599e-05 162.826 404 8.619427 33.885980 14.134667 47.979064
394 2.02831 0.000140587 163.216 405 8.619427 33.885980 14.134667 47.979064
395 2.02831 0.000265108 163.65 406 8.619427 33.885980 14.134667 47.979064
396 2.02831 0.000101451 164.057 407 8.619427 33.885980 14.134667 47.979064
397 2.02831 9.71663e-05 164.439 408 8.619427 33.885980 14.134667 47.979064
398 2.02831 0.000125072 164.842 409 8.619427 33.885980 14.134667 47.979064
399 2.02831 0.000177805 165.246 410 8.619427 33.885980 14.134667 47.979064
400 2.02831 0.000302838 165.645 411 8.619427 33.885980 14.134667 47.979064
401 2.02831 0.000102772 166.068 412 8.619427 33.885980 14.134667 47.979064
402 2.0283 8.58278e-05 166.459 413 8.619427 33.885980 14.134667 47.979064
403 2.0283 0.000108347 166.882 414 8.619427 33.885980 14.134667 47.979064
404 2.0283 0.000291482 167.305 415 8.619427 33.885980 14.134667 47.979064
405 2.0283 0.000126268 167.693 416 8.619427 33.885980 14.134667 47.979064
406 2.0283 8.56095e-05 168.088 417 8.619427 33.885980 14.134667 47.979064
407 2.0283 0.000101814 168.536 418 8.619427 33.885980 14.142301 48.008142
408 2.0283 0.000120397 168.954 419 8.619427 33.885980 14.142301 48.008142
409 2.0283 0.000201165 169.821 421 8.619427 33.885980 14.142301 48.008142
410 2.0283 9.93275e-05 170.216 422 8.619427 33.885980 14.142301 48.008142
411 2.0283 9.08934e-05 170.613 423 8.619427 33.885980 14.142301 48.008142
412 2.0283 0.000126526 171.011 424 8.619427 33.885980 14.134667 47.979064
413 2.0283 0.000242567 171.436 425 8.619427 33.885980 14.134667 47.979064
414 2.0283 0.000105031 171.824 426 8.619427 33.885980 14.134667 47.979064
415 2.0283 9.52103e-05 172.224 427 8.619427 33.885980 14.134667 47.979064
416 2.0283 9.9312e-05 172.698 428 8.619427 33.885980 14.142301 48.008142
417 2.0283 0.000322574 173.081 429 8.619427 33.885980 14.142301 48.008142
418 2.0283 9.13819e-05 173.467 430 8.619427 33.885980 14.146118 48.037220
419 2.0283 6.58815e-05 173.865 431 8.619427 33.885980 14.146118 48.037220
420 2.0283 7.82614e-05 174.257 432 8.619427 33.885980 14.146118 48.037220
421 2.0283 0.000148021 174.658 433 8.619427 33.885980 14.142301 48.008142
422 2.0283 0.000113961 175.05 434 8.619427 33.885980 14.146118 48.037220
423 2.0283 7.58204e-05 175.437 435 8.619427 33.885980 14.146118 48.037220
424 2.0283 9.67234e-05 175.825 436 8.619427 33.885980 14.146118 48.037220
425 2.0283 0.000166595 176.217 437 8.619427 33.885980 14.146118 48.037220
426 2.0283 8.88537e-05 176.623 438 8.619427 33.885980 14.146118 48.037220
427 2.0283 8.02859e-05 177.011 439 8.619427 33.885980 14.142301 48.008142
428 2.0283 8.33695e-05 177.401 440 8.619427 33.885980 14.142301 48.008142
429 2.0283 0.000164494 178.168 442 8.619427 33.885980 14.142301 48.008142
430 2.0283 7.55097e-05 178.555 443 8.619427 33.885980 14.142301 48.008142
431 2.0283 6.04499e-05 178.941 444 8.619427 33.885980 14.142301 48.008142
432 2.0283 0.000124719 179.335 445 8.619427 33.885980 14.142301 48.008142
433 2.0283 0.000104192 179.762 446 8.619427 33.885980 14.146118 48.037220
434 2.0283 8.17378e-05 180.15 447 8.619427 33.885980 14.146118 48.037220
435 2.0283 0.000116168 180.56 448 8.619427 33.885980 14.142301 48.008142
436 2.0283 0.00010385 180.948 449 8.619427 33.885980 14.142301 48.008142
437 2.0283 8.68943e-05 181.344 450 8.619427 33.885980 14.142301 48.008142
438 2.0283 0.000248686 181.791 451 8.619427 33.885980 14.142301 48.008142
439 2.0283 6.48627e-05 182.176 452 8.619427 33.885980 14.142301 48.008142
440 2.0283 5.55373e-05 182.562 453 8.619427 33.885980 14.142301 48.008142
441 2.0283 9.71134e-05 182.954 454 8.619427 33.885980 14.142301 48.008142
442 2.0283 0.000206844 183.374 455 8.619427 33.885980 14.146118 48.037220
443 2.0283 8.14691e-05 183.766 456 8.619427 33.885980 14.142301 48.008142
444 2.0283 6.07773e-05 184.166 457 8.619427 33.885980 14.142301 48.008142
445 2.0283 6.61728e-05 184.601 458 8.619427 33.885980 14.142301 48.008142
446 2.0283 0.000156298 184.998 459 8.619427 33.885980 14.134667 48.008142
447 2.0283 6.17776e-05 185.386 460 8.623281 33.885980 14.134667 48.008142
448 2.0283 5.95065e-05 185.785 461 8.623281 33.885980 14.134667 48.008142
449 2.0283 0.000105267 186.176 462 8.623281 33.885980 14.134667 48.008142
450 2.0283 0.000204428 186.6 463 8.623281 33.885980 14.134667 48.008142
451 2.0283 6.93744e-05 187.024 464 8.623281 33.885980 14.134667 48.008142
452 2.0283 5.06531e-05 187.42 465 8.623281 33.885980 14.134667 48.008142
453 2.0283 6.69048e-05 187.807 466 8.623281 33.885980 14.134667 48.008142
454 2.0283 7.09688e-05 188.196 467 8.623281 33.885980 14.134667 48.008142
455 2.0283 7.63244e-05 189.008 469 8.623281 33.885980 14.134667 48.008142
456 2.0283 5.4619e-05 189.409 470 8.623281 33.885980 14.134667 48.008142
457 2.0283 5.6711e-05 189.833 471 8.623281 33.885980 14.142301 48.008142
458 2.0283 0.000105398 190.221 472 8.623281 33.885980 14.134667 48.008142
459 2.0283 6.65081e-05 190.608 473 8.623281 33.885980 14.142301 48.008142
460 2.0283 7.70437e-05 191.005 474 8.623281 33.885980 14.142301 48.008142
461 2.0283 0.000132592 191.411 475 8.623281 33.885980 14.142301 48.008142
462 2.0283 8.5443e-05 191.845 476 8.630987 33.885980 14.142301 48.008142
463 2.0283 6.90116e-05 192.249 477 8.623281 33.885980 14.142301 48.008142
464 2.0283 0.00013532 192.65 478 8.630987 33.885980 14.142301 48.008142
465 2.0283 6.44547e-05 193.09 479 8.623281 33.885980 14.142301 48.008142
466 2.0283 6.77681e-05 193.499 480 8.623281 33.885980 14.142301 48.008142
467 2.0283 8.74939e-05 193.892 481 8.623281 33.885980 14.142301 48.008142
468 2.0283 0.000216939 194.283 482 8.619427 33.885980 14.142301 48.008142
469 2.0283 7.10201e-05 194.7 483 8.623281 33.885980 14.142301 48.008142
470 2.0283 6.34746e-05 195.116 484 8.623281 33.885980 14.142301 48.008142
471 2.0283 8.31543e-05 195.51 485 8.623281 33.885980 14.142301 48.008142
472 2.0283 0.000123816 195.899 486 8.623281 33.885980 14.142301 48.008142
473 2.0283 9.65454e-05 196.329 487 8.619427 33.885980 14.142301 48.008142
474 2.0283 5.18511e-05 196.726 488 8.619427 33.885980 14.142301 48.008142
475 2.0283 7.70036e-05 197.14 489 8.619427 33.885980 14.142301 48.008142
476 2.0283 9.08515e-05 197.538 490 8.619427 33.885980 14.142301 48.008142
477 2.0283 8.86913e-05 197.947 491 8.619427 33.885980 14.142301 48.008142
478 2.0283 7.28409e-05 198.339 492 8.619427 33.885980 14.142301 48.008142
479 2.0283 7.70702e-05 198.727 493 8.619427 33.885980 14.142301 48.008142
480 2.0283 0.000115203 199.149 494 8.619427 33.885980 14.142301 48.008142
481 2.0283 7.38287e-05 199.556 495 8.619427 33.885980 14.142301 48.008142
482 2.0283 8.03757e-05 199.97 496 8.619427 33.885980 14.142301 48.008142
483 2.0283 8.63082e-05 200.366 497 8.619427 33.885980 14.142301 48.008142
484 2.0283 7.35617e-05 200.754 498 8.619427 33.885980 14.142301 48.008142
485 2.0283 0.000108213 201.15 499 8.619427 33.885980 14.142301 48.008142
486 2.0283 0.000110141 201.567 500 8.619427 33.885980 14.142301 48.008142
487 2.0283 6.90859e-05 201.955 501 8.619427 33.885980 14.142301 48.008142
488 2.0283 5.55693e-05 202.359 502 8.619427 33.885980 14.142301 48.008142
489 2.0283 7.97358e-05 202.752 503 8.619427 33.885980 14.142301 48.008142
490 2.0283 8.15369e-05 203.143 504 8.619427 33.885980 14.142301 48.008142
491 2.0283 0.00011011 203.565 505 8.619427 33.885980 14.142301 48.008142
492 2.0283 7.98492e-05 203.955 506 8.619427 33.885980 14.142301 48.008142
493 2.0283 8.20252e-05 204.353 507 8.619427 33.885980 14.142301 48.008142
494 2.0283 9.33594e-05 204.74 508 8.619427 33.885980 14.142301 48.008142
495 2.0283 5.79037e-05 205.124 509 8.619427 33.885980 14.142301 48.008142
496 2.0283 6.54635e-05 205.511 510 8.619427 33.885980 14.142301 48.008142
497 2.0283 0.000101311 205.916 511 8.619427 33.885980 14.142301 48.008142
498 2.0283 6.75096e-05 206.33 512 8.619427 33.885980 14.142301 48.008142
499 2.0283 8.13823e-05 206.716 513 8.619427 33.885980 14.134667 48.008142
500 2.0283 6.9521e-05 207.12 514 8.619427 33.885980 14.134667 48.008142
501 2.0283 7.21897e-05 207.53 515 8.619427 33.885980 14.142301 48.008142
502 2.0283 6.9828e-05 207.932 516 8.619427 33.885980 14.134667 48.008142
503 2.0283 8.30859e-05 208.319 517 8.619427 33.885980 14.142301 48.008142
504 2.0283 0.000146221 208.708 518 8.619427 33.885980 14.134667 48.008142
505 2.0283 6.38393e-05 209.096 519 8.619427 33.885980 14.142301 48.008142
506 2.0283 5.77102e-05 209.486 520 8.619427 33.885980 14.142301 48.008142
507 2.0283 0.000102415 209.876 521 8.619427 33.885980 14.142301 48.008142
508 2.0283 0.000143102 210.265 522 8.619427 33.885980 14.142301 48.008142
509 2.0283 6.1657e-05 210.653 523 8.619427 33.885980 14.142301 48.008142
510 2.0283 5.00326e-05 211.042 524 8.619427 33.885980 14.142301 48.008142
511 2.0283 5.56579e-05 211.428 525 8.619427 33.885980 14.142301 48.008142
512 2.0283 0.000178775 211.941 526 8.619427 33.885980 14.142301 48.008142
513 2.0283 6.31025e-05 212.391 527 8.619427 33.885980 14.142301 48.008142
514 2.0283 4.17682e-05 212.78 528 8.619427 33.885980 14.142301 48.008142
Optimization converged with status CONVERGED_GTTOL.
Total CPU time: 198.41 seconds 
Total wallclock time: 212.78 seconds 
Objective/gradient CPU time: 195.63 seconds 
Objective/gradient wallclock time: 207.534 seconds 
