2 machines found
login-1.extreme.acer.uic.edu
login-1.extreme.acer.uic.edu
CRF loss
Parsing training data: ./train_petsc.txt
Parsing test data: ./test_petsc.txt
Data loading completed
====================  Summary of settings =================
Training data: ./train_petsc.txt
Test data: ./test_petsc.txt
loss: CRF, lambda: 1.000000e-04, Processors: 2
dim: 129, classes: 26
Train: #word=3438, #letter=25953
Test: #word=3439, #letter=26198
===========================================================
iter fn.val gap time feval.num train_lett_err train_word_err test_lett_err test_word_err 
0 24.5949 4.55704 0.685993 1 92.309174 100.000000 92.220780 100.000000
1 20.2607 5.09782 2.78068 3 71.379031 100.000000 71.421483 100.000000
2 17.4237 3.66112 3.86642 4 66.662814 99.825480 66.386747 99.883687
3 15.2976 2.67231 4.91775 5 53.442762 97.673066 53.515536 97.702821
4 13.197 2.13497 5.96941 6 45.397449 96.160558 45.663791 95.347485
5 10.856 2.52546 7.0408 7 39.702539 91.855730 40.445836 92.294272
6 9.27168 1.17401 8.09938 8 33.788001 87.056428 34.632415 87.641756
7 8.67999 0.877935 9.16475 9 31.518514 84.293194 32.300176 85.199186
8 7.80033 0.853367 10.2198 10 28.528494 80.453752 29.341934 81.942425
9 7.17584 1.5436 11.2738 11 27.133665 77.254218 28.105199 78.016865
10 6.65223 0.7331 12.3274 12 24.552075 72.833042 25.585923 74.411166
11 6.38958 0.544082 13.3829 13 23.646592 71.931355 24.627834 73.044490
12 5.89935 0.61694 14.4369 14 22.220938 69.342641 23.463623 72.055830
13 5.41367 0.845006 15.513 15 21.068855 67.219314 22.421559 70.485606
14 5.03634 0.723804 16.5698 16 20.398413 65.852240 22.039850 69.962198
15 4.78652 0.389523 17.6272 17 19.281008 63.699825 20.963432 67.345158
16 4.5562 0.364758 18.6841 18 18.560475 61.140198 20.177113 65.193370
17 4.35319 0.387833 19.7422 19 17.782145 58.871437 19.608367 63.477755
18 4.13935 0.711821 20.7998 20 17.608754 58.406050 20.028246 63.332364
19 3.88662 0.294441 21.8643 21 16.341078 55.119255 18.948011 61.035185
20 3.76659 0.243602 22.928 22 16.067507 54.333915 18.593022 60.715324
21 3.64562 0.382712 23.9927 23 15.894116 53.577661 18.451790 61.006106
22 3.53435 0.425622 25.0566 24 15.562748 53.083188 18.173143 60.104682
23 3.44749 0.246602 26.1324 25 15.135052 52.036067 17.837239 59.581274
24 3.31728 0.248114 27.2163 26 14.611028 50.407213 17.375372 57.952893
25 3.22642 0.245307 28.2836 27 14.375987 50.087260 17.131079 57.342251
26 3.14575 0.468833 29.3484 28 13.871229 48.051193 17.299030 56.237278
27 3.04395 0.180872 30.4318 29 13.347205 46.742292 16.715016 55.597557
28 2.98697 0.191303 31.5399 30 13.019689 46.160558 16.428735 54.608898
29 2.90394 0.252415 32.6218 31 12.784649 45.956952 16.318040 54.492585
30 2.88221 0.525151 33.7248 32 13.081339 45.811518 16.386747 53.911021
31 2.79534 0.176965 34.8185 33 12.526490 44.968005 15.966868 53.038674
32 2.76667 0.127418 35.9017 34 12.314569 44.648051 15.890526 53.009596
33 2.72436 0.173042 36.9851 35 12.164297 44.095404 15.913429 52.951439
34 2.66711 0.223547 38.0714 36 12.025585 43.979058 15.798916 52.951439
35 2.62216 0.202813 39.1545 37 11.979347 43.862711 16.035575 53.184065
36 2.58667 0.104757 40.2461 38 11.671098 42.815590 15.898160 52.893283
37 2.55326 0.142085 41.3478 39 11.432204 42.001163 15.711123 52.311719
38 2.51597 0.141247 42.4549 40 11.439911 41.623037 15.714940 51.904623
39 2.47721 0.190277 43.5582 41 11.416792 41.012216 15.627147 51.003199
40 2.4505 0.17307 44.6557 42 11.308905 41.012216 15.566074 50.799651
41 2.42923 0.112613 45.7618 43 11.073864 40.226876 15.474464 50.886886
42 2.40914 0.109213 46.8667 44 10.981389 40.255963 15.321780 50.712416
43 2.38505 0.208147 47.9692 45 10.881208 40.255963 15.401939 51.061355
44 2.35997 0.097341 49.079 46 10.650021 40.023269 15.176731 50.654260
45 2.34655 0.0874927 50.1762 47 10.522868 39.819663 15.142377 50.799651
46 2.32551 0.0987169 51.2852 48 10.526721 39.790576 15.104206 51.119511
47 2.31413 0.170599 52.3963 49 10.534428 39.470622 15.127109 50.479791
48 2.29552 0.0776341 53.5177 50 10.345625 39.267016 14.936255 50.363478
49 2.28507 0.0639616 54.586 51 10.241591 38.743455 14.928621 50.247165
50 2.2749 0.0807199 55.6686 52 10.176088 38.801629 14.875181 50.276243
51 2.26695 0.221755 56.7437 53 10.214619 38.917976 14.905718 50.421634
52 2.25195 0.0800493 57.8098 54 10.064347 38.656195 14.833193 50.276243
53 2.24283 0.0609804 58.9027 55 9.983432 38.510762 14.787388 50.218087
54 2.23488 0.0748072 59.9784 56 10.025816 38.452589 14.814108 50.247165
55 2.22165 0.101899 61.0455 57 9.906369 37.783595 14.802657 50.189008
56 2.21812 0.19131 62.1169 58 10.048935 38.103549 14.795023 49.752835
57 2.20298 0.0571676 63.2075 59 9.810041 37.056428 14.783571 50.014539
58 2.19781 0.0484414 64.2891 60 9.759951 37.201862 14.745400 49.810992
59 2.19039 0.0642768 65.3672 61 9.729126 37.318208 14.657607 49.607444
60 2.18489 0.168807 66.4554 62 9.756098 37.318208 14.726315 49.781913
61 2.17643 0.0724757 67.5417 63 9.713713 37.260035 14.653790 49.549288
62 2.17049 0.0473301 68.6158 64 9.659770 37.056428 14.684327 49.549288
63 2.1658 0.0563567 69.6905 65 9.582707 36.940081 14.676693 49.607444
64 2.15811 0.0621675 70.7726 66 9.478673 36.823735 14.508741 49.142192
65 2.15694 0.184458 71.8523 67 9.482526 36.823735 14.554546 49.171271
66 2.14468 0.0551163 72.9324 68 9.551882 37.027341 14.436217 48.880489
67 2.14063 0.0352702 74.0023 69 9.540323 37.114602 14.451485 48.764176
68 2.13557 0.0439559 75.0701 70 9.486379 36.969168 14.420948 48.880489
69 2.13043 0.0848231 76.1368 71 9.532617 36.969168 14.436217 48.851410
70 2.12488 0.0447805 77.2025 72 9.459407 36.765561 14.394229 49.025880
71 2.12136 0.0374566 78.2791 73 9.459407 36.620128 14.371326 48.880489
72 2.11749 0.0493719 79.3692 74 9.359226 36.649215 14.378960 48.909567
73 2.11428 0.0410389 80.437 75 9.309136 36.242001 14.359875 48.676941
74 2.11047 0.0375947 81.5215 76 9.232073 36.125654 14.466753 48.618785
75 2.10586 0.0847052 82.6141 77 9.043271 35.369401 14.371326 48.618785
76 2.10234 0.0529195 83.6918 78 9.008592 35.427574 14.447668 48.967723
77 2.10055 0.0261745 84.767 79 8.966208 35.340314 14.436217 48.880489
78 2.09892 0.0246182 85.8578 80 8.973914 35.514834 14.413314 48.764176
79 2.09586 0.0572502 86.9459 81 9.000886 35.514834 14.443851 48.822332
80 2.09259 0.0475911 88.0131 82 8.962355 35.398487 14.482022 49.142192
81 2.08974 0.0282412 89.0815 83 8.939236 35.282141 14.474387 49.054958
82 2.08664 0.0257726 90.1847 84 8.877586 35.165794 14.443851 48.938645
83 2.08498 0.0447506 91.2779 85 8.927677 34.991274 14.340789 48.735097
84 2.08279 0.026348 92.3452 86 8.869880 35.020361 14.344606 48.793254
85 2.07945 0.0266355 93.4312 87 8.819790 34.933101 14.398046 48.880489
86 2.07713 0.043477 94.5356 88 8.896852 35.136707 14.390411 48.851410
87 2.07473 0.0289934 95.6224 89 8.785112 34.787667 14.291167 48.502472
88 2.07291 0.0258701 96.7079 90 8.808230 34.787667 14.310253 48.735097
89 2.07077 0.0427742 97.7864 91 8.673371 34.438627 14.317887 48.589706
90 2.06925 0.0354436 98.8809 92 8.684930 34.525887 14.378960 48.851410
91 2.06808 0.0251866 99.9676 93 8.746580 34.642234 14.394229 48.967723
92 2.0661 0.0216315 101.055 94 8.735021 34.525887 14.375143 48.880489
93 2.06551 0.0489905 102.12 95 8.750433 34.351367 14.356058 48.909567
94 2.06441 0.0255587 103.199 96 8.758140 34.380454 14.386594 48.967723
95 2.06298 0.0182099 104.284 97 8.781258 34.438627 14.336972 48.706019
96 2.06202 0.0217991 105.364 98 8.731168 34.351367 14.329338 48.531550
97 2.06037 0.0333357 106.429 99 8.727315 34.496800 14.325521 48.618785
98 2.05968 0.0588396 107.51 100 8.684930 34.380454 14.268265 48.444315
99 2.05821 0.0167758 108.592 101 8.700343 34.554974 14.264448 48.444315
100 2.05767 0.0159541 109.674 102 8.700343 34.467714 14.287350 48.531550
101 2.05672 0.0207967 110.742 103 8.731168 34.496800 14.298801 48.589706
102 2.05563 0.0403769 111.821 104 8.708049 34.525887 14.272082 48.531550
103 2.05437 0.0207269 112.901 105 8.723462 34.700407 14.241545 48.415237
104 2.05365 0.0137302 113.972 106 8.684930 34.700407 14.222460 48.473393
105 2.05287 0.0167407 115.042 107 8.665665 34.729494 14.245362 48.444315
106 2.05227 0.0355079 116.15 108 8.773552 34.758581 14.302619 48.386159
107 2.05146 0.0184064 117.242 109 8.738874 34.671321 14.317887 48.473393
108 2.05053 0.0144718 118.323 110 8.704196 34.642234 14.298801 48.415237
109 2.04992 0.0162498 119.393 111 8.723462 34.671321 14.260631 48.444315
110 2.04935 0.0511276 120.483 112 8.677224 34.525887 14.191923 48.269846
111 2.04791 0.0162467 121.576 113 8.708049 34.758581 14.172838 48.328002
112 2.04742 0.0114902 122.655 114 8.708049 34.700407 14.176655 48.269846
113 2.04686 0.0173411 123.731 115 8.719609 34.787667 14.169021 48.298924
114 2.04652 0.038266 124.811 116 8.738874 34.729494 14.211008 48.328002
115 2.0459 0.0158658 125.889 117 8.700343 34.613147 14.149935 48.211689
116 2.04535 0.0127852 126.977 118 8.692637 34.584061 14.153752 48.240768
117 2.04487 0.0159407 128.097 119 8.723462 34.554974 14.172838 48.298924
118 2.04418 0.0261677 129.162 120 8.723462 34.409540 14.134667 48.240768
119 2.04353 0.0183243 130.226 121 8.731168 34.496800 14.115581 48.211689
120 2.04318 0.0100229 131.298 122 8.742727 34.584061 14.153752 48.124455
121 2.04268 0.0133877 132.368 123 8.719609 34.525887 14.218643 48.298924
122 2.04226 0.0154985 133.463 124 8.715755 34.525887 14.218643 48.415237
123 2.04174 0.0152588 134.564 125 8.681077 34.322280 14.161386 48.444315
124 2.04127 0.0113745 135.644 126 8.715755 34.525887 14.157569 48.357081
125 2.04072 0.0140355 136.719 127 8.711902 34.293194 14.207191 48.415237
126 2.04039 0.0177309 137.818 128 8.684930 34.205934 14.195740 48.357081
127 2.04009 0.0105736 138.889 129 8.688784 34.264107 14.230094 48.531550
128 2.03976 0.00963735 139.97 130 8.638693 34.089587 14.211008 48.502472
129 2.03941 0.0147527 141.047 131 8.665665 34.205934 14.203374 48.444315
130 2.03903 0.0164716 142.155 132 8.630987 34.205934 14.252996 48.473393
131 2.03871 0.00983514 143.257 133 8.619427 34.176847 14.283533 48.618785
132 2.03846 0.010193 144.329 134 8.630987 34.205934 14.260631 48.473393
133 2.03813 0.0113351 145.398 135 8.661812 34.176847 14.279716 48.502472
134 2.03789 0.0177416 147.545 137 8.669518 34.205934 14.283533 48.357081
135 2.03756 0.0100814 148.61 138 8.731168 34.351367 14.264448 48.328002
136 2.03726 0.00769798 149.678 139 8.727315 34.322280 14.245362 48.473393
137 2.03704 0.0129359 150.745 140 8.727315 34.438627 14.233911 48.415237
138 2.03682 0.00866109 151.812 141 8.723462 34.380454 14.226277 48.298924
139 2.0366 0.00779536 152.879 142 8.669518 34.351367 14.291167 48.386159
140 2.03634 0.0130415 153.948 143 8.642546 34.293194 14.287350 48.589706
141 2.0361 0.0105883 155.017 144 8.600162 34.060500 14.294984 48.618785
142 2.03586 0.00949667 156.082 145 8.611721 34.031414 14.264448 48.531550
143 2.03558 0.0175221 157.147 146 8.611721 33.973240 14.188106 48.502472
144 2.03539 0.0134411 158.221 147 8.596309 33.827807 14.233911 48.589706
145 2.03526 0.00676756 159.293 148 8.588602 33.856894 14.230094 48.589706
146 2.03512 0.0051981 160.363 149 8.615574 33.944154 14.230094 48.589706
147 2.03494 0.00931579 161.426 150 8.630987 33.944154 14.203374 48.473393
148 2.0348 0.0203366 162.492 151 8.677224 34.031414 14.203374 48.531550
149 2.03457 0.00778399 163.557 152 8.681077 34.031414 14.169021 48.444315
150 2.03442 0.00648699 164.629 153 8.684930 33.973240 14.176655 48.502472
151 2.03426 0.00728858 165.712 154 8.665665 33.885980 14.157569 48.444315
152 2.03406 0.0163442 166.779 155 8.688784 33.973240 14.153752 48.473393
153 2.03385 0.00692613 167.847 156 8.669518 33.973240 14.191923 48.502472
154 2.03373 0.00528252 168.934 157 8.677224 34.002327 14.172838 48.386159
155 2.03353 0.00789944 170.003 158 8.654105 33.944154 14.146118 48.328002
156 2.0334 0.0173589 171.067 159 8.669518 34.031414 14.138484 48.298924
157 2.03318 0.00817257 172.134 160 8.638693 34.002327 14.115581 48.211689
158 2.03303 0.00559968 173.206 161 8.661812 34.002327 14.123216 48.240768
159 2.03292 0.00641364 174.28 162 8.638693 34.002327 14.153752 48.298924
160 2.03274 0.0139423 175.357 163 8.657959 33.973240 14.203374 48.386159
161 2.03258 0.00878156 176.437 164 8.611721 33.885980 14.157569 48.328002
162 2.03248 0.00519055 177.499 165 8.596309 33.827807 14.142301 48.240768
163 2.03234 0.00609931 178.563 166 8.604015 33.944154 14.153752 48.386159
164 2.03223 0.0121928 179.627 167 8.611721 34.002327 14.184289 48.386159
165 2.03209 0.00771866 180.69 168 8.611721 34.089587 14.184289 48.444315
166 2.03191 0.00540465 181.754 169 8.600162 34.031414 14.180472 48.386159
167 2.03182 0.0104643 182.818 170 8.630987 34.060500 14.165203 48.240768
168 2.03171 0.00629533 183.882 171 8.630987 34.060500 14.157569 48.211689
169 2.03157 0.00476701 184.945 172 8.607868 34.031414 14.161386 48.153533
170 2.03148 0.00789461 186.008 173 8.623281 34.060500 14.165203 48.153533
171 2.03135 0.00623133 187.074 174 8.604015 33.973240 14.153752 48.298924
172 2.0312 0.00715169 188.139 175 8.584749 33.856894 14.142301 48.211689
173 2.03111 0.0128148 189.203 176 8.611721 33.944154 14.176655 48.298924
174 2.031 0.00478366 190.267 177 8.611721 33.944154 14.169021 48.182611
175 2.03094 0.00459559 191.33 178 8.630987 34.031414 14.176655 48.211689
176 2.03085 0.00660438 192.393 179 8.619427 34.089587 14.165203 48.211689
177 2.0308 0.0156497 193.456 180 8.627134 34.002327 14.207191 48.298924
178 2.03067 0.00530956 194.521 181 8.619427 34.031414 14.195740 48.269846
179 2.03062 0.00377948 195.584 182 8.650252 34.089587 14.157569 48.182611
180 2.03056 0.00460301 196.649 183 8.661812 34.089587 14.146118 48.153533
181 2.03045 0.00676657 197.712 184 8.654105 34.089587 14.146118 48.182611
182 2.03038 0.0119311 198.778 185 8.665665 34.205934 14.169021 48.153533
183 2.03028 0.0035555 199.844 186 8.661812 34.147760 14.149935 48.182611
184 2.03023 0.00501666 200.911 187 8.630987 34.060500 14.153752 48.153533
185 2.03014 0.0067643 201.976 188 8.573190 33.944154 14.153752 48.124455
186 2.03007 0.00995058 204.096 190 8.584749 33.944154 14.172838 48.153533
187 2.02998 0.00479407 205.163 191 8.611721 34.031414 14.172838 48.095377
188 2.02992 0.00319646 206.229 192 8.615574 33.973240 14.157569 48.037220
189 2.02987 0.00424578 207.291 193 8.630987 34.002327 14.111764 48.008142
190 2.02981 0.00492866 208.354 194 8.619427 33.973240 14.111764 48.037220
191 2.02973 0.00569879 209.418 195 8.627134 34.060500 14.123216 48.066298
192 2.02966 0.00531952 210.48 196 8.607868 34.060500 14.115581 48.066298
193 2.02961 0.00389691 211.542 197 8.596309 34.060500 14.104130 48.037220
194 2.02955 0.0036642 212.605 198 8.607868 34.002327 14.130850 48.066298
195 2.0295 0.00460712 213.668 199 8.611721 34.118674 14.146118 48.037220
196 2.02945 0.00378693 214.731 200 8.600162 34.031414 14.149935 48.095377
197 2.0294 0.00479143 215.793 201 8.623281 34.089587 14.130850 48.037220
198 2.02936 0.00410794 216.856 202 8.565484 34.002327 14.130850 48.037220
199 2.02933 0.00314374 217.917 203 8.584749 34.031414 14.134667 48.066298
200 2.02929 0.00398315 218.98 204 8.588602 34.031414 14.149935 48.153533
201 2.02925 0.00648008 220.042 205 8.615574 34.031414 14.127033 48.124455
202 2.02921 0.00348353 221.105 206 8.638693 34.031414 14.123216 48.095377
203 2.02917 0.00264006 222.169 207 8.634840 34.031414 14.142301 48.095377
204 2.02915 0.00342959 223.233 208 8.634840 33.973240 14.127033 48.037220
205 2.02911 0.00380417 224.298 209 8.642546 33.973240 14.104130 48.008142
206 2.02908 0.00589104 225.362 210 8.657959 34.118674 14.111764 47.949985
207 2.02905 0.00295702 226.427 211 8.677224 34.031414 14.111764 47.979064
208 2.02902 0.00270878 227.491 212 8.657959 34.002327 14.107947 47.949985
209 2.02899 0.00337589 228.556 213 8.657959 34.002327 14.123216 47.979064
210 2.02896 0.00442589 229.62 214 8.646399 33.944154 14.107947 47.920907
211 2.02893 0.00352424 230.682 215 8.654105 34.002327 14.123216 47.979064
212 2.02891 0.00243995 231.746 216 8.657959 34.031414 14.111764 47.920907
213 2.02889 0.00270794 232.81 217 8.650252 34.089587 14.130850 47.891829
214 2.02887 0.00291898 233.875 218 8.661812 34.118674 14.127033 47.891829
215 2.02884 0.00321781 234.94 219 8.661812 34.089587 14.115581 47.891829
216 2.02882 0.00248221 236.004 220 8.646399 34.002327 14.119398 47.920907
217 2.0288 0.00249978 237.07 221 8.634840 33.944154 14.119398 47.949985
218 2.02879 0.00207462 238.134 222 8.623281 33.944154 14.111764 47.920907
219 2.02877 0.002266 239.2 223 8.634840 33.915067 14.146118 47.920907
220 2.02875 0.00305437 240.265 224 8.627134 33.915067 14.146118 47.949985
221 2.02873 0.00277636 241.33 225 8.623281 33.885980 14.127033 47.920907
222 2.02872 0.00209057 242.395 226 8.627134 33.885980 14.123216 47.891829
223 2.02871 0.00240488 243.46 227 8.634840 33.915067 14.123216 47.920907
224 2.0287 0.00273052 244.523 228 8.627134 33.915067 14.127033 47.920907
225 2.02869 0.00183739 245.586 229 8.627134 33.915067 14.130850 47.891829
226 2.02867 0.00163777 246.65 230 8.623281 33.915067 14.157569 47.949985
227 2.02866 0.00282916 247.713 231 8.638693 33.944154 14.191923 48.037220
228 2.02865 0.00176754 248.776 232 8.634840 33.973240 14.180472 47.979064
229 2.02864 0.00197441 249.839 233 8.630987 33.944154 14.153752 47.891829
230 2.02863 0.00278133 250.903 234 8.627134 33.944154 14.138484 47.891829
231 2.02862 0.00209539 251.968 235 8.623281 33.944154 14.130850 47.862751
232 2.0286 0.00267998 253.041 236 8.630987 34.002327 14.142301 47.920907
233 2.02859 0.00321608 254.106 237 8.630987 33.944154 14.146118 47.979064
234 2.02858 0.00202067 255.172 238 8.627134 33.973240 14.130850 47.920907
235 2.02856 0.00154405 256.236 239 8.634840 34.031414 14.134667 47.920907
236 2.02855 0.0024085 257.3 240 8.634840 34.002327 14.123216 47.920907
237 2.02855 0.0019111 258.364 241 8.634840 34.002327 14.146118 47.979064
238 2.02853 0.00267042 259.428 242 8.642546 34.031414 14.146118 48.008142
239 2.02852 0.00230848 260.493 243 8.619427 33.973240 14.153752 48.037220
240 2.02852 0.00168767 261.555 244 8.623281 34.002327 14.157569 48.037220
241 2.0285 0.00223694 262.617 245 8.634840 33.944154 14.149935 48.008142
242 2.0285 0.00359292 263.68 246 8.623281 33.915067 14.157569 47.979064
243 2.02849 0.00134487 264.745 247 8.604015 33.885980 14.161386 48.037220
244 2.02849 0.000837954 265.809 248 8.615574 33.885980 14.157569 48.008142
245 2.02848 0.00147569 266.873 249 8.604015 33.885980 14.153752 48.008142
246 2.02847 0.00181261 267.936 250 8.619427 33.915067 14.138484 47.979064
247 2.02847 0.0054175 268.999 251 8.580896 33.856894 14.127033 47.979064
248 2.02846 0.00156965 270.062 252 8.604015 33.856894 14.138484 48.008142
249 2.02845 0.00078513 271.124 253 8.604015 33.856894 14.130850 47.979064
250 2.02845 0.00114946 272.185 254 8.619427 33.856894 14.134667 48.008142
251 2.02844 0.0017738 273.248 255 8.627134 33.915067 14.123216 47.949985
252 2.02843 0.00154726 274.315 256 8.650252 33.944154 14.161386 48.008142
253 2.02843 0.00136636 275.38 257 8.627134 33.885980 14.157569 48.008142
254 2.02842 0.00139722 276.446 258 8.623281 33.885980 14.161386 48.008142
255 2.02842 0.00157087 277.513 259 8.623281 33.885980 14.157569 48.008142
256 2.02841 0.00105769 278.575 260 8.619427 33.885980 14.157569 48.008142
257 2.02841 0.00110668 279.638 261 8.623281 33.915067 14.161386 48.008142
258 2.0284 0.00284469 280.701 262 8.623281 33.973240 14.161386 48.008142
259 2.0284 0.00124016 281.763 263 8.627134 33.944154 14.172838 48.066298
260 2.0284 0.000744076 282.826 264 8.642546 33.944154 14.169021 48.066298
261 2.02839 0.000918273 283.89 265 8.646399 33.944154 14.169021 48.066298
262 2.02839 0.00156454 284.952 266 8.627134 33.885980 14.161386 48.066298
263 2.02839 0.00157436 286.015 267 8.627134 33.885980 14.149935 47.979064
264 2.02838 0.000918732 287.078 268 8.600162 33.885980 14.153752 47.979064
265 2.02838 0.000953286 288.14 269 8.600162 33.915067 14.134667 48.008142
266 2.02838 0.00146471 289.202 270 8.627134 34.002327 14.123216 47.949985
267 2.02837 0.000984005 290.265 271 8.623281 33.973240 14.127033 48.008142
268 2.02837 0.00082578 291.327 272 8.592456 33.915067 14.127033 48.008142
269 2.02837 0.00128128 292.389 273 8.607868 33.944154 14.134667 48.008142
270 2.02837 0.000919034 293.452 274 8.623281 33.944154 14.127033 48.008142
271 2.02836 0.000893326 294.52 275 8.619427 33.915067 14.127033 48.008142
272 2.02836 0.00148752 295.585 276 8.623281 33.915067 14.123216 47.979064
273 2.02836 0.00102168 296.648 277 8.615574 33.915067 14.127033 48.008142
274 2.02836 0.000667416 297.71 278 8.615574 33.915067 14.115581 48.008142
275 2.02835 0.000779663 298.772 279 8.623281 33.885980 14.115581 48.008142
276 2.02835 0.000692165 299.835 280 8.623281 33.885980 14.123216 48.037220
277 2.02835 0.00189644 300.897 281 8.588602 33.885980 14.127033 48.008142
278 2.02835 0.000651812 301.96 282 8.623281 33.885980 14.127033 48.008142
279 2.02835 0.000461826 303.022 283 8.615574 33.885980 14.127033 48.008142
280 2.02835 0.000577211 304.086 284 8.619427 33.915067 14.115581 47.949985
281 2.02834 0.0016802 305.148 285 8.615574 33.944154 14.107947 47.949985
282 2.02834 0.000620053 306.21 286 8.615574 33.944154 14.100313 47.920907
283 2.02834 0.000441799 307.274 287 8.611721 33.915067 14.104130 47.949985
284 2.02834 0.000558155 308.338 288 8.604015 33.915067 14.104130 47.949985
285 2.02834 0.000720898 309.401 289 8.627134 33.915067 14.107947 47.979064
286 2.02834 0.00103625 311.525 291 8.615574 33.944154 14.111764 47.949985
287 2.02834 0.000517098 312.596 292 8.627134 33.944154 14.111764 47.949985
288 2.02834 0.000415091 313.725 293 8.627134 33.944154 14.111764 47.949985
289 2.02834 0.000576688 314.864 294 8.627134 33.944154 14.111764 47.949985
290 2.02833 0.000650048 316.005 295 8.646399 33.973240 14.111764 47.949985
291 2.02833 0.000446444 317.147 296 8.627134 33.973240 14.115581 47.979064
292 2.02833 0.000498455 318.282 297 8.627134 33.973240 14.115581 47.979064
293 2.02833 0.000665366 319.422 298 8.627134 33.973240 14.115581 47.979064
294 2.02833 0.000436002 320.559 299 8.619427 33.944154 14.115581 47.979064
295 2.02833 0.000477878 321.703 300 8.607868 33.915067 14.115581 47.979064
296 2.02833 0.000733228 322.857 301 8.604015 33.915067 14.115581 47.979064
297 2.02833 0.000392167 324.004 302 8.611721 33.915067 14.115581 47.979064
298 2.02833 0.00034886 325.15 303 8.615574 33.944154 14.115581 47.979064
299 2.02833 0.000463162 326.304 304 8.615574 33.944154 14.115581 47.979064
300 2.02833 0.00155599 327.459 305 8.615574 33.944154 14.123216 47.979064
301 2.02833 0.000450882 328.603 306 8.611721 33.944154 14.119398 47.949985
302 2.02833 0.000344755 329.758 307 8.611721 33.944154 14.119398 47.949985
303 2.02833 0.000455012 330.91 308 8.611721 33.944154 14.119398 47.949985
304 2.02832 0.000642078 332.042 309 8.607868 33.944154 14.119398 47.949985
305 2.02832 0.000669718 333.181 310 8.611721 33.944154 14.119398 47.949985
306 2.02832 0.000328799 334.287 311 8.627134 33.944154 14.119398 47.949985
307 2.02832 0.000455317 335.381 312 8.627134 33.944154 14.119398 47.949985
308 2.02832 0.000498772 336.472 313 8.627134 33.944154 14.119398 47.949985
309 2.02832 0.000929425 337.619 314 8.623281 33.915067 14.119398 47.949985
310 2.02832 0.000371461 338.774 315 8.623281 33.915067 14.119398 47.949985
311 2.02832 0.000348697 339.936 316 8.623281 33.915067 14.127033 47.949985
312 2.02832 0.000338594 341.099 317 8.623281 33.915067 14.134667 47.979064
313 2.02832 0.00157332 342.245 318 8.634840 33.944154 14.130850 47.979064
314 2.02832 0.000311336 343.386 319 8.619427 33.915067 14.130850 47.979064
315 2.02832 0.000275777 344.529 320 8.619427 33.915067 14.130850 47.979064
316 2.02832 0.000414776 345.663 321 8.619427 33.915067 14.130850 47.979064
317 2.02832 0.00064688 346.805 322 8.619427 33.915067 14.130850 47.979064
318 2.02832 0.000624471 347.952 323 8.619427 33.915067 14.123216 47.949985
319 2.02832 0.000266221 349.094 324 8.619427 33.915067 14.123216 47.949985
320 2.02832 0.000304464 350.237 325 8.619427 33.915067 14.127033 47.979064
321 2.02832 0.0003317 351.4 326 8.623281 33.944154 14.127033 47.979064
322 2.02832 0.00109981 352.563 327 8.611721 33.973240 14.123216 47.949985
323 2.02832 0.000380249 353.724 328 8.611721 33.973240 14.123216 47.949985
324 2.02832 0.000258419 354.885 329 8.611721 33.973240 14.123216 47.949985
325 2.02832 0.000346421 356.041 330 8.611721 33.973240 14.123216 47.949985
326 2.02831 0.000360131 357.194 331 8.611721 33.944154 14.123216 47.949985
327 2.02831 0.000606823 358.351 332 8.627134 33.944154 14.123216 47.949985
328 2.02831 0.000303317 359.497 333 8.607868 33.915067 14.123216 47.949985
329 2.02831 0.000229359 360.647 334 8.607868 33.915067 14.123216 47.949985
330 2.02831 0.000317084 361.794 335 8.623281 33.915067 14.127033 47.979064
331 2.02831 0.000514667 362.94 336 8.623281 33.915067 14.127033 47.979064
332 2.02831 0.000413472 364.086 337 8.623281 33.915067 14.127033 47.979064
333 2.02831 0.000557963 365.233 338 8.619427 33.885980 14.130850 47.979064
334 2.02831 0.000334179 366.385 339 8.619427 33.885980 14.130850 47.979064
335 2.02831 0.000228347 367.533 340 8.619427 33.885980 14.130850 47.979064
336 2.02831 0.000175688 368.679 341 8.619427 33.885980 14.130850 47.979064
337 2.02831 0.000351992 369.817 342 8.619427 33.885980 14.130850 47.979064
338 2.02831 0.000252124 370.962 343 8.619427 33.885980 14.130850 47.979064
339 2.02831 0.000321961 372.099 344 8.619427 33.885980 14.127033 47.979064
340 2.02831 0.00021203 373.243 345 8.619427 33.885980 14.130850 47.979064
341 2.02831 0.000212079 374.387 346 8.619427 33.885980 14.130850 47.979064
342 2.02831 0.000411659 375.53 347 8.623281 33.885980 14.130850 47.979064
343 2.02831 0.00024074 376.687 348 8.623281 33.885980 14.123216 47.920907
344 2.02831 0.000188959 377.843 349 8.623281 33.885980 14.127033 47.949985
345 2.02831 0.000216701 378.981 350 8.623281 33.885980 14.142301 48.008142
346 2.02831 0.000360399 380.134 351 8.642546 33.915067 14.142301 48.008142
347 2.02831 0.000190217 381.273 352 8.619427 33.885980 14.142301 48.008142
348 2.02831 0.000177467 382.413 353 8.619427 33.885980 14.142301 48.008142
349 2.02831 0.000213922 383.549 354 8.619427 33.885980 14.142301 48.008142
350 2.02831 0.000343359 384.688 355 8.619427 33.885980 14.138484 47.979064
351 2.02831 0.000185947 385.829 356 8.619427 33.885980 14.134667 47.979064
352 2.02831 0.000170903 386.973 357 8.619427 33.885980 14.134667 47.979064
353 2.02831 0.000220082 388.112 358 8.619427 33.885980 14.142301 47.979064
354 2.02831 0.000464924 389.249 359 8.604015 33.885980 14.142301 48.008142
355 2.02831 0.000202405 390.376 360 8.619427 33.885980 14.138484 47.979064
356 2.02831 0.000151901 391.516 361 8.619427 33.885980 14.134667 47.979064
357 2.02831 0.000183642 392.659 362 8.619427 33.885980 14.142301 48.008142
358 2.02831 0.000320062 393.812 363 8.623281 33.915067 14.142301 48.008142
359 2.02831 0.000136962 394.944 364 8.619427 33.885980 14.142301 48.008142
360 2.02831 0.000161792 396.095 365 8.619427 33.885980 14.146118 48.008142
361 2.02831 0.000236973 397.217 366 8.619427 33.885980 14.146118 48.008142
362 2.02831 0.000344644 398.355 367 8.619427 33.885980 14.146118 48.008142
363 2.02831 0.000165904 399.492 368 8.619427 33.885980 14.146118 48.008142
364 2.02831 0.000156607 400.616 369 8.619427 33.885980 14.146118 48.008142
365 2.02831 0.000185621 401.753 370 8.619427 33.885980 14.146118 48.008142
366 2.02831 0.000343324 402.888 371 8.619427 33.885980 14.146118 48.008142
367 2.02831 0.000131295 404.028 372 8.619427 33.885980 14.146118 48.008142
368 2.02831 0.000132169 405.167 373 8.619427 33.885980 14.146118 48.008142
369 2.02831 0.000176518 406.307 374 8.619427 33.885980 14.146118 48.008142
370 2.02831 0.000333754 407.466 375 8.619427 33.885980 14.146118 48.008142
371 2.02831 0.00013807 408.603 376 8.619427 33.885980 14.146118 48.008142
372 2.02831 0.000123641 409.756 377 8.619427 33.885980 14.146118 48.008142
373 2.02831 0.000141371 410.923 378 8.619427 33.885980 14.146118 48.008142
374 2.02831 0.000408313 412.076 379 8.619427 33.885980 14.146118 48.008142
375 2.02831 0.000132326 413.208 380 8.619427 33.885980 14.146118 48.008142
376 2.02831 9.77705e-05 414.362 381 8.619427 33.885980 14.146118 48.008142
377 2.02831 0.000142527 415.518 382 8.619427 33.885980 14.146118 48.008142
378 2.02831 0.000214921 416.641 383 8.619427 33.885980 14.142301 48.008142
379 2.02831 0.000346424 417.779 384 8.619427 33.885980 14.142301 48.008142
380 2.02831 0.000131424 418.911 385 8.623281 33.915067 14.142301 48.008142
381 2.02831 0.000134424 420.056 386 8.623281 33.915067 14.142301 48.008142
382 2.02831 0.000165034 421.178 387 8.623281 33.915067 14.142301 48.008142
383 2.02831 0.000388803 422.302 388 8.623281 33.915067 14.142301 48.008142
384 2.02831 0.000163433 423.431 389 8.623281 33.915067 14.142301 48.008142
385 2.02831 0.000102108 424.588 390 8.623281 33.915067 14.142301 48.008142
386 2.02831 0.000123032 425.726 391 8.623281 33.915067 14.142301 48.008142
387 2.02831 0.000148186 426.86 392 8.623281 33.915067 14.142301 48.008142
388 2.02831 0.000250089 429.003 394 8.619427 33.885980 14.142301 48.008142
389 2.02831 0.000139203 430.119 395 8.623281 33.915067 14.142301 48.008142
390 2.02831 9.52155e-05 431.261 396 8.623281 33.915067 14.142301 48.008142
391 2.02831 0.000169227 432.406 397 8.623281 33.915067 14.142301 48.008142
392 2.02831 0.000359165 433.559 398 8.619427 33.885980 14.142301 48.008142
393 2.02831 0.000143915 434.709 399 8.619427 33.885980 14.142301 48.008142
394 2.02831 8.95932e-05 435.851 400 8.619427 33.885980 14.142301 48.008142
395 2.02831 0.000109668 437.001 401 8.619427 33.885980 14.142301 48.008142
396 2.02831 0.000157257 438.145 402 8.619427 33.885980 14.142301 48.008142
397 2.02831 0.00020221 440.454 404 8.619427 33.885980 14.142301 48.008142
398 2.02831 0.000101126 441.601 405 8.619427 33.885980 14.142301 48.008142
399 2.02831 8.15842e-05 442.741 406 8.619427 33.885980 14.142301 48.008142
400 2.02831 0.000100339 443.881 407 8.619427 33.885980 14.142301 48.008142
401 2.02831 0.000332669 445.026 408 8.619427 33.885980 14.142301 48.008142
402 2.0283 0.000155789 446.178 409 8.619427 33.885980 14.142301 48.008142
403 2.0283 9.66555e-05 447.333 410 8.619427 33.885980 14.142301 48.008142
404 2.0283 0.000121458 448.466 411 8.619427 33.885980 14.142301 48.008142
405 2.0283 0.000254474 449.599 412 8.623281 33.885980 14.142301 48.008142
406 2.0283 0.000119789 450.742 413 8.623281 33.885980 14.142301 48.008142
407 2.0283 7.85922e-05 451.902 414 8.623281 33.885980 14.142301 48.008142
408 2.0283 0.000110594 453.042 415 8.619427 33.885980 14.142301 48.008142
409 2.0283 0.000142196 454.168 416 8.623281 33.885980 14.142301 48.008142
410 2.0283 0.000100707 455.306 417 8.623281 33.885980 14.142301 48.008142
411 2.0283 9.21352e-05 456.439 418 8.623281 33.885980 14.142301 48.008142
412 2.0283 0.000349849 457.585 419 8.623281 33.885980 14.142301 48.008142
413 2.0283 8.57752e-05 458.729 420 8.623281 33.885980 14.142301 48.008142
414 2.0283 6.72738e-05 459.882 421 8.623281 33.885980 14.142301 48.008142
415 2.0283 9.62057e-05 461.036 422 8.623281 33.885980 14.142301 48.008142
416 2.0283 0.000117134 462.172 423 8.623281 33.885980 14.142301 48.008142
417 2.0283 0.000196563 464.461 425 8.623281 33.885980 14.142301 48.008142
418 2.0283 9.11392e-05 465.586 426 8.623281 33.885980 14.142301 48.008142
419 2.0283 7.20514e-05 466.731 427 8.623281 33.885980 14.142301 48.008142
420 2.0283 0.000133448 467.877 428 8.623281 33.885980 14.142301 48.008142
421 2.0283 9.00716e-05 469.019 429 8.619427 33.885980 14.142301 48.008142
422 2.0283 9.08124e-05 470.147 430 8.619427 33.885980 14.142301 48.008142
423 2.0283 0.000140745 471.236 431 8.619427 33.885980 14.142301 48.008142
424 2.0283 0.000111848 472.318 432 8.619427 33.885980 14.142301 48.008142
425 2.0283 7.91951e-05 473.44 433 8.619427 33.885980 14.142301 48.008142
426 2.0283 8.50377e-05 474.586 434 8.623281 33.885980 14.142301 48.008142
427 2.0283 0.000132006 475.733 435 8.623281 33.885980 14.142301 48.008142
428 2.0283 9.83254e-05 476.887 436 8.623281 33.885980 14.142301 48.008142
429 2.0283 0.000151389 478.042 437 8.623281 33.885980 14.142301 48.008142
430 2.0283 0.000111064 479.178 438 8.623281 33.885980 14.142301 48.008142
431 2.0283 7.04099e-05 480.323 439 8.623281 33.885980 14.142301 48.008142
432 2.0283 7.06861e-05 481.474 440 8.623281 33.885980 14.142301 48.008142
433 2.0283 0.000105729 482.622 441 8.619427 33.885980 14.142301 48.008142
434 2.0283 0.000159609 483.775 442 8.619427 33.885980 14.142301 48.008142
435 2.0283 8.17104e-05 484.918 443 8.619427 33.885980 14.142301 48.008142
436 2.0283 7.82493e-05 486.039 444 8.623281 33.885980 14.142301 48.008142
437 2.0283 8.70801e-05 487.188 445 8.623281 33.885980 14.142301 48.008142
438 2.0283 0.000137653 489.46 447 8.623281 33.885980 14.142301 48.008142
439 2.0283 8.11569e-05 490.616 448 8.623281 33.885980 14.142301 48.008142
440 2.0283 7.01261e-05 491.777 449 8.623281 33.885980 14.142301 48.008142
441 2.0283 0.000128873 492.904 450 8.623281 33.885980 14.142301 48.008142
442 2.0283 0.000103215 494.031 451 8.623281 33.885980 14.142301 48.008142
443 2.0283 8.8772e-05 495.165 452 8.623281 33.885980 14.142301 48.008142
444 2.0283 0.00020532 496.303 453 8.623281 33.885980 14.142301 48.008142
445 2.0283 8.28896e-05 497.443 454 8.623281 33.885980 14.142301 48.008142
446 2.0283 7.22442e-05 498.6 455 8.623281 33.885980 14.142301 48.008142
447 2.0283 0.000100202 499.741 456 8.623281 33.885980 14.142301 48.008142
448 2.0283 0.000166314 502.02 458 8.623281 33.885980 14.142301 48.008142
449 2.0283 0.000106605 503.126 459 8.623281 33.885980 14.142301 48.008142
450 2.0283 8.52351e-05 504.258 460 8.623281 33.885980 14.142301 48.008142
451 2.0283 0.000118098 505.395 461 8.623281 33.885980 14.142301 48.008142
452 2.0283 7.16676e-05 506.528 462 8.623281 33.885980 14.142301 48.008142
453 2.0283 9.08267e-05 507.668 463 8.623281 33.885980 14.142301 48.008142
454 2.0283 0.000112121 508.8 464 8.623281 33.885980 14.142301 48.008142
455 2.0283 0.000108822 509.917 465 8.623281 33.885980 14.142301 48.008142
456 2.0283 0.000129734 511.051 466 8.623281 33.885980 14.142301 48.008142
457 2.0283 0.000111165 512.189 467 8.623281 33.885980 14.142301 48.008142
458 2.0283 7.23637e-05 513.335 468 8.623281 33.885980 14.142301 48.008142
459 2.0283 6.44769e-05 514.473 469 8.623281 33.885980 14.142301 48.008142
460 2.0283 8.37301e-05 515.615 470 8.623281 33.885980 14.142301 48.008142
461 2.0283 0.000132292 516.758 471 8.619427 33.885980 14.142301 48.008142
462 2.0283 9.63095e-05 517.904 472 8.619427 33.885980 14.142301 48.008142
463 2.0283 0.000102042 519.05 473 8.619427 33.885980 14.142301 48.008142
464 2.0283 8.3738e-05 520.195 474 8.619427 33.885980 14.142301 48.008142
465 2.0283 7.49522e-05 521.334 475 8.619427 33.885980 14.142301 48.008142
466 2.0283 0.00012547 522.47 476 8.619427 33.885980 14.142301 48.008142
467 2.0283 8.99749e-05 523.63 477 8.619427 33.885980 14.142301 48.008142
468 2.0283 8.44182e-05 524.783 478 8.619427 33.885980 14.142301 48.008142
469 2.0283 0.000125181 525.92 479 8.619427 33.885980 14.142301 48.008142
470 2.0283 0.000227287 527.056 480 8.619427 33.885980 14.142301 48.008142
471 2.0283 7.53372e-05 528.184 481 8.619427 33.885980 14.142301 48.008142
472 2.0283 5.63481e-05 529.277 482 8.619427 33.885980 14.142301 48.008142
473 2.0283 7.29097e-05 530.396 483 8.619427 33.885980 14.142301 48.008142
474 2.0283 0.000134853 531.538 484 8.619427 33.885980 14.142301 48.008142
475 2.0283 7.00599e-05 532.684 485 8.619427 33.885980 14.142301 48.008142
476 2.0283 6.59993e-05 533.818 486 8.619427 33.885980 14.142301 48.008142
477 2.0283 0.000179297 534.957 487 8.619427 33.885980 14.142301 48.008142
478 2.0283 7.09029e-05 536.097 488 8.619427 33.885980 14.142301 48.008142
479 2.0283 6.48501e-05 537.233 489 8.619427 33.885980 14.142301 48.008142
480 2.0283 8.81288e-05 538.387 490 8.619427 33.885980 14.142301 48.008142
481 2.0283 0.000142808 539.533 491 8.619427 33.885980 14.142301 48.008142
482 2.0283 0.000107596 540.676 492 8.619427 33.885980 14.142301 48.008142
483 2.0283 5.69082e-05 541.814 493 8.619427 33.885980 14.142301 48.008142
484 2.0283 5.73058e-05 542.947 494 8.619427 33.885980 14.142301 48.008142
485 2.0283 9.27204e-05 544.093 495 8.619427 33.885980 14.142301 48.008142
486 2.0283 7.09715e-05 545.231 496 8.619427 33.885980 14.142301 48.008142
487 2.0283 8.75136e-05 546.37 497 8.619427 33.885980 14.142301 48.008142
488 2.0283 6.47809e-05 547.516 498 8.619427 33.885980 14.142301 48.008142
489 2.0283 5.96977e-05 548.661 499 8.619427 33.885980 14.142301 48.008142
490 2.0283 9.54965e-05 549.803 500 8.619427 33.885980 14.142301 48.008142
491 2.0283 6.99534e-05 550.958 501 8.619427 33.885980 14.142301 48.008142
492 2.0283 6.28033e-05 552.084 502 8.619427 33.885980 14.142301 48.008142
493 2.0283 8.20017e-05 553.225 503 8.619427 33.885980 14.142301 48.008142
494 2.0283 0.000155848 554.36 504 8.619427 33.885980 14.142301 48.008142
495 2.0283 5.67462e-05 555.504 505 8.619427 33.885980 14.142301 48.008142
496 2.0283 4.47406e-05 556.653 506 8.619427 33.885980 14.142301 48.008142
Optimization converged with status CONVERGED_GTTOL.
Total CPU time: 541.07 seconds 
Total wallclock time: 556.653 seconds 
Objective/gradient CPU time: 539.55 seconds 
Objective/gradient wallclock time: 554.741 seconds 
