-0.013050939007171157
-0.027315698652916935
-0.05297393427105184
-0.051500648360098454
-0.04121401948679838
-0.024121696624695026
-0.016112643344760508
-0.006370873952427947
-0.010563440060641385
-0.013403622719148637
-0.02424945528497215
-0.01671775087076779
0.0008720014744018203
0.014950212558792746
0.002477503529348324
-0.0019050963864176264
-0.01152366797029617
0.000912666163019683
0.012177218207777918
0.019819386180674733
0.04383122036538436
0.05186591181556108
0.03139995000449538
0.02102700006006221
-0.003122351362245953
0.028001798279772866
0.06600323668035966
0.08487335612982055
0.10358374006257473
0.09020972384231289
0.06901278196365568
0.03979511853773758
0.024373441781392044
0.12040124667922825
0.1854849195214979
0.20666306997201875
0.20682432624191352
0.14912591501408518
0.11501393543160218
0.0762451509380852
0.11854552664268875
0.23979590318203142
0.2496135984037879
0.2022691872641275
0.20841546119406423
0.1837688474470408
0.14583728661339534
0.08627462957381464
0.27121411008918145
0.2581583254545369
0.1470851551919644
0.11491104821891884
0.17923633259518632
0.2127455276797488
0.16186182509508124
0.08322294770479889
0.38185328983130706
0.13572059189725474
0.06338982349197052
0.0860579696366369
0.19171732277011153
0.2499176512859796
0.19140279435208482
0.0823639742428752
0.4450574598179063
0.08690844785353993
0.09419375403110983
0.17179158299184955
0.24623995251806086
0.30496560047997573
0.22763014327794093
0.09352930838021932
0.45831153271071495
0.13293567193744582
0.17164231580822908
0.21429279969900994
0.21601792899745562
0.2781641190910587
0.2641380215516812
0.15621207153184208
0.3840644683407904
0.17640387499184876
0.18946196770977855
0.1862381904953688
0.1329663642735364
0.19274743520235768
0.2603828650636754
0.24364351917772153
0.2606450254237862
0.1573261760671001
0.14260016370762782
0.10864617688403456
0.041840967415929124
0.08610137679877716
0.15536544877955336
0.21181056101814863
0.12349943766716155
0.062042977320486345
0.07081093267179966
0.03978778146050431
-0.020339075243347313
0.014027422374891088
0.06558180680616993
0.11844438925135715
0.06597472431451792
0.03292790201893913
0.021954555720901454
0.0014961977195417286
-0.03603913585166724
-0.028223904410189803
0.012374538488667718
0.05224094085873546
0.01893568507291365
0.003942834645717652
-0.009733241623670901
-0.01252037043563882
-0.037417078870415864
-0.04517650616853592
-0.023072322139782834
0.009199769928132354
-0.0022359092382099716
-0.014655411715893255
-0.03060198600481606
-0.04034965990671093
-0.05845802168439993
-0.06279982052559371
-0.03677578818300181
-0.00789169782004112
0.04559097656177126
0.035028084525681874
0.016100528136632004
-0.0038097604501755086
-0.014118769283293845
-0.01721850129042349
-0.01543290356213932
-0.0072604661403986685
0.053679435598750935
0.033416462415029935
0.010470927966247264
-0.0060502075282760324
-0.023605274938832244
-0.020753576416348292
-0.024508760738155975
-0.016766002972244256
0.05809982401581597
0.02803403924507495
0.010694579530776781
-0.008041368447234428
-0.018130162441066404
-0.015127917751155009
-0.023884135272851787
-0.025802573121703566
0.05659529410027601
0.025205269334784095
0.01420181506885136
-0.002810808001072215
-0.01942492152005601
-0.01377566686184482
-0.02475366917020843
-0.031707680368996655
0.0463293089314574
0.027460219958388977
0.020901640464550866
0.0052701524385242796
-0.013338804445288777
-0.009142750651242596
-0.027289397836600025
-0.0318772590827439
0.04118637045822874
0.02670173540166911
0.020910333676589
0.0068264364080465965
-0.015885991356302705
-0.005649817329771397
-0.020520050320883592
-0.023196719419826303
0.031246348591553577
0.02580952934623933
0.03086678837866783
0.016823552559919217
-0.009081934394197601
0.008279581921437157
-0.011976103832034242
-0.015943328746729196
0.02120917707465598
0.0378395088509596
0.04141069313448786
0.023929339027630774
-0.007171699623744964
0.024173214933160374
0.008276380324935852
-0.0015669622261510294
0.006626180206688577
0.05370223414103697
0.05869190848427488
0.03280567899572561
0.01287244832220001
0.0430133038166227
0.03956734096415804
0.02838186219354397
-0.00097306500811836
0.05932367661977994
0.07862132526312822
0.05964712015471858
0.022223384707429295
0.04452936588401904
0.05270454480437441
0.05979064145537228
-0.005799301609110102
0.07110138209369908
0.10054765117334746
0.05364052871159616
-0.0016745651547722435
0.02414332391173338
0.051722920784327144
0.08822292042837653
-0.010040922408349168
0.07263128897088335
0.09667473684940207
0.04421938900679947
-0.007478889395542463
0.003749617377297846
0.061290304567726814
0.10483879296099842
-0.008314315543136056
0.06104547405530338
0.07286143179581636
0.026221024510151514
-0.01314231362380522
0.00792633646309694
0.07154969137245457
0.0908161379125144
0.005797614935476549
0.04738366551737262
0.05508870757706329
0.011265327073946766
-0.002119021773783372
0.022189067699037498
0.07485515394264887
0.06271872342838339
0.02593858838464562
0.050629126746572585
0.05066817984790971
0.024970777133754285
0.035691603549286355
0.05536736284047701
0.07223760991784323
0.0286517469374452
0.030429572077957073
0.06573624917758447
0.07800358742812483
0.08438912441469457
0.07615805215814628
0.054494585350013586
0.031467462773878345
0.0023905772128467455
-0.0033454044331855523
-0.01359515979588435
-0.009854925677770254
-0.010285548347366273
-0.0144203067478011
-0.013785803281546466
-0.013376996869835444
0.0010179460027270877
-0.0036724267053385787
-0.009823133807822248
-0.006340095427246022
0.003999990091324131
0.010725541618871896
0.019052022563946724
0.0005159299573921224
0.01070913820831396
-0.0031956714751548506
0.002336617367665805
0.013683860525889036
0.03240874354179681
0.045294907162274745
0.039914782009207776
0.010387607698672061
0.020132801429453704
0.009547274574875348
0.028061525550293245
0.044813700859311155
0.0548551806202023
0.06099982626064211
0.03471519878815339
0.007829285413885738
0.020354940185818682
0.029467412419669933
0.07439729654186104
0.0868426561831918
0.07878748225261219
0.06019736286515824
0.018647076083342422
0.00025009226846875855
0.018810127325641246
0.09078263267550185
0.11736040099119388
0.06363931229211436
0.03245017008979714
0.014970181607606688
-0.01987833011927028
-0.02575088454749293
-0.006517314026004117
0.15515268200089244
0.08723832001438814
0.000939945976661757
-0.008987522275586515
-0.024256941185806548
-0.03568683966188244
-0.027431754938040606
-0.022345280843044144
0.19838814794098017
0.02660769355235444
-0.0379193921563592
-0.0320244245860899
-0.04023405435809603
-0.02981787612544692
-0.02549290549925922
-0.023548076537844385
0.21708138475657987
-0.02418383893608029
-0.04073882043305952
-0.030826414204935704
-0.0322845347267726
-0.022394278934810906
-0.031595420475550515
-0.017026488240876398
0.22214828907450948
-0.015935627859269993
-0.01798077944354581
-0.021040297067375084
-0.016340307711762626
-0.008666524232687559
-0.013221216742123206
0.007490945545684207
0.19022822604842032
0.026716034265506197
0.013843476510468295
-0.0005848764662642021
0.01166215520352089
0.019685685058003326
0.01663151001089328
0.028725607076422337
0.1410857668948435
0.07114045526399143
0.05173648739127304
0.03924661438780285
0.05238879631322238
0.05054713564818826
0.03819162564240396
0.03200606817226264
0.07860699114150208
0.06804633431680243
0.06952070367183373
0.05388892849670493
0.05436803669040111
0.043227832666578404
0.030781280118561762
0.025742396763609354
0.030775069069312273
0.03490789092380454
0.05444252297784459
0.05222801883317858
0.03826860953010886
0.019706807065463842
0.011057995533153646
0.013945141747058857
0.0028393467751615786
0.0016806035281733463
0.020818238736479897
0.027415537368121027
0.01812937376393276
0.0075678001978633745
0.007957340439466226
0.006115832136782929
-0.00779470870760756
-0.02122909653036369
-0.010107389471978392
0.003473083562335595
0.006456800506017555
0.0026164548651358204
0.00581273334342139
0.006341126632845685
-0.011477254815420787
-0.027499693844514884
-0.044794148713433124
-0.03650807045059527
-0.004921543180665152
0.02439430372996274
0.020209523972757267
0.01928105534795129
-0.020796456223524173
-0.028545648819121392
-0.03611766494108836
-0.01994778721556098
-0.0003707611064434141
0.02377322124424266
0.023569235029583874
0.0250644179207483
-0.03630866275973832
-0.03608546504312921
-0.0381304098979746
-0.011344838975107923
0.00022112079949405502
0.015940548798281023
0.028693201586303077
0.031879576526614106
-0.06904676171782918
-0.0500286738009554
-0.05588292182488415
-0.029358216526181775
-0.009721720508806453
0.018401351402332275
0.031238525262567995
0.027421017398595322
-0.14270081408791432
-0.1280087488217203
-0.16433989094852422
-0.16718454016384915
-0.15299621778774314
-0.12241671030339764
-0.05843771463018457
-0.029780785835293696
-0.23999587340227901
-0.20139889778208842
-0.19867093608134093
-0.190584691737929
-0.19757899010110713
-0.15120487248612444
-0.06184386252608081
-0.04018321916377285
-0.34618128018859523
-0.22027900302600187
-0.1685311341561246
-0.1981274611992835
-0.24608022067008287
-0.14288664442841265
-0.08031627309926108
-0.07647296031013393
-0.37752613632786297
-0.19805289349250885
-0.15937477004867087
-0.18044416979445435
-0.21931136559416997
-0.07968527160282594
-0.05494459106049975
-0.11370260840932854
-0.3336061590000969
-0.1081428120875493
-0.08608531969268156
-0.1523881449518568
-0.1562985931209094
-0.05664536373082777
-0.014247706584823074
-0.1319464529626592
-0.2823342915697942
-0.12255009782445953
-0.1318545678691219
-0.13778607649941874
-0.11678494541115071
-0.07135530841455957
-0.03478440872750652
-0.15050544770701826
-0.15268669215560224
-0.10552078894707015
-0.13618073994335286
-0.08941880401724595
-0.05739985900936457
-0.047555210791152006
-0.07574128660463171
-0.19092342040938964
-0.034148866438359245
-0.08017575328454
-0.12744832147243385
-0.11256096851406527
-0.09671360853431
-0.0521399026138676
-0.07931271740100855
-0.12952355313617286
0.07216565128504979
0.01486422135985645
-0.012441293121150977
0.0035791681506684657
-0.0013956907440901098
0.05133037886187499
0.03340267226979396
-0.007853099055009662
0.08857649934096407
0.04121237857790287
0.006145946100166603
0.019775282901640788
0.019285298108763137
0.051304480565293735
0.04609512211729747
0.011923224080980637
0.062098404234868614
0.06093253882240921
0.017469236065266056
0.026436162178211826
0.017983139888527143
0.02657928203343179
0.04065115140532477
0.023302229255068727
0.030963611609532923
0.06725048763079422
0.06068763694783086
0.05384715665940796
0.02012565297477958
0.006902271675021443
0.011284812974880194
0.017333464337120495
-0.0019168316710550908
0.0036540385683627497
0.001765424460841865
0.0130120611491188
0.02467329186634905
0.03005607427056104
0.01907322609143842
0.011991077463927765
0.0010644564864776183
0.020900724220320285
0.03625221157361156
0.04630660668216791
0.056097446443959205
0.04998477507847424
0.02642595025232459
0.03158394261124251
0.014759552783178524
0.06436811031465654
0.09666620656825166
0.10987731913505458
0.12352996233850322
0.1232571746567634
0.08459759642438644
0.0842526436926803
0.046759845773868
0.13553552005465422
0.18850598280411035
0.20667748749746254
0.21296142260033818
0.1891874172452151
0.14164630014927507
0.16249359599025676
0.12824183989816548
0.27408669434723004
0.31393310779543626
0.30580553776702135
0.2755262823619508
0.23289733654960684
0.1837256763446916
0.23045757891979693
0.2857134805535896
0.3635183534997443
0.299123165110593
0.226048742997025
0.2142312936596119
0.21175713168245436
0.1949624207233815
0.21476870146766364
0.4264486725064646
0.3771430656557983
0.2716549385850926
0.2464822755653032
0.27178892406513416
0.26607420126212483
0.2175894113660094
0.1478809405259749
0.5289819323434637
0.3703074045516944
0.3255337067482973
0.3155987907838508
0.2899585848333183
0.20620002247309768
0.11047757589251474
0.044581891589201096
0.5619618807887898
0.30946979791252277
0.26319733980004606
0.20357710082882263
0.1309820163150525
0.061505919267447536
0.00565346761034835
0.014481136147112602
0.5340332196439473
0.2417092608382171
0.14341102249367046
0.0656331572250968
0.02125326171551067
-0.0017200299677458649
0.0056303346948986385
0.05425823696745757
0.4610804348511226
0.300392834437751
0.18402095341801325
0.12168124807921818
0.07991130461928544
0.07579226465385488
0.10242305338767531
0.1474141613671183
0.29948334731329374
0.27699217655237823
0.23417033392359518
0.22094394654969446
0.190352353600843
0.17995083384510072
0.175202925982039
0.17145080986972364
0.14852037928276476
0.19888562212272304
0.19419676359149438
0.19242995498367516
0.16846578643329985
0.1558243268559074
0.14089109542572648
0.11855364457253319
0.04057147577831217
0.08744914059230126
0.10544291558098734
0.11625421064314294
0.11129773025429067
0.0944754172470749
0.08065527350162346
0.06292753068708812
0.0017384469889441733
0.01904962922546305
0.050350970613296804
0.051263316795194365
0.03723712695067197
0.028067620124309786
0.0319748810022951
0.027885185008205422
-0.0038787329702422413
-0.009696008749658468
0.0027964863109090224
0.013343868695766217
0.014875139381697529
0.011849160988504906
0.023934868524925546
0.018671614467884495
-0.02486863539814198
-0.0041713258234772396
0.009466246466194263
0.024096563680385357
0.0394236099096868
0.04517013192948197
0.041306218521048606
0.017431711299317545
-0.03719728383488662
-0.001631586908773247
0.017867994150343437
0.02601099202286107
0.02581337081797504
0.028559098372005612
0.03966529370075243
0.0344395644988378
-0.05459167130116857
-0.0058808863398307765
0.017940157045510677
0.026255982525601594
0.012933055727069133
0.002130789411824736
0.018149414504079066
0.022856106168040787
-0.06471976717317669
-0.0011801247278690845
0.018686508396184704
0.014140030001142714
-0.01774696720781613
-0.02730748120123869
-0.018073648428217605
-0.010000535441061057
-0.0868011354454928
-0.00816519559531348
0.004602746911991328
-0.012941046202915332
-0.026876049286495944
-0.021293764224964658
-0.02336566931137822
-0.030781042064517115
-0.09974859745281953
-0.022714759343086234
-0.03215540135825884
-0.03459370107312897
-0.037527399630234784
-0.03600481137813184
-0.03496443318996726
-0.045509924081317696
-0.12552966548330058
-0.06401982328665272
-0.044857700707907934
-0.014795695731016334
-0.02943626473985999
-0.03874675223310171
-0.03809800448824298
-0.05139298558764114
-0.11633306041060988
-0.055228710528479066
-0.028063831034172874
-0.009699546346647289
-0.021926372208990175
-0.0193913683668614
-0.032034285050868354
-0.050974092274072166
-0.0983055313629619
-0.06032150031456387
-0.020915631332658512
-0.011061853619033236
-0.02841294062189021
-0.03125578225492364
-0.045627299643460704
-0.053287464593209946
-0.08896617476972506
-0.07220768353233319
-0.007504027362392854
0.009386020662969058
-0.011823917180031602
-0.02495560201457998
-0.059190185799941966
-0.07304214970410636
-0.08331603080788316
-0.08886684763143807
-0.01765735135442969
0.0005903167150682741
-0.019249966775681204
-0.018218373347724165
-0.04338023755044357
-0.07942559319476553
-0.0616282036424224
-0.07167932510981144
-0.017688453048182732
0.013990657643249346
-0.010887724821849661
-0.012751975482182473
-0.02499094531677433
-0.06341057383217859
-0.04664487688799804
-0.04639926575918696
-0.02299240501116654
0.00552216350086545
-0.01900348083608036
-0.026078636871324404
-0.03899240650961856
-0.0652344336778588
-0.02846004225910854
-0.023079887306012146
-0.009967314983146696
0.020900457270306986
-0.001090958261571979
-0.015369310327937374
-0.02926624418717336
-0.04979314624981904
-0.01661980552208992
-0.013297830970175931
-0.004842806665436339
0.017668448596016222
0.0024789605508886707
-0.00452629146196666
-0.019757243250727276
-0.032561362022761116
-0.010914581830621165
-0.008493672229116336
0.0005237204287473101
0.012616349978497516
0.008190697351347717
0.0006241480866708117
-0.005929860167136371
-0.01812245364727889
0.007475063254668563
0.03842939466363497
0.09769762799965634
0.14370947680117968
0.1551236172207712
0.13291665968025124
0.09339107249609957
0.03332635680290816
0.03226994019649551
0.08110693683331313
0.12023950322080325
0.10582219355944018
0.10357555811568148
0.11329702231755294
0.10408971990637608
0.05256976324566294
0.05634824073884429
0.11020261695430139
0.12921377159233546
0.09987753008770965
0.11248919120135244
0.14113021797581107
0.1171503222439734
0.05961513777754318
0.07786297022589626
0.11040377846674805
0.11965076515106877
0.11040636386972492
0.12606324433823837
0.161269101463675
0.125183097660337
0.06094627386956553
0.07404728453046584
0.08616026926822873
0.09530943176116924
0.09087624341798074
0.11153799617197654
0.15780277725377975
0.11651324238372099
0.05456528511273489
0.039419754727514494
0.041509654164869784
0.06577564944960494
0.08306629795973115
0.09977888638244338
0.142243366720342
0.14509928592792232
0.059987337362079986
-0.004276797541062679
0.017218803087350572
0.054023072379485435
0.05895772216708664
0.06142730703459581
0.11114068189727468
0.14663625620393633
0.07474718971270207
-0.04425267449067511
-0.006806845308633185
0.01902566633736773
0.020537109584534564
0.03029328693836519
0.08380605937285333
0.14244317793618771
0.08618754188370512
-0.049107758463109344
-0.0009020564042064748
0.014224625240019658
0.008228543017300359
0.025059461214451077
0.07141337536256165
0.13145599243348344
0.10364481548403111
-0.04070549264621796
0.0013534389176265513
0.013648442387830587
0.010227519824405302
0.016470252061290082
0.054729333391313494
0.11273234793364005
0.11329815229233177
-0.01820711618381096
-0.008393761067540167
0.008463301447886483
0.0030093635796984075
0.016753632450474308
0.04721708656012713
0.09589138009626488
0.11299267027793833
0.02267891813784509
0.013464913897909363
-0.0068328850459722455
-0.023148206964316558
-0.0002900618293504874
0.030541029562732473
0.08211787930272749
0.11770154639898697
0.05241919071938625
0.04882941630385147
0.031086343925072816
0.012650840948304539
0.036338547777042984
0.05529283918381214
0.10749536117221846
0.1294341060431241
0.0694251505966169
0.07519693198753934
0.0477599270204763
0.03565345356359535
0.0691929078558436
0.08295821991500645
0.12497652369375661
0.10561733253914944
0.05512260923583758
0.09609940425310821
0.08482769640345438
0.07010031457403046
0.08731638131458136
0.09463357177364819
0.10945588848398813
0.06505122979434083
0.04396975672722587
0.10861239279183565
0.15196213287491994
0.16322713612094514
0.1542454522436554
0.1225562208140778
0.08303538906358404
0.02886758499565037
0.024971379612289766
0.013749237538643511
-0.005209679843148785
-0.02071177779292001
-0.015857050820461665
-0.016101780073498825
-0.006661217534075055
-0.0013514139427473408
0.03680790396466132
0.013948682443333072
-0.0007961006661805969
-0.01632952853421634
-0.01299709888734683
-0.016423513705781607
-0.008072248547277932
-0.005694889599261339
0.043412011845485016
0.01080851751857402
-0.005802889818981003
-0.01840217021248434
-0.020697517394329876
-0.024073291511925252
-0.011962691390719395
-0.010448610039291433
0.04451661165391521
0.011258139401771878
-0.0031820232983499016
-0.021651422822538773
-0.028332799672605966
-0.025802840460661402
-0.021629729137325523
-0.013668576137959321
0.041708557393732214
0.013949277377791837
-0.0055832385231976344
-0.03774658182244283
-0.05289934485713289
-0.04038048454894645
-0.03627174727947508
-0.021627445025099
0.02768416093950921
0.009030021287192066
-0.016963016056786653
-0.04146302068817755
-0.05231552545806247
-0.03893931157415386
-0.03178425315647326
-0.026862891099014283
0.01912311265658381
0.004361715367456313
-0.01986425406381218
-0.024633191813189
-0.0322007809133139
-0.021061440049364315
-0.022981732591290206
-0.03223109876375807
0.004981474765480977
0.006392293403357716
-0.0022852773697204874
-0.006833383327343878
-0.011980708081381923
0.0010863886905102603
-0.004041664719984855
-0.03337561517427692
0.00037861756658325393
0.020092635417313084
0.02401202112143658
0.01517387640621018
0.011552406070012086
0.012518624121152597
0.00957294701858424
-0.030996077699306828
-0.004064302748437105
0.02002403889207366
0.03628644564394916
0.01789692093968182
0.016839216891935346
0.016773981999560473
0.01267074143227193
-0.0280450665752258
-0.0010843820749608431
0.03484732827719694
0.04693295005518828
0.009976586569330577
0.010945716257704283
0.006190152169497514
0.02313855211447779
-0.011276357250209992
0.0010921714494085528
0.042143845020085086
0.03313593704551994
-0.007424395550122919
-0.003005623396188341
-0.005747112127567329
0.033379607762383696
0.012460536613191204
0.010236215253200832
0.048069931786409885
0.031874079251584926
-0.00299626892021638
-0.006993187151910707
-0.006275257311833792
0.032263788675310975
0.02947526408571029
0.014782390412657376
0.042328645707953735
0.022371514017396357
-0.019110994665097313
-0.022185856817621877
-0.006178759204875205
0.025352676250466662
0.037839344907258994
0.013128929450692323
0.033053719373373376
0.011975970884570546
-0.02132972766052022
-0.021734056423114607
-0.00013116570773566877
0.022298186213025057
0.03564018980071619
0.006883247796732695
0.013070560578526732
-0.007104056398526525
-0.026284036168811142
-0.025249632943764193
-0.002736684320865253
0.019322824959259115
0.029623669979018514
0.017563264626970526
0.07485424482850324
0.20462503906476354
0.27949887900387166
0.2639902038166436
0.13517243521901356
0.04249224918117845
0.007771108353600518
0.003604541494408541
0.01646104758743098
0.07657680028337512
0.11329049776525313
0.1291366449282149
0.055573416159636436
0.016789250996917433
-0.0012260965536959477
-0.01325852040525826
-0.01121346073445731
0.018566585231554678
0.04106109371048551
0.06526907090736643
0.017088000479685134
-0.003725906243278651
-0.010805412936783913
-0.03711037181603657
-0.03968392054246755
-0.019298567414326454
-0.00964928854339681
0.014198802121029053
-0.014913757389852319
-0.021093662919857474
-0.018913739352697904
-0.07015316183597957
-0.05514220225990589
-0.03209261563748638
-0.011258551269424533
0.0031026734293131955
-0.034139251452796955
-0.04121916885968272
-0.037678795495400395
-0.09907578396175853
-0.06352634209593655
-0.03177969159502382
0.024885031642261492
0.04965213214551605
-0.0096576608210982
-0.026197425529434246
-0.04420023064928379
-0.1254883417747131
-0.06898002925291297
-0.010696207905318493
0.07136325288978826
0.09182457181960137
0.0021590484201442013
-0.023746308862733
-0.04819780521276253
-0.1454646487657879
-0.06008817665721847
-0.009386546497021137
0.09676352558907826
0.15060537174475747
0.02399774979025886
-0.02184387796663772
-0.045892995324493
-0.15171876780829005
-0.06478312112165886
0.023123218400831133
0.1696723225549177
0.2078774963058573
0.02935235341827894
-0.021641090844755035
-0.04844694989022112
-0.1442074631661316
-0.04898598810227046
0.059695404427035
0.20993621491550857
0.24561185428893967
0.0461971106401981
-0.025096339407164853
-0.06005112482272112
-0.12680056009596308
-0.037685173473879625
0.060410492723252156
0.22437971322638203
0.25484098223487395
0.06075420924576803
-0.03079766712791963
-0.07549066502409864
-0.09250119074230477
-0.018207326455031207
0.06536027135315156
0.2104400797016999
0.2185664598540931
0.03743451027962262
-0.05424978868960376
-0.07634637784160157
-0.06374240629300909
-0.026673119857138283
0.05630881253808649
0.18060776823040406
0.20758609124521404
0.06452011937732982
-0.004049296981552834
-0.030061700098599976
-0.020950734500711946
0.013045632471982305
0.09256061099804053
0.18803666271498218
0.2321324419041722
0.11403499292072515
0.026064922872678663
-0.004111501084901575
-0.004486939339981782
0.027220373366185827
0.09894870647358908
0.1747935162317993
0.23388582936189664
0.14025128429351794
0.05068303104838534
0.005853964320424736
0.004769553136679836
0.032435839484515824
0.10221908589807645
0.16750868961434043
0.24957507887885455
0.18031453552726792
0.06872603775127947
0.017644862044057543
-0.00010890538141157267
-0.0005583842242580573
0.0015594271466532383
-0.0024716233407995705
-0.009782999288837574
-0.004639835857703074
-0.004783777923863326
-0.004171091233375029
-0.0012613881773059473
-0.0035520741005777
-0.005492416112354843
-0.009714298504556391
-0.014554981949970248
-0.006247951505481693
-0.005413653687750546
-0.005339589860577811
-0.003640198243849161
-0.007190920567228057
-0.007879523821785134
-0.013733275924378022
-0.016959704429075163
-0.011661080668367588
-0.009838558559433783
-0.009918335243734998
-0.006859621230400263
-0.013431927605433262
-0.013683615369211963
-0.01987286843731518
-0.019971805678317498
-0.010768143672215192
-0.005701435093692157
-0.008678270606916795
-0.02610325016879208
-0.029133640284203514
-0.023671645270897657
-0.030275283231357707
-0.03323106740343818
-0.022231733856030104
-0.012727822017863528
-0.016082073175080303
-0.0505287539492255
-0.034101465431639076
-0.028258607169699152
-0.043769052498061
-0.04105290788278361
-0.02525106683027716
-0.01768610432221806
-0.023987117018283127
-0.0650668782735607
-0.03748584715709942
-0.03406607907045812
-0.045439661225967994
-0.04063506615620126
-0.014536193060766965
-0.012909449985372995
-0.029595299897878825
-0.07735483086151478
-0.04954064540476056
-0.04525310052979218
-0.0646764029125608
-0.04485774957667225
-0.014238104769899028
-0.013874687824019911
-0.029665025874771316
-0.0777808472010193
-0.05904355394595974
-0.05500128862902499
-0.0604918966388985
-0.03036938148344732
-0.012560263767053579
-0.021522113458475
-0.03318613905003114
-0.06704501307673819
-0.06525535751169888
-0.05562948706941235
-0.05148571796379985
-0.03749733331089531
-0.026191734973053084
-0.03449417741020414
-0.042125159597887964
-0.04360798635207448
-0.043237042432863845
-0.044078579889587306
-0.050016866251648785
-0.03640633524755129
-0.023894124576829778
-0.02644203470110184
-0.03708540355244616
-0.027829993364806967
-0.026176731778827223
-0.026294632129676518
-0.0367940046770809
-0.026309490756798153
-0.006906797405324842
-0.009182273148330429
-0.021879629105371657
-0.017140576809815664
-0.009185046333152806
-0.010997841140315066
-0.022566127331339093
-0.01929152032126782
0.00023389925057406866
-0.0011761526165815382
-0.004140466567403238
-0.012332417473736968
-0.005207551015875715
-0.007087172455060359
-0.015645664515846956
-0.01933387984673468
0.0018694633580729684
0.004694626240034093
0.0021529079970627114
-0.006840630947962294
7.052450022596714e-05
0.0014722838412026531
-0.004125050003723146
-0.01063778858490252
0.007181677095381159
0.008843200985143625
0.0029782018782727273
-0.004495473212844109
-0.001816509998208713
0.0034044710560490682
0.006578499598265363
0.0010511688532420177
0.009450556186311035
0.005516574744816987
-0.0002901810523279181
0.023809317777807624
0.016011708039019617
-0.001618745562311759
-0.01813676755436251
-0.016596182382944247
-0.006481096053372823
-0.0030575260070937514
-0.0030334268733070826
0.03212701196039095
0.017720790231218763
5.6590985976750175e-05
-0.014926238160975887
-0.01331093575991552
-0.004328652087560901
-0.0015719722532731469
-0.0018688193065150669
0.04608452182037419
0.02546365161734214
0.004338481144318213
-0.014433913779492803
-0.013586181008331531
-0.0037725944437406295
-0.002304752117238403
-0.002721875407173235
0.05347749582635087
0.02693874719955398
-0.0025530827075962935
-0.02045125190567095
-0.007963674988731089
0.007024197541026421
-0.0017096761356520855
-0.006714914965402083
0.05511203136720988
0.0186416575154804
-0.007874438437932906
-0.017483752277046512
0.0010076806395275576
0.007676226178322663
-0.0035158944879325068
-0.005453141066556906
0.04824182752164627
0.017369462617723746
0.005521771459047676
-0.00508391217877131
0.010526167030351849
0.013536279524516777
0.005392989850994541
-0.0020591051882532406
0.03943837893828746
0.027488778289160538
0.023491038268354518
0.01253035184728396
0.02579237181421584
0.02793999565682259
0.014021250655648501
-0.0006282846479930073
0.03326621529409766
0.04507048872399543
0.0432790816513392
0.018552966439448638
0.02511591120930159
0.023218447497790347
0.01267483716541538
-0.0023793845198746993
0.03362141557866733
0.06618561710162935
0.06055160911991417
0.029911221917659513
0.02669727062139188
0.021836330023180632
0.007815068273984115
-0.007865117669493861
0.03679607086599617
0.07107539905438882
0.06023571736683704
0.02744192724688987
0.02148504239945473
0.01802605791136793
0.005286394022917497
-0.01002529338274486
0.04168613719847551
0.06830806789322741
0.05961405784539917
0.027958988121734172
0.024539218338927166
0.02283861815728438
0.008491991562461174
-0.005655286862638426
0.04020441365244185
0.059284935865944036
0.05258204900203784
0.02660856561706565
0.02608125809570869
0.02831685582138913
0.017778301532125697
0.002782664176671418
0.044200452032997585
0.04815751455119678
0.03483690272816314
0.014974091324826917
0.021521424584113314
0.03371010718094121
0.03396839031069156
0.02038778330192545
0.03949906678140816
0.04237431992430446
0.022079048468477556
-0.0030282071217255448
0.005463864527526519
0.024180961482305648
0.03235126922689148
0.025545501877359645
0.033532895763878245
0.02953437135795247
0.011746814892939007
-0.009093902457856571
-0.0033706628410356456
0.013590943201138662
0.02842073438739218
0.025246310336560978
0.021360184226481085
0.023925154093127697
0.00672627036795118
-0.011505518313089562
-0.014214338901504291
-0.002347727594435166
0.01574779705659693
0.021516261053349924
-0.0019453109160658061
0.006910534111806561
0.05570966773008733
0.1008968674810417
0.07346480105490533
0.024312388304297886
0.0025759347713535065
-0.009254079033142763
-0.011029692968029253
0.0006426104115913932
0.05449712528605765
0.11484322540548321
0.0919567404913756
0.014210548588550365
-0.011242312980682885
-0.022219452160224203
-0.03406144729169965
-0.016727507686092255
0.025839091574770295
0.09710749159034486
0.08592390206177684
-0.020872344010670462
-0.04679353637116691
-0.05521029504534171
-0.0557712743507902
-0.030709694269480402
-0.023798681236973332
0.07444130381240581
0.050614190185594356
-0.09038711798755637
-0.10558247512176494
-0.12360046090136464
-0.10143866866711289
-0.1008969792574762
-0.13817691043960809
-0.02241813962054365
-0.054168115968814774
-0.20080861749009657
-0.16847693866799385
-0.19861625297927485
-0.18718634205835744
-0.18779085270744234
-0.1426487523756914
0.02588771214580306
0.014258715453784866
-0.17471751221656057
-0.16694926187673584
-0.22322721016434646
-0.27611572946006685
-0.19188603840421073
-0.10452211765243082
0.04939598802618474
0.048691117977200084
-0.15618417362387804
-0.18781521520083044
-0.23950830744661794
-0.29719548020420317
-0.15186976454652784
-0.10037230989544095
0.06984661304532021
0.06161476151446286
-0.1223318788752756
-0.174965024045009
-0.21448440365897437
-0.33323275366817773
-0.17143271741993726
-0.11133458932672924
0.07825130822333903
0.06825542464940751
-0.10380223748358527
-0.1893462563531997
-0.21945560512872955
-0.324462802727082
-0.10429570014800013
-0.047496976246880714
0.10633724066012257
0.09657818605940581
-0.08633739276758301
-0.22537691558555362
-0.2050664110465108
-0.3021086244082151
-0.10111649872820205
-0.07138660022101764
0.07510184894683931
0.05599696980398315
-0.12313781323535414
-0.24521537545001473
-0.1666449965056013
-0.2541623291440839
-0.14029981276360134
-0.09220964524292562
0.022088909722714014
-0.0018964170210305548
-0.13312736450654403
-0.1961271922216045
-0.12219941429968029
-0.131779104903839
-0.07597136537225185
-0.03306959474068203
0.02493260682378915
0.025052477931108364
-0.07525581134402679
-0.11432729138021051
-0.07493275789926475
-0.059460471339127664
-0.05496235065199834
-0.0019295211129666872
0.060924213904224006
0.08297580109621856
-0.004838701732579943
-0.05129865795479312
-0.03008237643184403
-0.006716532837038544
-0.004016204767016267
0.04054840347895474
0.09244121273050054
0.11644066026457406
0.01645532355659513
-0.02188735189333519
-0.01272771483089668
-0.00212819251461184
0.004290664744108299
0.03803218179203493
0.07713784647263927
0.13702560807617234
0.06637304032476107
0.017381141402867926
-0.0012684545632505046
-0.009654988377655136
-0.009547564251786815
-0.024114721559606023
-0.03413833921322755
-0.05480073053634549
-0.046761652994167194
-0.046173430882929786
-0.03393379686847984
-0.01605317234053288
-0.0157341325921486
-0.03416449705375014
-0.03298195756239261
-0.05255095577830408
-0.03901428787488085
-0.04093522429218092
-0.03903229840285027
-0.02314342330846112
-0.019717000434142852
-0.036419287483942756
-0.0318411381210891
-0.06470224123384079
-0.04726792444028468
-0.04146089749878339
-0.038396672555583655
-0.026650496663124936
-0.021548904759636903
-0.03804226775124319
-0.04802195534023825
-0.07215763288651954
-0.03758216594394324
-0.02898099988818375
-0.03239608660402685
-0.009988490703614772
-0.020892385680376945
-0.05585419487377253
-0.06931793508618136
-0.05663135938006107
-0.016610816637790148
-0.0047024738772748036
-0.012245646299387503
0.03271891234720248
-0.012014223729042674
0.00118087200951196
0.01550752471324656
0.003308400354498595
0.03594309728070665
0.0384208572841949
0.020480234165312184
0.08500293368215078
0.035682719037715416
0.0844288540486411
0.08587243464717575
0.07131619916195547
0.10187883240759647
0.08299806802068652
0.07286996688471714
0.07404137868336658
0.06556240708195346
0.06212791406458024
0.09755956405205206
0.1042579331566055
0.06743375753385283
0.055948180998604484
0.11872131220323323
0.06880982386178924
0.07447396201259784
0.022649638978688796
0.08986462402759925
0.08341121481460441
0.013654840388976682
0.019237962130100202
0.14284198162840553
0.046771884001691
0.0322708969587765
-0.018273225817812665
0.031234721402290076
0.026044488870292374
-0.034130777472527164
-0.029558681876582102
0.12670906846347538
-0.003066399716895402
-0.03422359388095323
-0.04985894888267825
-0.027684251831413043
-0.042015847567653655
-0.06789117259339025
-0.04428550831708175
0.06528404706394154
-0.04826358016887049
-0.05357100327098859
-0.05932337348758946
-0.06688848188302073
-0.06857841498254329
-0.06985862506494804
-0.040912377334349936
0.005910698175064621
-0.0683878498786752
-0.04830144460908966
-0.038814637776294764
-0.047539976375734
-0.052911468951239944
-0.04881851190860088
-0.032251927361144524
-0.017304736332533075
-0.06696639408965074
-0.05125599026090819
-0.03006642968623238
-0.039083569220166654
-0.048783575256181454
-0.030306272633715475
-0.02006594908973838
-0.0161613643921031
-0.04883336708127562
-0.04371136582040915
-0.030905003821212085
-0.04117476356890381
-0.04172286930930643
-0.020297856263841917
-0.014372773326679059
-0.011256513139979213
-0.027918164116168986
-0.04242029060374215
-0.04172085256803298
-0.040392058650107664
-0.038307019912792506
-0.02368385943175321
-0.01512050097796896
-0.009639713343706304
-0.04236361580734338
-0.08247283952478739
-0.14548180879205355
-0.16993819365613763
-0.18110148631094852
-0.17322285666969858
-0.09168126460388198
-0.04519988376526453
-0.07078555460448833
-0.10533290428692973
-0.1524569155941981
-0.13139527740759047
-0.14936638127354998
-0.16763588346063152
-0.0867608754143444
-0.06450368553159265
-0.09674578051266705
-0.16649461314208566
-0.1674594599307759
-0.08829069676247171
-0.11111468763301487
-0.12944267494149797
-0.08299184244010228
-0.08243395760529888
-0.1500783018508817
-0.21437202460370283
-0.17441941399383035
-0.11634698768480026
-0.15262958985046757
-0.16982416869087547
-0.12032391392952102
-0.10416836620465358
-0.15812007598859668
-0.22012685939148507
-0.16249680906434022
-0.04362893743561051
-0.0643748278122866
-0.12704467612195994
-0.12015764582505276
-0.13470200976809799
-0.15199993156200384
-0.24875432929140506
-0.1539119505956566
-0.06783186459091017
-0.07414497115841484
-0.10385224003654352
-0.17773538891172713
-0.1576490067938984
-0.12942846031206182
-0.20415328310421182
-0.03546320815074383
-0.054077662643806874
-0.10008863989932887
-0.21405663309059442
-0.1533994266528013
-0.109377674477703
-0.10196944935256885
-0.05186079507882115
0.04002600857981206
-0.1665001812357284
-0.26281562510847134
-0.2953296455206502
-0.0818100241134715
-0.0496454491932973
-0.09455373771269959
0.006046718899994864
-0.0638475617063478
-0.3169088765092293
-0.38888946238190014
-0.27835026450400685
-0.11024820037437846
-0.03962324887752603
-0.0890989482871129
-0.07226545010620594
-0.2033338527238092
-0.3473026383646203
-0.3218760069762232
-0.1645733375008492
-0.15719348736724362
-0.06017938328968646
-0.09700064491023425
-0.21989822626741048
-0.3243020147566905
-0.31216305142746475
-0.25928697025898934
-0.20680183978929234
-0.23523529118017075
-0.09298643515977088
0.003650589295852043
-0.19940284345599127
-0.32832679254661834
-0.2392351573568028
-0.18217285954760035
-0.13369435168779917
-0.15960932963396054
-0.042494426607996204
-0.008552966582054405
-0.1732739268846731
-0.27677623177562644
-0.18879351496618665
-0.1549559655697781
-0.15324595716702463
-0.1930005844926446
-0.11500834298611547
-0.03669646009670509
-0.1581185035809652
-0.21783534197841078
-0.15082734356576086
-0.13194658117408037
-0.13882849518191445
-0.14481972987864328
-0.09364724780087974
-0.04640496188554471
-0.14808864416171494
-0.18207808254718968
-0.1313262708326247
-0.1523721206003092
-0.1736765496270399
-0.1412782250958295
-0.07643122269276828
-0.040807708580888884
-0.12458003634014844
-0.206651210616438
-0.20719104176740227
-0.22035133969524848
-0.19119142521287533
-0.11378147816642437
-0.040000448367920695
0.002735927803367176
0.0050578348790859045
0.004900894307046413
0.008403137669778286
0.0015235368244329284
-0.013070217906185708
-0.002741282904281172
-0.0008101547000981229
0.004793566060774155
0.015515828089285562
0.03979544530630675
0.050999341451833935
0.04563501012447213
0.025867157164411257
0.018259296887754663
0.006535659545455342
0.02350621523280737
0.0603455253598307
0.09536691628180245
0.11406192637177745
0.12017036240084088
0.10703078169665882
0.07076525804687563
0.03700963378660515
0.060848429820005316
0.12611901208043372
0.16688337178323684
0.1693858949304595
0.18001531983596275
0.1734832379113996
0.14818266139158237
0.10584833409101801
0.1249614317788219
0.21532743100411414
0.23362531872389092
0.2077068890439193
0.19494345655587214
0.20569689596091534
0.22293360085757877
0.23607644779176667
0.21603604410641147
0.26035289846706844
0.18549217296018816
0.12366762196488398
0.08563137241019234
0.12312777203473331
0.20436652421324839
0.36438433066998205
0.3226729325286338
0.22514066200017632
0.07726896570857215
0.021578661870322646
-0.015610284080819851
0.020983952642064523
0.1289379296086125
0.45982615942231125
0.4111453980266799
0.11718103843802315
-0.005637514747347505
-0.035936539986977094
-0.03415541259398578
-0.008316633781462267
0.046159892012353335
0.49252222925168615
0.4545158805948403
0.052803395035179515
-0.02336085046398451
-0.04225613320475469
-0.01907519317278173
-0.0037330479220322814
0.06619907685363825
0.49146806931698983
0.46376515859071993
0.039461116777529684
-0.029037870066323506
-0.030264027569455166
0.0011666089459233695
0.04355764008795478
0.16669277573370747
0.4344500386667673
0.44284506171338023
0.09765405907638153
0.022844048024891057
0.02561105339028243
0.06998393703738488
0.15417098303880447
0.2590129388658168
0.3128427220476238
0.35528510857238355
0.16176211563064213
0.10819864754070134
0.12996487980547308
0.18068019764041685
0.23674495159698117
0.24302751193997466
0.16261264084551724
0.22507283569623954
0.1680504080502881
0.14311147879845185
0.1596031083960851
0.1860945475202829
0.186902612690143
0.14828223655182646
0.06211072543226237
0.10672410736512913
0.11064682685607975
0.10894101606626563
0.12470855528778359
0.12314997141291738
0.10694731996736433
0.06515415455382863
0.012590715260633663
0.035076730564786954
0.0461995883915538
0.039585072721836874
0.05574091154131762
0.06347654817916094
0.05498697384949252
0.020229095797359924
0.00021826096807949663
0.00548331323145894
0.021263443764677377
0.022374114883528872
0.03557877981498486
0.031647764665238436
0.01456541606441474
8.201603504729612e-05
-0.005203732482594374
0.006442650593355264
0.03535922236811683
0.07413132840741479
0.07612930594750483
0.09014075440306142
0.10236457747970386
0.05331371421079944
0.007949627431581579
0.02526508994026441
0.05030002749814792
0.07432044493391113
0.02814336195835255
0.025195370164517273
0.07561078172249452
0.08430201821102086
0.030735193096520754
0.03793072667139305
0.05329395114782205
0.06628475509662492
0.004186573893276152
0.001576101436757997
0.037771989598117686
0.0816365991506658
0.05238427515738857
0.034029365853723695
0.05080208915879125
0.05496267809454774
-0.020014677581499715
-0.022935932469460935
0.009865502077143321
0.06488199296677183
0.05703797542183494
0.010328041837967181
0.03494741888907804
0.043250131144152604
-0.03432160932448939
-0.03567155611977205
0.008906810423861726
0.052717407611803546
0.050449835432885864
-0.01552866494009622
0.034959154883055614
0.05008518379293382
-0.003967621994031542
-0.006695794688462749
0.0357140431591498
0.041471492892114145
0.03406818686061364
-0.017337687548245734
0.04871337425600634
0.062099838849016875
0.018543351938923595
-0.0031925948858148928
0.041192651437400314
0.02450945913277853
0.0038975439429378487
-0.027304559133995772
0.042560444845229084
0.0658668599016605
0.023511846247624903
-0.005920805730890738
0.020632864634067372
0.0018141031242909483
-0.023673570251721714
-0.029363720137297412
0.04527653709720808
0.05835811902429001
0.013283045828568615
-0.02600939260136426
-0.009163945733983743
-0.024766530909748674
-0.047129735542654545
-0.03295548445797351
0.04436589368996228
0.061885889667141064
0.010670859129511467
-0.03328309280086897
-0.025594086016828287
-0.03565295847045931
-0.05169304034370934
-0.023650206637602176
0.03307869162203782
0.0463508166606083
-0.011001704576488358
-0.05796770788308443
-0.03632206429766352
-0.04862267426607799
-0.05390365677117733
-0.009831445378553232
0.03340841413993883
0.049548984799625606
-0.016465415305026283
-0.06758692620350569
-0.04885538407741196
-0.05961630693357309
-0.04931438639460215
-0.0028580970655358987
0.016450381367368126
0.02572802849808255
-0.030158489193329502
-0.051544102699631035
-0.03764326815832652
-0.0438694807173669
-0.026843277860508895
0.01870435477526285
0.03102574177667926
0.03236610666176303
-0.020783699723404204
-0.03645858103949886
-0.03114773581537641
-0.032393757572151724
-0.019667546730758222
0.022730716318380507
0.025188261631173513
0.03362174062247398
-0.012613348593788562
-0.03699883578667119
-0.015644933702407455
-0.02755529894326092
-0.015990645929751558
0.019118773408625122
0.019632121854380555
0.03634415915618134
0.0010880376497836319
-0.0351623306948417
-0.021325905643960644
-0.024625660409468945
-0.009491697905741538
-0.006981342723812716
-0.007458107132416103
-0.015150143715708763
-0.038302576119792
-0.04257014028248864
-0.049725023135618655
-0.038669801097525894
-0.017487022353475087
-0.012437856457772638
-0.011152976851690453
-0.018423539795911385
-0.03540401850667564
-0.03778143160926693
-0.049333959293020715
-0.05513829869324059
-0.04016450280407335
-0.01254447376990665
-0.02553697853738575
-0.06344643607917656
-0.08098581902458966
-0.056962871256300326
-0.05841422292838204
-0.06614402795172106
-0.07033208677387037
-0.03086944124602633
-0.05788919581768895
-0.09593559312936648
-0.11899002367854151
-0.09764934335633814
-0.11234357804965554
-0.11233468351111887
-0.0919416680316949
-0.047833236053830296
-0.07486081293668058
-0.09386674402680854
-0.09631389099049235
-0.07823237531611009
-0.0938534786184627
-0.10001976799044482
-0.10382532856594198
-0.08051766491424102
-0.09905586593463003
-0.10160566037696164
-0.08589301845390734
-0.10066220993036304
-0.08963405283415474
-0.08120292796786344
-0.10485416294381056
-0.11782760883070352
-0.11052792352819572
-0.11845060574847358
-0.12270105007259577
-0.12320820045797126
-0.07473046631678842
-0.06601115285413794
-0.09310729738176231
-0.14637020966929645
-0.11917816262400964
-0.1387388672749516
-0.12771721026150598
-0.0854461496064843
-0.049847058152924
-0.042183752598757084
-0.0780563379621767
-0.177686355926578
-0.14128891823640138
-0.14248867923065803
-0.11412875564002335
-0.05265796883185471
-0.0372835957184837
-0.03185226441593239
-0.07998455184420225
-0.19550646079200062
-0.13713360597095509
-0.11668221524260043
-0.08074754906868896
-0.028357684232381393
-0.017786939798479902
-0.021112294153947646
-0.07906640670445747
-0.20578337164371538
-0.13175092568114377
-0.08191221027492453
-0.08795171773738494
-0.03652906209648832
-0.02056402577647264
-0.027344763657764407
-0.0792421555051497
-0.1909903152833672
-0.14798036351610327
-0.1100876312752816
-0.11664370461052982
-0.07002085634170327
-0.042258755429998046
-0.0498417662427848
-0.08895309777826199
-0.14275425818742732
-0.1330931830519963
-0.15046827169387758
-0.1474371191296767
-0.09222098930186262
-0.06221603694423269
-0.08719835757492629
-0.07187024147961975
-0.09597800160715363
-0.07392647418324005
-0.11031720342932878
-0.12931771563992836
-0.09659288385904437
-0.08065705733513337
-0.0673787362779989
-0.03252953430703107
-0.05837908862410765
-0.05939764512671386
-0.0789004314947843
-0.07923217072194831
-0.028477524181033293
-0.01772309928072135
-0.00928895500747104
-0.00790725421348897
-0.027329302330591932
-0.03977603497801881
-0.05052151814546991
-0.05929464526067002
-0.020722129860267398
-0.00570368518134521
0.0017379170159651516
-0.004638850164072809
0.0023835384929191943
-0.015565786770033032
-0.03463109931959341
-0.007788038948692282
0.0087087243778561
0.018358080461265188
0.029180353649415413
0.03217412729491349
0.0050604838590418075
-0.010435758579815173
-0.03497019577087412
-0.009213832484931739
0.008243131320889963
0.010743383767588988
0.003364493678905514
0.015029825165990917
0.015597069342061736
-0.005178505439653192
-0.040205471159431974
-0.026809918667211552
-0.014614211366572871
-0.010275992277925347
-0.002148235541812339
0.028388854825833938
0.04182000704738574
0.024984862010271936
-0.016864004822715935
-0.004697836576438934
0.013172884883657662
0.016681198848010635
0.0058044808895561
0.035049333495131084
0.09419628651565541
0.045244073051446516
0.008886566145092823
0.02949793718428625
0.04326118186258796
0.04724764791395179
0.022447362746227155
0.03452413300144034
0.12637982533328132
0.06848223188146765
0.0398465607280372
0.02994251099504206
0.02694012049493145
0.007627817738256277
-0.021521938156510212
-0.007908879932699566
0.12919563869578055
0.07222750441155294
0.036787631133390994
0.0014490119907161736
-0.01086500061883173
-0.03178132370915518
-0.07628158651729151
-0.05154095753266549
0.10462324115537248
0.08588934373083706
0.04781008400746424
-0.016535901403327318
-0.03456282013946701
-0.06062672099463778
-0.08117021802218609
-0.06669131803119185
0.09561900828831386
0.13693698390667008
0.09253069574189286
-0.011706293508119553
-0.04026525980474315
-0.053253626445280804
-0.05960689659535348
-0.06984468136699491
0.07705358554600346
0.13876702886834727
0.08760794306239296
-0.010747030138309967
-0.04047113109853935
-0.054561120459329156
-0.05297077164268445
-0.07492027898534953
0.0759529261523804
0.12523263591992692
0.06963598249145256
-0.0049052651122620345
-0.025831637013940742
-0.03824260147834791
-0.0453619940999096
-0.07676766740058011
0.05858978507920865
0.09977761584610778
0.057901153894690804
0.002542434405565863
-0.030895767352985087
-0.036277379469346636
-0.03928332083852184
-0.08169986464783918
0.041619763516436
0.056607459581872466
0.018543875429613912
-0.0116909149677238
-0.039879889014703254
-0.053576807484000004
-0.05240505661503442
-0.08182055390774698
0.011318702390503583
0.007287153928814178
-0.003326655825105445
-0.01294352032867134
-0.03890845625955634
-0.04693093326164176
-0.05330489909922038
-0.0645144146317106
0.009319074622111121
-0.006250467001307333
-0.02384772019437518
-0.0357084609272377
-0.06067543975241658
-0.0652119895277851
-0.06205057359346918
-0.03751396785710447
0.0031162915361182602
-0.004931838481873473
-0.027728095605398816
-0.04474850071329729
-0.06275131248953465
-0.06373238426301898
-0.041251775626963805
-0.014043548200030094
-0.003878832190426324
0.001426635034411979
-0.002396170174014933
-0.019880142003774037
-1.678186208526248e-05
0.011746762348426256
0.006800919372013131
0.002823803118809278
-0.004760210426767867
0.0002728088043083223
0.004688016536753069
-0.014338026215274626
-0.003813236764396975
0.006967957380903349
0.00042676967386798986
-0.003628793688717174
-0.004681921013926319
0.011805737788840214
0.02295423607956361
-0.022614975442493728
-0.019094811787770238
-0.016774987996011112
-0.02398872655091211
-0.021895724584257394
0.003982195014941279
0.0167826062967712
0.004790760881336738
-0.05532920615527766
-0.016621300945939235
0.0003625897720899466
-0.01967655001121971
-0.037386627658082754
0.008825764795441034
-0.004071646364104437
-0.03640703889946049
-0.07100070294839608
-0.03561023763956168
-0.021596620240783824
-0.04305727930451637
-0.05713806986221247
-0.03166210247777086
-0.047793057128547554
-0.03484012712799162
-0.06509258922961403
-0.05263023413536788
-0.027362106421294188
-0.03685504253250119
-0.07183952995281766
-0.08648913171221878
-0.045656333400080504
0.018562938740524018
-0.03001595786360502
-0.019899344293841208
-0.015019606893742281
-0.029188157955474633
-0.07477723866514159
-0.15422541688297145
-0.043680691578645625
0.03471919075522819
0.014925636815532575
0.011487154491702812
0.0086126275502686
-0.01276145587449352
-0.06394026558125059
-0.1929890162372461
-0.05940381614485956
-0.016626356120818652
-0.02141952715344721
0.030869048960774005
0.051823070778027856
0.03671168255614812
-0.012532075792382389
-0.1976423537555006
-0.0775225005875
-0.04889770068196311
-0.057278377889525715
-0.009697554449283868
0.03040043006680293
0.036683700102022314
0.026921900948243968
-0.1782156362647393
-0.07897152334904424
-0.045493085472007304
-0.07094279567592181
-0.03917560742184404
0.007377585513425174
0.018501077836562078
0.0398105190080701
-0.12721975283861672
-0.08388331117054618
-0.04045024895203426
-0.05350353296856027
-0.03185984583121836
0.004081628084596249
0.008598755059977892
0.025995845438298176
-0.04901102321211239
-0.044121386817749096
-0.00895170436032326
-0.03881537764507874
-0.054350728249604845
-0.011942306580734575
0.01087339860923731
0.02649439516187407
-0.013928690477291911
-0.021820437878721764
-0.006889874206743773
-0.03587413110882179
-0.046515644586855365
0.018158050195088715
0.020850796790001375
0.009929337937815207
0.002514241215057916
0.004949845370470818
0.0013074187149102329
-0.017792986198924755
-0.026549605714700032
0.016251560324458413
0.010005594677943836
0.005413863845506905
0.013130207313209656
0.017545822182653756
0.014451497361955716
-0.004456717677126649
-0.0261810159486991
0.0031004745651967585
0.00366420242150124
-0.0011878608069193512
-0.008145457831912964
-0.004235084579922648
-0.00048794904227661727
0.010780407584862772
0.006557167179004908
0.0010191579843009896
0.005971056947342442
0.006582669506759168
-0.012579050010436785
-0.00849373182144899
0.009538843513028389
0.027172139338460067
0.021224277227855252
0.006481888336207151
-3.412217280084611e-05
-0.0036147180530063557
-0.016464517242466316
-0.01055832874674049
0.012322423107066521
0.03305355257974593
0.023790398460287673
0.009899483850175859
-0.0028555874815142934
-0.012863815643116016
-0.022073992903579694
-0.007865475493404982
0.01873702413188556
0.037928406841295434
0.02487496925380886
0.018098597396767495
0.001196753780411124
-0.014641376952454991
-0.024892306245957455
-0.005013643453177925
0.016499074566503666
0.04697338966839411
0.039884499428989854
0.035805802437717714
0.003564302236666185
-0.010447208833967261
-0.013032003962046434
0.00645063805555397
0.02318213569023167
0.07445459242115807
0.07962089158501696
0.038859513470625585
0.005611199882376733
0.006034669894287806
0.007736823937755416
0.02124098489684996
0.03562078495666743
0.08438850952950523
0.0947064319826148
0.06357099783219998
0.018293328313383858
0.0187902673156623
0.011944125320349702
0.014128376321798954
0.032753962688196234
0.07463274698901373
0.08941609883432124
0.056805929271248064
0.005921627579214632
0.011742544372052674
0.01361334183873008
0.03148087892973859
0.03687197431376951
0.0821032628724104
0.10274867609656255
0.06512458308995028
0.01357163286180063
0.0028221536436556695
-0.013990265626730834
0.0008108652613268561
0.011991005565147907
0.06478407167782417
0.08646390627443866
0.027922351767836952
-0.017134624892067043
-0.030137361941236267
-0.03378391311234916
-0.03997154292265103
-0.015509867907369444
0.04644724860805798
0.07601794879261124
0.02094060818337962
-0.01558518569562862
-0.04662519510260254
-0.035395103254084015
-0.05239580878146039
-0.013360320773220288
0.040577020176522025
0.07163128399283444
0.00971331606015056
-0.017835091862983196
-0.046732239523356214
-0.037578345757442067
-0.0508809715953222
-0.02051010057703003
0.03084849825549213
0.06453984149145792
0.011786721379025183
-0.007049243264634956
-0.02578241535490224
-0.03594379777782958
-0.03673472124269934
-0.014095999164202205
0.024139226604580368
0.04268457120386648
0.005887393090909869
-0.007138035664525506
-0.008917453604505823
-0.028626652937560882
-0.036333657920136035
-0.01667447289869527
0.008980815895652954
0.026919973853255882
0.007826677715072646
0.0024507288421648796
0.0018006124553276925
-0.011832545761250774
-0.028394630661248053
-0.02441063220726269
-0.00567569901427666
0.018644014318522143
0.015441791808925173
0.009999172644966428
0.0016571946778892205
-0.006177444790425695
-0.01574094075556717
-0.040326877048842046
-0.08946436239992626
-0.0853425348793964
-0.04910285597984499
-0.028182856894739098
-0.0135558906997797
-0.0036057278788667784
-0.02462792352979995
-0.05535321356332528
-0.09302411510744649
-0.07745411773298506
-0.057316332063790866
-0.03410994301020748
-0.014715385010465824
0.01934536698653866
-0.027205954333037644
-0.0681726789873487
-0.11656975187549608
-0.09778144100586998
-0.06934687735864717
-0.04102200447587319
0.0011376848515812217
0.05687360276073719
-0.05190109037894545
-0.08758666311516836
-0.11386485317032694
-0.07375350885109415
-0.034023738818590755
-0.009709477031795543
0.027854759547018187
0.09544457576093326
-0.10158169933890629
-0.11734755983148071
-0.12301896179408271
-0.07781091341133915
-0.005747828762843099
0.0216670605719641
0.05481768356424996
0.1072719612717368
-0.07669972662045212
-0.05100723496885908
-0.05906859098476445
-0.05602731769203626
0.021213081043849825
0.0465674252933534
0.07341957011537353
0.10485588554355098
-0.03910391794836133
-0.050604898252880906
-0.06901093443347213
-0.07017178543529291
0.02461562969152516
0.06404827670222818
0.08151952705201539
0.10312278570552323
-0.006026404218754501
-0.049508350820674986
-0.06390737216656218
-0.052226692062369365
0.0663500947991536
0.08970466378201282
0.08233459416312466
0.0948652518111419
0.0009384560811964877
-0.059226907792529385
-0.044251739448050026
-0.02207177143279459
0.09376830598537729
0.11914131634975919
0.07286951343875812
0.0813741643802537
0.05334708360692037
-0.008737633713365335
-0.009902557881217796
-0.00344998554169425
0.11012505095429459
0.14358744748019392
0.07209042103419093
0.0529637909092326
0.07154648304340445
0.05573188494806288
0.042361803687761115
-0.005299479471965371
0.07032920315746631
0.10257374373131954
0.06846097768771872
0.019445405978784976
0.03480097674466491
0.030219465930318132
-0.014249260578397642
-0.06261881847725892
-0.009480208647084916
0.03257609451674175
0.06086335993552154
-0.0005701301853520341
0.0047707583024663635
0.00200207967296292
-0.03829921313711596
-0.059808286746594934
0.004575110679471235
0.031122270902973054
0.04812379417778638
-0.01562832676165471
-0.01730358521057228
-0.025034643290239973
-0.04564662592526734
-0.07407697845150119
-0.017580617692101654
-0.007854392925851389
0.0018572585389261581
-0.01614983816051861
-0.02577539558539285
-0.04053295414791571
-0.058999015465184
-0.09584699783795524
-0.035373335744357325
-0.02157038514495633
-0.00916071849097922
-0.010574647893164573
-0.0194881550061488
-0.029456045915428157
-0.05245400048606739
-0.08267625147784775
-0.026146666022271236
-0.015178134924753466
-0.009612020202413828
-0.0017033919796048994
-0.008169761840536792
-0.019821870977282684
-0.024261875222250713
-0.028759141956705484
-0.023332334665232043
-0.012817550796108227
-0.0007206628683198525
0.0026694896431009823
-0.010143640988332253
-0.02165138384222243
-0.02427436399540929
-0.03054713649535867
-0.026048609477927944
-0.020411491961332327
0.005501384094084089
0.007291799963068418
-0.01038350000905177
-0.03420810046811106
-0.051715332131967634
-0.05824077755883836
-0.05361689862396561
-0.02988602130967401
0.01126609125585162
0.0032461921711578407
-0.01878563547316762
-0.05993739088342813
-0.06248496906680132
-0.053051214505329666
-0.049988074407394084
-0.015951101131084278
0.010723610230416855
-0.013972892893129547
-0.05690539911059299
-0.0873305802414803
-0.0674870607345512
-0.08200997505980137
-0.07552892558373192
-0.01658799079482144
-0.008304679790420415
-0.050237648630827844
-0.06663221512636301
-0.05528266253688287
-0.042842779229276436
-0.08438209990398479
-0.058009589142342145
-0.00597718835065027
-0.03232059531872624
-0.07925509162483584
-0.02591637299465905
-0.041610425105376006
-0.0494554872348858
-0.0768848626382093
-0.034110235320956236
-0.007260418061238496
-0.05195069293390642
-0.10311741321374698
-0.005057896077674301
-0.04230352839494612
-0.04511486115774219
-0.0559302652334776
-0.025485290192533247
-0.025344794461401865
-0.06477042125500672
-0.12073935365031359
-0.00919283479310939
-0.02561879691553233
-0.02806273689384204
-0.04937108609371389
-0.036524415778131834
-0.03830992232626117
-0.07852891763714015
-0.12701411767338144
-0.029656775464160477
-0.017370732993026574
-0.016955405319476907
-0.0437526246787928
-0.04409710145867519
-0.04154344023286644
-0.0852377442923581
-0.11868896095118707
-0.07874439197668154
-0.03423257288791979
-0.02590190979786953
-0.03803465571882535
-0.035176688688219736
-0.05972729154533355
-0.09593364493339827
-0.09478379995455438
-0.08259655469599099
-0.03552681599544677
-0.0339845473964616
-0.022571134362306757
-0.02908775866485546
-0.05324130752198749
-0.08116921825373552
-0.07285686511133901
-0.0683158768659459
-0.03418832365297276
-0.029919531216554232
-0.012751329815665909
-0.024344792592144192
-0.03969564999650887
-0.05411532089256958
-0.04590267574758779
-0.04090580901879372
-0.0229845778612376
-0.01402814997370608
-0.009715744781089067
-0.025239172778157147
-0.030377222166479475
-0.024872052795720252
-0.036807171673501685
-0.033635000440400895
-0.020880903175603874
-0.014932653941868136
-0.017088661016675222
-0.023579659017765126
-0.01616192742760368
-0.010394620035163973
-0.0239589692044425
-0.03208458620215242
-0.028904111552097357
-0.025580407142722715
-0.01765484178043261
-0.014834385211144515
-0.010798927015840289
-0.005317596951430536
-0.0026096028809654667
-0.005207817148659748
-0.007919187883476585
-0.013625043342472042
-0.014444459786831586
-0.013652873177676604
-0.012125481337393128
-0.007734831109778987
-0.004846566299526334
-0.007842583599148788
-0.011912315262038956
-0.01276634716633414
-0.013282205044570958
-0.010895350845448617
-0.01010688841139145
-0.006219131985299502
-0.00766297371735869
-0.011671364655094614
-0.015617545680067305
-0.016329545979087746
-0.020893735136390423
-0.01400635111894182
-0.013249508581636782
-0.006312348284478475
-0.008772037878801335
-0.017339222875390244
-0.02485477104047152
-0.02413115896190376
-0.032693682980117496
-0.022903574790621044
-0.01879885648475325
-0.005145646480370151
-0.004606639502828026
-0.02953904713777642
-0.03314207781733674
-0.03373121549408752
-0.03448627579899172
-0.01788315853260605
-0.010570402515677669
0.015466628710474568
0.01094943259357367
-0.039419520263756364
-0.027751420800636344
-0.026534009321499245
-0.019706203221784097
-0.016264638962846422
-0.0020846297139121175
0.041070061859484024
0.017720681333372637
-0.03865377567275324
-0.010948972745041113
-0.000668808651315685
-0.005722673354469845
-0.012259945975044708
-0.00019683669125832075
0.05329792128166999
0.02296501492547397
-0.020166048540226456
0.004203592632388022
0.022130171095517827
0.006724142799696731
-0.008079724769273974
-0.0005004717311962444
0.04933025750899167
0.02094316845648658
-0.012887588171706738
0.013309145230996406
0.025532640947304907
0.012048064293812962
-0.0018655746879129294
0.010009565442046635
0.04236107060613074
0.014572776562080322
0.007377104276342604
0.030531188934926335
0.017971227293421512
0.01732552777322725
0.017712372018271704
0.024801571369899893
0.027745569481250464
0.002431784975364584
0.013210552678265312
0.011788913883149153
-0.0024575859090499134
0.010463717165925023
0.019443956738114068
0.015376744461510767
0.0027915258251761024
-0.013266504352684873
7.205021569215836e-05
-0.011814647949141673
-0.013864551808710747
-0.00838506975213564
-0.007128932408947696
-0.008786186202746899
-0.011821403687487707
-0.023377639300647162
-0.019056928471802754
-0.023572737630006373
-0.025236378258242223
-0.02456448431373024
-0.020535201104652845
-0.020244725810017492
-0.014217999048780005
-0.01753718251091741
-0.01986937713451378
-0.01877819501865643
-0.017619558726942285
-0.018912437142762126
-0.011425980692184024
-0.01256737961120071
-0.008794769330605955
-0.010605259685695648
-0.012445090813870399
-0.012490962046224137
-0.012367444201009584
-0.013986622087460864
-0.008940357407177092
-0.007548987950148569
-0.004215714688007861
-0.00635394460386033
-0.00877592020436698
-0.01052673823391625
-0.013570148036806633
-0.013923693901476013
-0.008671897909057225
-0.006308957095604798
-0.004064555250089931
-0.006507958897974845
-0.01319344855525671
-0.03207057855988197
-0.04139563226172186
-0.04283827021141159
-0.0342523873462594
-0.017850447046362652
-0.006629047626917124
-0.008058432593558859
-0.020399270554052717
-0.02725729437624731
-0.02798970925158621
-0.023316616865360913
-0.019766151431075976
-0.010328013959168283
-0.003684393713822057
-0.009288716095269208
-0.02188562022451017
-0.025640067040457664
-0.024030976990489346
-0.020980241710029233
-0.01676982697219812
-0.0041854607735949635
0.0005299805072874262
-0.007670034625376377
-0.020292271799908144
-0.0256370823722934
-0.0187798450638257
-0.020242391511162944
-0.014841095477960727
0.004181185953914424
0.003619649155094577
-0.011965312296031892
-0.021416190675288226
-0.01903256278102706
-0.018336828344476242
-0.020077812109084436
-0.011835524130883828
0.0006101302651187917
-0.003735564301918534
-0.034094304366173354
-0.01331197893753658
-0.00571773162091303
-0.025245468682109966
-0.015535258346503027
-0.01101354291253904
-0.023026204942960028
-0.018299076406597115
-0.05264672663951121
-0.007617585500818846
-0.01072852721360284
-0.0159167214108801
-0.007108691850981607
-0.01981421138150395
-0.03960956865704587
-0.026694261142927552
-0.06754050626278815
-0.015329848014692468
-0.00466366061319993
0.014153490666890109
0.008850246352409937
-0.022769980985072113
-0.043614322504348
-0.033124615591174855
-0.0678426013572029
-0.0207799671262463
-4.899504077868239e-05
0.015440168738782298
0.007805666815024686
-0.020348716835868426
-0.034023543891390645
-0.038529533332345725
-0.05705670808008025
-0.016297441554129884
0.0009838531007729213
-0.010310331859421179
-1.7999610751800633e-05
-0.006389134229352882
-0.019283981402979627
-0.04259711528055264
-0.03451248079219788
0.0006836092651433215
-0.012445228188197504
-0.0253446207343525
-0.007595673623588905
0.0014868534651503757
-0.0004700168059687792
-0.03230920342591786
-0.01920969334467884
0.004252574830300574
-0.01364023766386352
-0.01770675874195016
-0.007498592591347093
-0.007927371423401474
-0.006170010612648807
-0.024929817584780856
-0.008667816089847562
-0.0015894019930063456
-0.017977612888955077
-0.019797937850805324
-0.01407351176150101
-0.019041232131901214
-0.01812635193551031
-0.02397273534577531
-0.008717655776729583
-0.009139771167564113
-0.0217950411980718
-0.028006267434273518
-0.01585117280146517
-0.020416768280623977
-0.017275583436131423
-0.018420438508934284
-0.010506913403470071
-0.01222277934749971
-0.020409626031449697
-0.03155630714838115
-0.021923916413733407
-0.029686458897191886
-0.024253988139034895
-0.01518879252250062
-0.009777280776503692
-0.01402618827984214
-0.02293937500984109
-0.036725372135316375
-0.03971978332728392
-0.03981274156983775
-0.020151468068016643
-0.012439183665690455
0.02518805482811662
0.027575799051290935
0.006462949603654645
-0.013532663166651145
-0.013111778246684339
0.01285230141610484
0.03630978322937088
0.037686008225085325
0.03252348134442446
0.04550618382446961
0.02512656100235851
-0.0014647239381349777
-0.0006546177543052406
0.028868810561808945
0.04906740970952662
0.05285688092692185
0.029690432810292926
0.042417025077292614
0.035051077601210165
0.010192419917260801
0.009552630460864946
0.04405810416676183
0.06498066739995377
0.05528274214375532
0.02639932035361399
0.03146506383357628
0.032008216774752137
0.03014356201043249
0.0334735157128121
0.06227029160338058
0.07485891689195043
0.045346505339187056
0.015567733202160688
0.019193693181735423
0.027995612000259688
0.032092490007382526
0.04993586072591045
0.08283212793411045
0.07076455244425356
0.028673465405982146
-0.00045608015204598896
0.009114730710227018
0.019181101890735432
0.03025586652827964
0.06083214799043521
0.08737645513502608
0.055251306456631614
0.020783455059560408
-0.01625996931902574
-0.00833764613439509
-0.0004887004666057446
0.01968144752980144
0.06678737736023997
0.07421841472949373
0.04327746465811049
0.017629393090529532
-0.0250652787564436
-0.012465869687593374
-0.012472918959638918
0.007767105215949577
0.05697968874648525
0.046579284606105345
0.03590313803520314
0.010974153358527654
-0.026849189285153334
-0.009027194559780847
-0.0011136776319381383
0.006935558346723312
0.03135842399286431
0.028592310341687275
0.02011970234245484
0.0032098312555535933
-0.02324027410080762
-0.0020186798660515857
0.02134325974700872
0.009978803375514737
0.018436402718305833
0.01737257104460375
0.017019407232774543
0.0032127768832521937
-0.011025834506609433
0.018584554735313293
0.03545543638633717
-0.0020573457989246932
-0.0011308831907463426
0.009877262550634536
0.015061423288598446
0.007524611182603476
0.00048718697893639676
0.02752441240910962
0.02824800531181652
-0.001559346572363575
-0.01320464246678754
0.0031987663727033296
0.01592942241314542
0.010375219777581294
0.025781940242066977
0.03317771233153115
0.0232629808325601
0.004864458584714913
-0.017622349613227423
0.0035450904529094806
0.01902844893948986
0.013241674517902558
0.035984539898982634
0.032262762429370026
0.02617492444307218
0.006988467252444371
-0.014967001489443809
0.002158618654072691
0.014692512308966135
0.012138485208686395
0.034985811217008875
0.030773291274526625
0.027474942695941716
0.010427554993423075
-0.007130958136687044
-0.00015978917170944137
0.010538214408005486
0.010320000579754879
0.02865689221730117
0.033497982446710206
0.03321603138919323
0.022257002528251135
0.00031062976520445696
-0.000996718102382617
0.009050716183221624
0.006285388097565581
-0.011424256448692589
-0.023325120708540308
-0.0355672921824922
-0.0607756366867796
-0.0837095113890126
-0.05289395776744703
-0.0409568716378278
-0.020522849680069108
-0.012218141967114316
-0.02467311319963932
-0.04024537706836357
-0.05005016582504688
-0.06486934076760677
-0.05617602765466729
-0.06031906541196374
-0.03444291328501502
-0.024954117102639877
-0.03425835266198071
-0.05811748921939982
-0.06275829720013355
-0.11082333936054256
-0.09866479941513576
-0.10131872449909098
-0.0786208209420635
-0.03321415235847776
-0.07053024951937219
-0.0875679816657852
-0.09639621619711608
-0.17506142832189486
-0.15710700413909676
-0.14969610432951325
-0.09752716355599253
-0.05002772632379186
-0.07405482750757543
-0.060114898424383056
-0.14720815501219164
-0.16780638788727878
-0.12612427459315728
-0.14380744976319734
-0.0977910340571455
-0.09086617734123978
-0.08143195074987088
-0.14295866479867417
-0.18329137446722016
-0.11402086680304681
-0.1337278521715932
-0.14888119309220282
-0.09265619486952135
-0.1679048317963073
-0.13780620240687827
-0.1919971209782621
-0.16814745422532437
-0.09712734823572104
-0.1439250498326404
-0.12495127936942241
-0.08991838334265423
-0.21280251673428596
-0.1519068396389121
-0.14416651565085506
-0.13657688201014143
-0.15048078347333735
-0.1428945383014832
-0.08614429573068463
-0.08326735670779128
-0.25931762175637063
-0.14292574512656822
-0.11530657517052897
-0.10906856392502275
-0.15207198671790495
-0.1303875032763377
-0.08389865224111748
-0.08722670246662603
-0.24556346289008013
-0.07869656717170262
-0.07508474423781504
-0.08161859458565296
-0.14256347870123262
-0.13915129555103126
-0.07533380264705646
-0.08948783959630309
-0.21191468796601606
-0.06937979194082368
-0.07204473349965983
-0.10656609479504689
-0.11648369574373052
-0.11519131303115379
-0.0709988742015356
-0.07344360004496536
-0.18337601846104679
-0.09821311717185528
-0.0673722311673721
-0.10524034097321061
-0.06956657324858528
-0.0751381024382604
-0.06429926353792273
-0.07833474068890131
-0.13988658502857387
-0.13213629383883904
-0.12338365903712235
-0.1466595446741833
-0.10911837971487993
-0.09392897781775258
-0.07285391589870244
-0.06966623071391126
-0.06963084524093785
-0.08572453406117882
-0.10521982542305161
-0.1304546258197551
-0.1109532865008504
-0.08672708281398524
-0.06543497765610694
-0.039914599200325
-0.026984317745539898
-0.0341500305322691
-0.04951947134626813
-0.07746609588041245
-0.0636264601203592
-0.02863208502715135
-0.026947625696039073
-0.014328870821217192
-0.017881241540314063
-0.03689233876813311
-0.06006936416629683
-0.07281776983750633
-0.06293434655478532
-0.024304755267759937
-0.016841116261032095
-0.00711974907472014
-0.0055091495947998
-0.0034461331258683306
0.05962057283504347
-0.011550552708875114
0.012161306699898069
-0.00828231367978654
-0.0024247481574392986
0.019417613605833467
0.038875221335619534
-0.0033726999399623656
0.0184371834750364
0.004203169926007847
0.030349964647616027
-0.024252279121093
0.01504820264167945
0.018588273515306664
-0.008734474899679137
0.06947505148067344
-0.009904491480988636
0.018905487993322173
0.010617662380385655
-0.009333998199635577
0.018777266790075995
-0.0033668785876477454
-0.0028320954339236667
0.0008016814033569302
0.10184947957126193
0.01969589923855791
-0.0016596825864421043
-0.006692093744578809
-0.003455089053909562
-0.004613595644634996
-0.0026125214824918013
-0.002151273420182708
-0.0038449545003127134
-0.0025527544296590713
-0.0013267175201714188
-0.010716333076360038
0.01694102530615523
-0.022587577722200037
0.0195078997484182
-0.003932629852612365
-0.010149270623822532
0.012957801562034252
-0.003713117164582001
-0.0035847257522013697
-0.0048559237443779255
-0.0031964880958932755
-0.0012275432690342079
-0.003081361498843593
-0.0012192048090823907
-0.008188667821286324
0.05467290917659154
-0.001754065060192169
0.011226915257682657
-0.007095566363242768
0.07270000285761197
-0.0029422921139980003
-0.00260451615126762
-0.0025492454476634314
0.058608722555935494
-0.001685020208083509
-0.0013034636628768733
0.011205308852073893
-0.003906253552474418
0.018281340890741786
-0.0022199182303339923
-0.004433418612556918
-0.005574667666959126
-0.004188509011424453
-0.005839537325903951
-0.005378347787426741
-0.01047515124082592
-0.0051556102487687015
-0.0012307534790071415
-0.002148772368119392
-0.0018394131591235778
-0.01475092792104277
0.01371471622406988
-0.009768990570324933
-0.0066534091592007506
-0.00790136325731279
0.08746170748116319
-0.018828090791747396
-0.015693148708097775
-0.01182293669253597
0.011980151108444078
-0.014860166466232746
-0.004061460529353702
-0.022930964846590386
-0.015505839620971604
-0.06709072119279676
-0.014329190243324137
-0.020658769303953217
-0.029291771909136396
-0.01914281278213451
-0.025781733638714596
-0.009238067394625654
-0.021761522375271146
-0.020273859499491148
-0.005874320888337211
-0.012564211952526862
-0.006500267071854024
-0.031576257390045506
-0.0024537871716040775
-0.0025646003729685703
0.018404628279419664
0.012777415822571575
0.014420474255892006
0.011133815097080864
0.009442680814005771
0.0099106444681027
0.013186786981159535
0.013124932620011494
0.03745661396275317
0.10234875134767056
0.02777966610951395
0.036664149581646155
-0.001700343441550457
0.013239960087362678
-0.009933917235007044
0.017054565494713143
0.007061407229232231
0.06092371383540822
0.0026353541091476878
0.03945192287582921
-0.0011954969925824527
-0.0031866901690793246
-0.0013936291638650677
-0.00047248601603026673
0.011526812036320623
-0.0036376047304558378
-0.0031292845710391057
-0.017740546078721168
-0.005663200444191877
0.014275243141304728
-0.0065634391105610125
-0.004157682492174376
0.027373166196737048
-0.003899504439882125
-0.0017555885046396595
-0.015675736083950623
0.004984319309629155
-0.04058456890486081
-0.0027835072567574445
-0.005665998011302162
-0.008808908021914757
-0.007063392074444766
0.003845435857069139
0.007678931781866373
0.010829905673104096
-0.006278406784191905
-0.0019141348903953526
-0.004881339324630811
-0.005122190686681183
-0.01318524565357761
-0.003253412852935004
-0.0024880627630338853
-0.0025780462552958414
0.005686821430928699
-0.001615022653238686
-0.005545875422884598
0.01796171327586508
-0.0016214839067199463
0.012349916294989665
-0.0028155534728631516
-0.0014217131261367215
-0.005710158107207642
-0.0031488523352262406
0.2200478447257661
0.015224368390622502
-0.002371389105041892
-0.007875439941849392
-0.0038728066607127383
-0.006982253761578945
-0.0034523803678302495
0.011776925303687832
-0.002757682601554569
-0.0026511345942401452
-0.0038205627498389583
-0.002498531452056921
-0.012229526711691193
-0.005753371023636942
-0.002853758113885581
0.016292020724817634
-0.008612461137105086
-0.0018055292182880503
-0.005419693336712004
0.012753913008717626
-0.0016770411358938407
-0.0026677445460001835
-0.0031904994271814385
-0.000907024162762243
-0.013744905798628254
-0.005708918824714713
-0.02002016361093336
-0.0021908021673996123
0.031094393473445593
-0.0044932616356509894
-0.006130787512488023
0.018018612274896637
0.00773744673508214
-0.005391701626659018
-0.004903011548216561
-0.002510373986701767
-0.0019196628946472499
-0.002616380775179219
-0.011108315865305942
-0.003792009385344249
0.012713169221339695
0.016303399577160788
0.017140518469006088
-0.0033309087025145076
0.028132087758463376
0.016767031235933424
0.016024200867230762
0.013819623405779096
-0.004638057128812039
0.03762815547865774
0.07053427176848097
0.000993155229716158
0.03762613818822055
0.019181935111929754
-0.003866857497013861
-0.01299017855987062
0.060378925226293484
-0.012677952082764435
0.10531468564569096
0.027985027419690583
0.01563474561899019
-0.0036153337095748937
0.015819582881875523
-0.0023555012474493664
0.02426587031973287
-0.0030951206912931974
-0.002150724842733977
-0.004292538769566681
-0.012610218896180601
0.00989497076484339
-0.0029479584173702873
-0.0030607415255657017
-0.0023972083246187074
-0.002779043020466832
-0.0019535801367662185
-0.001461063060774725
-0.006484154320057095
-0.00471320663838712
-0.013730350719411632
0.012875809268215192
-0.005232064296004407
-0.006404107563023111
-0.003867432219873265
-0.00496434935771969
-0.0056111402021340835
-0.005716366052377663
-0.002957173177519629
-0.0021276115957066027
-0.0021071365478151248
-0.002258027316961715
-0.010757319015040782
0.019445463125232813
-0.001013559298485556
0.029352768185170155
-0.00599999464283811
0.01617282711740014
-0.0023412614906851937
-0.001138880544556341
-0.0014771534531473063
-0.001451791693605245
-0.0009593061734666652
-0.0011597085912262097
-0.004867340328570009
-0.0017536008057855406
-0.012546113366792849
0.01460907081493362
-0.002614253330880302
-0.004326491186935171
0.017175608065377938
-0.002287511380644946
-0.0021086632469700982
-0.005955491610304007
-0.0028193585517872245
-0.0015434550898451075
-0.0014618466418488925
-0.0018195289353770923
-0.008750570810406696
0.07012672458427958
0.06180458380046877
0.005454595582406859
-0.035216698521999414
-0.0014024148895067964
-0.021549614813362143
0.009617773409342958
-0.007392776993027707
0.020234446790357248
-0.006697735402326223
-0.0067906467626755755
0.0038202567652331288
-0.014577735107672596
-0.05184498618200507
0.012422881519418984
0.005465067964995245
-0.020532231262411417
-0.029240368217096722
0.00014090137764436052
-0.011501270592498714
0.021925244647641208
-0.02367379752929931
0.008084598371492162
-0.006356411657636174
0.012984586209216524
-0.014365286230930691
-0.009183899698159022
-0.005794938013131422
-0.004860812282058203
-0.014528175477372259
0.025638410358350863
-0.00729702447546929
-0.004894123309570824
-0.0031719305594801587
-0.007493913467878699
-0.0029596302279414452
-0.003336214902574982
-0.023042087237051086
0.008095745439719727
-0.03386109649218733
0.07785369326160646
-0.004299397721320019
-0.008570723560125677
0.0233340199570946
-0.01548370929676494
-0.0038016092157600475
0.013134450145701306
-0.006428214020560386
-0.0022408387184916327
-0.004051165186506798
0.00852245229937372
-0.013471341471374956
0.05008837375315899
-0.013358176550546887
-0.01472324395842877
-0.10960665101054
0.05455581471723993
-0.023000429113882254
-0.019252051282960744
-0.027227260148882954
0.20955814612430762
-0.011973411418405133
-0.001317246546219962
-0.06409230740105883
-0.039967053216006174
-0.15670442541167987
0.07064513774059343
-0.03250470735319019
-0.07410857782164373
-0.027065621289436178
-0.029962197778181605
-0.027436690801424527
-0.01009752977753806
-0.040624737750637914
-0.011725433444361572
-0.01962508176500452
-0.012563561025345924
-0.08668638744271429
-0.002295308082157736
0.015062609067872467
0.057218747319042376
0.011903693773719526
0.01545571575265441
0.022073590480535935
0.015213933353948276
0.016517859790466313
0.04225102494461883
-0.0018733047181347577
-0.0008729757495346946
0.025528699792792684
-0.0038601193448120907
0.006549519614852492
0.013995055801841863
0.019517928929342294
-0.005866442331209344
0.07299468611025228
-0.006856368601318317
-0.0027956158979727443
-0.003678054193060738
-0.00484916721431017
0.020000029583128562
-0.0029763976706887727
-0.0024445997013315094
-0.012448441173416707
0.0079605743483418
-0.0039495592291251885
-0.0065701178171038615
-0.014246623662069881
-0.004015392977369929
-0.003937435202768946
-0.002971622124166943
-0.0025312494028690066
-0.008011277418090218
-0.004523646941322039
-0.0015637511715402522
-0.012228355141334784
0.08569973104764321
-0.0338145311173232
0.014713446139623382
0.009893965366091035
-0.013669479128715141
-0.010596482873848031
-0.009698316823943622
-0.005939910391578575
-0.010202916296263352
-0.007554125301521016
-0.0023657326661512272
0.0159238227736655
-0.003017615521216127
-0.013418943730275879
-0.013467577456033724
-0.007120703634313489
-0.008370820518318512
-0.02850272385512619
0.006176505995753612
-0.013223142261698973
-0.00601018107865253
-0.006305551508101695
-0.008076723316454473
-0.004387100083666329
-0.003387779406956441
-0.017360031325096864
-0.010244925263655022
-0.055983298025265145
-0.004388596470638417
-0.008989594819203072
-0.022449038058197247
-0.011020117473732941
0.0016398445613687047
-0.005592899165635913
-0.020366199790580845
-0.012910589531828042
-0.006737471486163808
-0.009106268648572042
-0.0046293243349530494
-0.021477760491500703
0.03920600661315174
0.014018924517446657
-0.0069346405279691785
-0.017340999233878447
0.08708946660930246
-0.012518291166097243
0.011621002550194945
-0.003915648818339781
-0.007920985086242435
-0.0040155241967309435
-0.0019665193104549737
-0.031526902259165074
-0.010802366257501334
-0.03130540987201949
0.06024658015735294
0.03397228272846138
-0.008872234429370646
0.01207799179102596
-0.01622171819103194
0.009568253289756136
0.004811444499424657
-0.009457511633073437
-0.003150818425213599
-0.0050819637410270966
-0.006679436329630814
-0.023772960463820866
-0.012103994964162321
-0.0043704081012126555
-0.005321315919961298
-0.01780471300790827
0.036856832163629866
-0.005527339667616269
-0.003576008607226322
-0.006602201415954424
0.03196026030811958
-0.0057038851974106925
-0.003774520196914698
-0.02155807484088155
-0.01090344699637023
0.008808489850239605
-0.004435304643938267
-0.007280944862587211
-0.012302017863245468
-0.008014470626293298
0.006580705759448551
-0.0048870725195846905
0.02577189958953798
-0.009816311126973627
-0.004547799211569287
-0.005966608618209405
-0.003607959019539562
-0.028453898637256034
0.08204715362815165
-0.002745363022200015
0.03245714899605166
-0.018391819245395433
0.02744827492898279
-0.008611182065772093
-0.0030779866659065027
0.010559056275084024
0.019849575399391705
-0.0031657877875667286
-0.0021437876287464025
-0.012110469094813895
-0.006591165333547452
0.025418594502380994
-0.0023431375403765585
-0.004248128602429236
-0.005606260508833395
0.006250263592233571
0.022660207792098295
0.003058743973944826
-0.012302616135276037
-0.008128021817047821
-0.0028695036482452915
-0.00365176354940259
-0.0015484850356600947
-0.017948942056914767
-0.007932397891875184
0.010937924073793704
-0.007285598810323353
-0.005438459558177356
-0.007911478471472524
0.003503521796448935
-0.006625478695922648
-0.005422975688098627
-0.007070975100024336
0.0016153071317021874
-0.007365284986311986
-0.029976756814958903
-0.013102429812488395
-0.03714239783221913
0.06925526359270108
-0.012902508823907591
0.03484333980189947
-0.014240535002319662
-0.013006062706126096
-0.0075643183872339485
-0.020613099931797423
0.0004687961617522257
-0.0070858389473076175
-0.009997754975946295
-0.004238673785972261
-0.022260292286025028
-0.007727442330917267
-0.004507210294382978
-0.003746631619948261
-0.021081054776354947
0.018477691055226158
-0.005161214323746048
-0.0046609773817413575
-0.0029804109687915727
0.008952176012999675
-0.006058017074525819
-0.0037031832959625766
-0.016381351122275536
-0.010305355823368945
-0.03432550888554687
0.016286850074389438
-0.0066410881312396865
-0.007615850288580549
-0.005726950281714238
-0.010624638938961678
-0.0036782106862474147
0.0006716909361257656
0.014717573614160415
-0.004144357449266633
-0.0029081017327863582
-0.004559354875994573
-0.016490850326774446
-0.003357267239536389
-0.0024178612720116752
-0.0015784461561189197
-0.010738981439503536
-0.00243485352680313
-0.003708131617366338
-0.0024970214226151103
-0.0016821363710342238
-0.003119021730537523
-0.0013103556112410825
-0.001137082537160667
-0.0044990437863261954
-0.004526226820646698
0.011898466874528467
0.0324084993475141
-0.004138906433933288
-0.003040549009172602
-0.005970721894509174
-0.0038371810889684353
-0.0016183061971348192
-0.003992175205877938
-0.0021257269769270892
-0.0015176166622759368
-0.0012293220755126744
-0.0019309325927984239
-0.006655077713478333
0.015027958812514704
-0.0028437096315284452
-0.00179095335733272
-0.008095007131211108
0.03654203680981098
-0.0034348695237868664
-0.002013135711124328
-0.003140296499820589
-0.00501055619109424
-0.0032608823525375518
-0.001644113045099374
-0.008467028360846904
-0.005494085503176934
-0.0264006449310177
-0.0016678438125959723
-0.00521831727229469
-0.004274437343512135
-0.004657087814359124
-0.006005971339523426
-0.0023271729043428105
-0.009521539810186112
-0.002863051679827952
-0.001345756490360918
-0.002803398547353941
-0.0033405835203542166
-0.005853618490668203
-0.00480795032600787
-0.0024744341883551043
-0.0016346824539522037
-0.006717768623979816
-0.0017503918679395965
-0.0031218105407138717
-0.002006389114362325
0.015086946535493244
-0.002780643215014831
-0.0027169310521149093
-0.0016082701160936206
0.09792758523749139
-0.0031990075595285327
-0.013043711339135683
-0.001760723633454203
-0.002374761218451126
-0.004210027572779338
-0.00297191874571517
-0.006040266615631849
0.012652234816135213
-0.005204186726572845
-0.0022227143773709238
-0.0017439695453341448
-0.001897262590378031
-0.0018762007497379744
-0.00823233677699518
-0.010037850758763492
-0.006695733807528213
-0.012680766843676656
-0.04942715026434461
-0.008230230674800032
-0.02163432971831967
-0.005646892814344636
-0.00982691838351462
0.04981264106205258
-0.009193289304773297
-0.007511200616153411
-0.04878648382410302
-0.017670065140581122
-0.07261656887013214
-0.0075572792404857295
-0.01222779435183973
-0.03166599977557936
-0.018721442988911617
-0.028675577886977086
-0.017633856993404917
0.0027087444601272045
-0.012204908519144209
-0.0088300163922916
-0.006136444603383883
-0.005441360350539493
0.033375511614313395
