-0.0615469740652
-0.0809378933198
-0.0700640974041
-0.0796121244684
-0.0887179106487
-0.101067145791
-0.0600997353423
-0.0426613439796
-0.0777589515202
-0.0434940218773
-0.0180609122013
-0.0216422120253
-0.0303168932176
-0.0102318130007
-0.0107823137473
-0.0374409334233
-0.137983656383
-0.0429138591546
-0.0274828291088
0.020599872217
0.0476172970073
0.0314950533374
0.00616247646204
-0.013761741692
-0.196062269736
-0.0256124534326
0.0467165931523
0.0987936156435
0.10599604097
0.0611811770324
0.0222955806541
-0.0551746835856
-0.315472256874
0.0828421903001
0.103694732209
0.1500818834
0.135467325376
-0.00220452535585
0.0064498784808
-0.049368379252
-0.248494033391
0.14627503558
0.140115203858
0.155230836741
0.0989426427592
-0.00266879457179
0.0220192023501
-0.080435856263
-0.0521012033467
0.101123055793
0.0687457168081
0.042102765042
0.0531148276191
0.0619165592184
0.0640995752423
-0.0898231256894
0.189557482223
-0.081976189101
-0.127492975939
-0.0788942989001
0.140665003884
0.21821407995
0.196359689258
-0.060754202264
0.372394818586
-0.15851134424
-0.0887424765963
0.0769583510767
0.281063570247
0.395386361623
0.300075025014
-0.0484717614138
0.421493947986
-0.00392393263196
0.0787701628224
0.136623933096
0.288058606164
0.440790659467
0.287881514633
0.0556251649597
0.243821122652
-0.00962611085619
-0.0460460176361
-0.0190303608656
0.0890512831142
0.149347901921
0.182139390271
0.233922894639
0.114773268201
-0.0192434751654
-0.0714584539314
-0.0820182212363
-0.0830397608192
-0.0595651133208
0.0949843860267
0.229771798719
0.00273516508707
-0.117874680026
-0.0587516983504
-0.123443823713
-0.153264868575
-0.144866071685
0.0371481010635
0.188514008283
0.0501104912374
-0.028598177671
-0.0666340402633
-0.156885753627
-0.173631599813
-0.17168627174
-0.0405543285995
0.118712349778
-0.00316693158289
-0.0644945227279
-0.0925101510377
-0.122564548225
-0.168187585801
-0.149538529201
-0.11208319674
0.0288352047074
-0.0415639947671
-0.0779777491852
-0.128742865352
-0.159631926819
-0.169793017069
-0.141011585588
-0.0898875847559
-0.0155876970236
0.115158197766
0.059624730462
-0.0310881550214
-0.108535007073
-0.134083977632
-0.176717491987
-0.121327083192
-0.0717603704367
0.119035134287
0.046146638844
-0.0498622373717
-0.0655988744337
-0.103558798483
-0.131815578337
-0.112352526188
-0.0908921720394
0.114970258245
0.0272302284049
-0.0500598041882
-0.0759568686305
-0.0992121401018
-0.12999152374
-0.130878362618
-0.113545646523
0.104597550128
0.00615050330213
-0.061454441298
-0.0792379585204
-0.125457290126
-0.142925354153
-0.131593357666
-0.137028565192
0.0357386784813
-0.0272086978635
-0.0615467312332
-0.0857523023542
-0.151596933849
-0.178348224879
-0.158991003447
-0.174070483044
-0.0155140225237
-0.0494554831207
-0.0658502141883
-0.0944768631439
-0.158830410157
-0.146530578431
-0.150453805015
-0.188378864355
-0.0762509660764
-0.0334658620686
-0.0244381126917
-0.0680842084307
-0.110933314657
-0.100446067856
-0.116212173009
-0.172579917906
-0.0776554322093
0.0375312790462
0.0237109279327
-0.0435107481995
-0.10222966793
-0.0238353645202
-0.0238987629668
-0.0923791725186
-0.112502424311
0.0736373547078
0.0782773065393
-0.0123044446038
-0.0294595255649
0.0118374048194
0.057734217462
0.0680488777273
-0.11218366083
0.0888554088584
0.141705378119
0.069770033614
0.0362982970537
0.0334227229005
0.0600883350795
0.181270240083
-0.0782854425982
0.100521239458
0.177460612871
0.0729772240681
-0.0308224178707
-0.0114422312629
0.0831734079816
0.263929303957
-0.047940703947
0.12042579731
0.173656729087
0.0690139822502
-0.0249840010797
-0.0218292403899
0.16143031821
0.303086623497
-0.0105304016016
0.140241925035
0.16106623608
0.0676654964257
-0.0167329601279
0.0414457331735
0.187800087392
0.233479763169
0.0451600213778
0.143050815951
0.164481675302
0.0352475685811
0.0190004332078
0.0999797202137
0.211083178658
0.155472086928
0.0981886030477
0.144954955782
0.162694814652
0.101231613478
0.144962290716
0.185238566334
0.184659436425
0.0199088815307
0.114548740063
0.229455123034
0.250439652067
0.274784247895
0.24955960495
0.147524129126
0.0395403595182
-0.0726324012383
-0.0586434543237
-0.0595957158496
-0.0626900512449
-0.0492437845171
-0.0179392824513
0.00383247818827
0.0229686949445
-0.000466675575642
-0.0797991227661
-0.037893022636
-0.0292911159584
-0.000448314939174
0.0140701037957
0.0365574885929
0.0417617591122
0.0134246589346
-0.121379905569
-0.0543162186744
0.010812293631
0.0309526413793
0.0659180480074
0.0663515347761
0.0371376580718
0.0221727102919
-0.135485738886
0.00461845281918
0.0646886418057
0.0434407120409
0.0592456824342
-0.000346377557484
-0.022820747044
-0.012725079206
-0.130176562702
0.0783908108194
0.149656743763
0.171921723165
0.0821379477075
-0.00057754973971
-0.0494949174037
-0.0654475382468
-0.00647276910453
0.212796520608
0.202086886526
0.115426430442
-0.0242408322629
-0.110195111278
-0.155634272074
-0.178585520798
0.195370713343
0.144959033086
-0.015827687909
-0.178208360115
-0.223565715391
-0.206599814286
-0.196899036643
-0.292387203643
0.389928583847
-0.0148449024334
-0.232186995208
-0.302784769598
-0.271452436879
-0.227260308772
-0.19585053311
-0.319272477951
0.490836973751
-0.158437908879
-0.292817412028
-0.297491707053
-0.28146514979
-0.234298379275
-0.208197760641
-0.250763708946
0.538511477625
-0.0325730032727
-0.194001239211
-0.237216144588
-0.225596968823
-0.190704470037
-0.122288421098
-0.120222708704
0.380980808529
0.0874691727979
-0.0123337374513
-0.0444157377763
-0.0275928854083
-0.0134125571009
0.00870362014669
-0.000511666680248
0.202977451615
0.129100328266
0.065853950086
0.0662776665185
0.0797400901443
0.0734333537098
0.0364607241041
0.00243798613886
0.0374178675469
0.109426865055
0.0987809102462
0.0564375013611
0.0653898865744
0.082842182612
0.0236489021575
-0.0183397709213
-0.0409128680121
0.0281823751761
0.0888344406411
0.0913509011914
0.0632014686253
0.0566460589643
0.0186471634371
0.0102757658943
-0.0657249864854
0.00451523940161
0.0347313616823
0.0668779700206
0.0384847193162
0.0342155121768
0.022627585897
-0.011405227996
-0.0615114077261
-0.0385458146584
-0.00833440526804
0.035922219315
0.0458990794632
0.0628369244477
0.0600904824747
0.0108377750434
-0.0555985298203
-0.0910222459227
-0.149209280877
-0.120876952215
-0.0659157045794
0.0113240370722
-0.03493095401
-0.000488692123322
-0.0707176765259
-0.0938121767449
-0.106407708998
-0.0699749398996
-0.0373118206248
0.0397378007374
-0.0252759830577
0.00222525368078
-0.0904901963784
-0.108531702683
-0.105651294527
-0.04516871522
-0.0273199395374
0.00634990913624
-0.0111816161303
-0.0136105415762
-0.154609255808
-0.145320981983
-0.158563914202
-0.0952272820521
-0.029100214276
0.043649501235
0.0328312934362
-0.0238752335602
-0.215114724068
-0.191500867095
-0.199996383424
-0.135130734224
-0.0543977255876
0.0398881808397
0.0424774401545
-0.022308063184
-0.264181152127
-0.199179830665
-0.187468289566
-0.130424401986
-0.0342336768437
0.072151480428
0.0959655616368
0.00353400622858
-0.302487411254
-0.220685478618
-0.177942929812
-0.0898069363727
-0.00489899672152
0.0733586531192
0.102061114674
0.0227096374074
-0.314544818076
-0.166002377378
-0.111450135653
-0.0426571536573
0.0205492278995
0.1414050389
0.0856310878612
0.0373871230306
-0.247997138317
-0.0387727154729
0.00637027330253
-0.00380395519826
0.0681975283311
0.187984122359
0.0730347509127
0.0243819854854
-0.0762309520247
0.075004360982
0.0270888466454
0.0150380802275
0.109825953633
0.178786775776
0.126394906681
0.0119483330414
0.0746703317026
0.0510819290246
-0.00360240042291
0.0149805605175
0.170369288664
0.227781752272
0.158480318888
-0.0200086440895
0.218425540151
0.12170979586
0.0493441322279
0.02649067235
0.13005196627
0.241911608528
0.143993446587
-0.000873017831504
0.26625035874
0.141806437164
0.0304748214841
0.0179565501719
0.073488841497
0.18553693638
0.162627872495
0.0837341161786
0.26321718396
0.163719557872
0.0345585521109
0.0246374668847
0.0908094886067
0.176423686235
0.16557030454
0.118860497626
0.18277719974
0.219715652671
0.0878928286991
0.0723565868036
0.0707051352864
0.0882971825214
0.14997709786
0.121570256342
0.0686856777082
0.19464181614
0.217423621885
0.184557989109
0.0969625302507
0.0388325595114
0.0626611970949
0.0934981392207
-0.0826669651715
-0.10581134377
-0.106089163577
-0.0752825084096
-0.0683145746315
-0.0472332111488
-0.0104194185105
-0.00931935473719
-0.128935106315
-0.0786171169309
-0.03590293549
0.0291042294214
0.0117996685288
-0.0360242669667
-0.0458949521971
-0.00129467414988
-0.165986675195
-0.000546875880859
0.0308686798975
0.0527561798351
0.0350997731923
0.0249594815259
0.0151232702546
0.0439413551738
-0.167460980105
0.0720365515825
0.0848618035171
0.0586668825486
0.0665742936022
0.058577102663
0.00126718672387
0.105652359723
-0.144489335043
0.160497923326
0.132976595027
0.140056235241
0.107568966654
0.0482623801001
0.0406985218454
0.164143397271
0.0876885811331
0.230914487853
0.172695375574
0.0947206611317
0.0543806896517
0.0297165531644
0.0461208281793
0.140339502969
0.246821727168
0.26370176291
0.159473707771
0.133882648074
0.169203866321
0.138848289102
0.13348647024
0.020443920353
0.429148969044
0.298937861467
0.248341287945
0.153052061603
0.178454924308
0.152132952774
0.0252908857335
-0.305189617618
0.50034895816
0.269842810999
0.17851210663
0.0209283871557
-0.017476146499
-0.106151146402
-0.310562172485
-0.462258772375
0.385978786411
0.110429845371
-0.0409932610927
-0.224218265078
-0.282708818393
-0.334387619459
-0.356967744937
-0.31479342947
0.214970961221
0.135631687161
0.0793923764854
-0.026594332675
-0.0681486359424
-0.0901016314347
-0.0917608167145
-0.0935198008049
-0.049953164356
0.015380856485
0.0723758278432
0.090094326704
0.0853020954295
0.0617912731147
0.00764666605266
-0.0594980894158
-0.123989898651
0.035935843931
0.028427066466
0.0635614212693
0.0689543341159
0.0808395744778
0.0152314843912
-0.0235913444857
-0.189528801539
0.0021373045535
0.00258348765049
0.0544721385787
0.102300717859
0.0886901269824
0.0526293810842
-0.00138734615438
-0.15280401462
-0.0488531747886
0.0212159288215
0.0262548928339
0.00392450985754
0.0599925892664
0.0377064069506
0.016760164921
-0.101923077564
-0.115814830068
-0.0779391451057
0.00626183591557
0.0277991369844
0.0582047544554
0.0570042193318
0.0542878188887
-0.0247317342774
-0.0119126790622
0.011671069963
0.0981357138152
0.224663942985
0.274935267861
0.255432441904
0.128061257034
-0.0112787967127
0.0104811159538
0.0555789433598
0.0893409700617
0.120590601657
0.161588008257
0.244049545081
0.23863913761
-0.0194704216919
-0.00389913067438
0.0420232434295
0.11363138308
0.105337707572
0.092860516421
0.158679807469
0.203584669689
-0.0332114978194
-0.0182845789447
0.0547524407127
0.110215633729
0.0518873470038
0.0121089680513
0.0405260020637
0.121130806542
-0.0766731615295
-0.0385317972763
0.05384605798
0.0506412522974
-0.0346823583845
-0.117409945713
-0.077659195891
0.0110554831532
-0.0941228290112
-0.0209228618117
0.0375954328004
0.00979651248819
-0.0902093740012
-0.174794609237
-0.123698103216
-0.0700402106994
-0.133391837033
-0.0409104865884
0.0472854966528
0.0193670019541
-0.105954296033
-0.159600806381
-0.123509605526
-0.107720615333
-0.096866603512
0.0303530214555
0.113018143402
0.0843112564836
-0.0328970091255
-0.0392280729376
-0.0649620170134
-0.0742887124208
0.01684324831
0.144813982354
0.151897491541
0.116775058028
0.0406370810167
0.0313306901755
-0.00641730438267
-0.0682507982539
-0.00468930419741
0.104344590003
0.124832863404
0.153719039639
0.0867888027348
0.00954549272214
-0.0937820074856
-0.127658304162
-0.0448714420655
0.0361698663979
0.104071915409
0.0964048098812
0.0655775450986
-0.0344049011435
-0.0987867991806
-0.1334815573
-0.0867834690252
-0.0374712206272
0.0340946310894
0.0688961743803
0.0143204939617
-0.093755758354
-0.121075657156
-0.126401295527
-0.127275346586
-0.0855835090081
-0.033839425041
0.0723069414588
0.0542404874627
-0.0695350215161
-0.12493529649
-0.105692516371
-0.0945802023206
-0.085991881572
-0.0493751781755
0.0730708288396
0.034335579351
-0.0553927008251
-0.0938240284987
-0.0826485204322
-0.0675679911674
-0.060389069159
-0.0511204667431
0.0302691069614
0.0123821481614
-0.0271461894728
-0.0653296908285
-0.0552758846304
-0.0595225447613
-0.0645744041069
-0.0459413074718
-0.0285584214241
-0.021630360911
-0.064236350887
-0.0505894091313
-0.0334433238943
-0.0560853465846
-0.0186744337955
0.0941414486604
0.179715549016
0.199576008259
0.119955855751
0.0819580892256
0.0129254517876
0.00927608342693
0.108271058112
0.163752036225
0.115876576387
0.0899138300926
0.0709287950918
0.0894489995899
0.0694818825024
0.0513985101641
0.152856580576
0.174483537235
0.122480308438
0.135313537387
0.138648696893
0.0924253877216
0.059094332979
0.103223806526
0.132112481343
0.15543317676
0.178489548137
0.178476189155
0.185850813338
0.0953064849284
0.0443890454765
0.0384969341989
0.0722776649124
0.132896205298
0.161009143016
0.223102813655
0.249766863596
0.118422388243
0.0478420825267
-0.0755153025381
-0.000607782903634
0.0304452237161
0.0715611623894
0.15858278513
0.234046465204
0.221241914818
0.0701660414322
-0.163443209748
-0.0522237438362
-0.057237492472
-0.020683395758
0.0306517680574
0.138423056155
0.205657640986
0.10660532877
-0.289189127082
-0.186978824119
-0.126408145933
-0.102248220026
-0.0987752161501
0.0283727567062
0.151800498652
0.121124131533
-0.301245281651
-0.217137082481
-0.117433538965
-0.162862971344
-0.108901381513
0.0515916608031
0.127641762118
0.144320199572
-0.258032356762
-0.19175746159
-0.131345097528
-0.113277169702
-0.0695282508009
0.0592315787534
0.113328887
0.143430164686
-0.158277286774
-0.151388900212
-0.150625587893
-0.142665236109
-0.0875181518923
0.0086127086431
0.0720188385462
0.127615379803
-0.0719370761321
-0.0847880382319
-0.140636032382
-0.106893627457
-0.0792651979526
0.0181348553633
0.0515463233157
0.121779550731
7.74806315582e-06
-0.00371870592956
-0.0437917936694
-0.00771624182839
-0.0106361675013
0.01605284944
0.0327851422462
0.126123254365
0.0346515627176
0.0299163626913
-0.00806672605814
0.0261602602847
0.0521154554136
0.0156244547761
0.0915869771579
0.102427096403
0.0205026377784
0.0796058787966
0.0640248768977
0.0841267699054
0.0561852000911
0.00412112435125
0.0670299182472
0.0261021558939
0.00998206049384
0.080084805261
0.142872102576
0.184527091645
0.122291481367
0.0477958047992
0.0445619336279
-0.00752911186196
0.121213077092
0.0740307374004
-0.00997508376129
-0.0318113789537
-0.0682146735816
-0.0789059501074
-0.0568962982602
-0.0202856052213
0.164420900042
0.0456165234375
-0.0224952285677
-0.0404466726684
-0.0791217808107
-0.0658314438555
-0.0731671512602
-0.0489405919317
0.196068387648
0.0321694917735
-0.0542155087499
-0.0541932360806
-0.10329857678
-0.0899202174633
-0.08471130466
-0.0686177756901
0.176212498409
-0.0075187404294
-0.060834905575
-0.0860544270156
-0.11614971039
-0.106411404081
-0.112464466468
-0.0973067175526
0.11481417413
-0.0117192656296
-0.0867003171995
-0.132198978378
-0.154015736899
-0.158682683371
-0.13897187792
-0.132411201637
0.0285576227494
-0.0107089434673
-0.0811287172529
-0.118352376431
-0.15110039657
-0.155544502255
-0.134155013071
-0.139811223117
-0.0182139301005
-0.0143059746016
-0.0551348873185
-0.0920697919143
-0.144503094952
-0.13894931763
-0.110778836085
-0.133004206869
-0.022631213037
0.0206095988485
-0.0131021600261
-0.0552393290387
-0.0662452016974
-0.0431133098097
-0.0430382560323
-0.100915171023
-0.0492109444643
0.0363337175888
0.0591463356184
0.0173039676258
0.0105928178926
0.037659776278
0.0481883975591
-0.0476665530457
-0.0569535284806
0.0441303542684
0.147970915455
0.0810122033402
0.0641128951885
0.0803354890709
0.081517792356
-0.0017332155594
-0.0408130632106
0.0907910853343
0.175526433066
0.0844067458818
0.0625686856949
0.0736507371592
0.118858255221
0.0362037963176
0.000537733415155
0.17969390705
0.177530153247
0.0702772752124
-0.00503891731953
0.0187831950202
0.140103742111
0.10251503521
0.0597196900637
0.200334197336
0.133504327988
0.0324738555901
-0.059463510901
-0.00998694141566
0.148143326821
0.158029672613
0.0949835596944
0.188959220084
0.0976682352944
-0.0307444906661
-0.105934700662
-0.0226239366186
0.142560014942
0.191688200369
0.0770605710163
0.13471304139
0.0513482535719
-0.071251814209
-0.127412828736
-0.0190600628834
0.127961082351
0.190052220571
0.0558867702745
0.0606982871774
-0.0411264805607
-0.15536120168
-0.161526075517
-0.0212267506972
0.136723102919
0.195607522154
0.0819428325083
0.274073263553
0.513602856868
0.503689404663
0.477671535691
0.326321143835
0.0979786004314
0.0187594625834
-0.00420011904637
-0.0482304744536
0.0647355166448
0.0900552589763
0.174919573842
0.0421278490426
-0.0509445911197
-0.0779689755992
-0.097151034603
-0.174644499955
-0.16015664433
-0.160235463208
-0.0328076144125
-0.0978436932993
-0.119908036657
-0.102673301803
-0.143756666798
-0.213173382828
-0.249473142858
-0.275588362979
-0.195443436885
-0.183887977979
-0.155810950852
-0.114116811161
-0.180208215296
-0.234644270796
-0.253092119423
-0.233381791709
-0.200010528636
-0.177332229316
-0.13188664958
-0.102283815125
-0.208345306193
-0.247226349
-0.189319488579
-0.131382456304
-0.110597861585
-0.142129050103
-0.150658319483
-0.124498573026
-0.171206725673
-0.184516203396
-0.127059187704
-0.0412564812347
0.00032073188744
-0.0855708416146
-0.167887211845
-0.126988031574
-0.157158278693
-0.150708449022
-0.0787992167286
0.0593324453377
0.16070739974
-0.069650106593
-0.178789892921
-0.120814619241
-0.170341683544
-0.171059599075
-0.0313152424351
0.154061156738
0.201380277224
-0.0428785397943
-0.156161279691
-0.0993026430278
-0.157490372297
-0.145296957295
0.0348920094407
0.232138303837
0.282590119988
0.0417321435442
-0.138751957966
-0.108437502231
-0.123501922338
-0.0773241380337
0.0851560239391
0.295861964563
0.337025951414
0.0771204549221
-0.154983204065
-0.130667792702
-0.0887071227392
-0.0457078490581
0.117028035938
0.319846145662
0.323838688579
0.166993372653
-0.114700710684
-0.118670052072
-0.0678483220945
-0.0133870945259
0.188613301047
0.323873415497
0.328487676004
0.20989440991
-0.0221238389162
-0.0873127687455
-0.0511766120185
0.0200808581989
0.20874242967
0.298674112542
0.330069948873
0.216024038911
-0.00678971100764
-0.0444696599009
-0.0241644406707
0.0192158052788
0.188484466556
0.280439104586
0.324050170823
0.243386536608
0.086908116007
0.0102062881661
0.0192059292552
0.0126363229842
0.148601300635
0.178962434714
0.330744705063
0.295032982385
0.147112857717
0.0652274502631
-0.00475344389475
0.0033158495382
0.00878808693152
0.0124054083832
-0.0120283949293
-0.0107817671283
-0.00724393562665
-0.00244739416609
-0.0171811817841
-0.0258494122203
-0.0394424916301
-0.0443558766426
-0.0375517913152
-0.0225500369648
-0.01583214779
-0.0214088855449
-0.035103252554
-0.0460327192457
-0.049806745345
-0.0515972373829
-0.0424845354256
-0.0429713628612
-0.0331476068496
-0.033537231167
-0.046148802362
-0.0516902674781
-0.0574370534223
-0.048040240271
-0.0386334347415
-0.0165475007004
-0.0238166302696
-0.0420376669885
-0.0684171870528
-0.0646247709816
-0.0692628469954
-0.0494879148901
-0.0282070403406
-0.00979453818175
-0.0348620280061
-0.0556911488527
-0.0891238533097
-0.0798840079381
-0.0734460997033
-0.054654535057
-0.0252643598195
-0.00824942309574
-0.0328330594354
-0.0442623636934
-0.111322141653
-0.0918412119934
-0.0822858106692
-0.0584900107561
-0.0249300510505
0.00331628074732
-0.0224237326723
-0.0399124157912
-0.11867786954
-0.0866431462636
-0.0858619262854
-0.0825249095011
-0.0369083302838
0.0162317606242
-0.0106357707216
-0.0397209818963
-0.117650741608
-0.0870485566042
-0.0935776846604
-0.100155311475
-0.048605985792
0.0256991602091
0.00720621513879
-0.0401883329148
-0.111649442919
-0.0833572504941
-0.0928006005709
-0.0925294825871
-0.0606878772985
0.0261489325939
0.0171866855364
-0.0360192140833
-0.0824912115086
-0.0746964066647
-0.0865711645887
-0.0941385537558
-0.0718271083627
0.0140675139885
0.0100122372205
-0.0313299284264
-0.0557182628694
-0.0559147075308
-0.0780611720312
-0.0878371371683
-0.0706258203328
0.0176371735009
0.0310340050369
-0.00775722633984
-0.035461464287
-0.0273187546363
-0.0450798802923
-0.0734129280725
-0.0514504700311
0.0142046297717
0.0385916652843
0.00617013301454
-0.0123883919322
0.00756532417003
-0.00881800673359
-0.0472762443486
-0.0465282322886
0.00826310455883
0.0476181565226
0.0176970973465
-0.00774065618108
0.0251918265534
0.0429514517549
0.0214543105938
0.0170038309059
0.0410803038548
0.0715907354949
0.0213076903877
-0.00692261766856
0.0195329842455
0.0760457769585
0.116963303065
0.122816570062
0.0942149424825
0.0573141821894
-0.00227319019701
0.0979554587415
0.0468899844262
-0.0106917942201
-0.0643501627165
-0.106832809317
-0.12464075845
-0.0919704046521
-0.0654823349377
0.131287664559
0.0533357006205
-0.0282687349539
-0.058728981015
-0.0949563757543
-0.11117160922
-0.0814850612187
-0.0670155618979
0.186318312648
0.0523106367168
-0.0516947195924
-0.0907835453275
-0.126148057989
-0.112527116364
-0.0779908263327
-0.0964145871507
0.174382804067
0.0300013428601
-0.076735115946
-0.113758710436
-0.114499960393
-0.0702162409053
-0.0969521125486
-0.139016372736
0.131304839473
-0.00410600046882
-0.11798355741
-0.123808401848
-0.0844947128762
-0.0802112608847
-0.122339868611
-0.161201689048
0.0558938418149
-0.00550797028504
-0.0693279837499
-0.0735004619922
-0.0664157906552
-0.0485480511509
-0.0555357653876
-0.104090264293
0.0031222466604
0.0393053951039
0.0173150604425
0.0191621487855
-0.0058856013336
0.00727864552549
-0.0431545542382
-0.0998343263239
-0.0387737210404
0.0865673693123
0.0867408838065
-0.0130545923217
-0.0392066636101
-0.0262244149562
-0.0521702824354
-0.0993016976118
-0.0351533859161
0.176351473224
0.161257160868
0.0184266966618
-0.0202925806785
-0.0380648389027
-0.0977896753584
-0.158326883269
0.0185019878392
0.196388110793
0.14635345103
0.0704909039928
-0.00545608563058
-0.0670955316644
-0.132224752089
-0.185020153646
0.0746823134909
0.173582150165
0.148979543658
0.113353507067
0.0600824632817
-0.0286282823323
-0.137760755833
-0.190313944971
0.0898582749449
0.171578448214
0.143233473832
0.111513892711
0.0837291437933
0.0422890564815
-0.0527403958201
-0.139871388066
0.142480352997
0.134111646384
0.0785259072822
0.056424410951
0.0839409970034
0.0908617680007
0.0552639226923
0.0117661127899
0.151360555645
0.126451222802
0.0194988449068
-0.01818960019
0.0493003189804
0.110154052303
0.0944250718883
0.0957421007761
0.151852726856
0.0734593161173
-0.0161548053295
-0.0456966410226
-0.0263369548514
0.0479259079364
0.0941481797288
0.114061566276
0.0994945113341
0.074818655134
-0.0547723781487
-0.10253676308
-0.115572594749
-0.042364335511
0.0388950216662
0.0946998655861
0.0295917341514
0.0507923506651
0.184283721123
0.121104914766
0.0312650883244
0.0083460115937
-0.0703841716988
-0.0347981498223
-0.0143944424074
0.000173657338885
0.130187321445
0.183496166909
0.149141425063
0.0374126655436
-0.0700096839797
-0.0572593617643
-0.0402540880719
-0.035554988305
0.124284969501
0.208292529588
0.199608697233
-0.00130008578959
-0.0875975005027
-0.0878284885252
-0.07035279381
-0.0749559126235
0.0936292427061
0.230228634632
0.220781457736
-0.0417161858133
-0.101034490211
-0.108186583438
-0.099032912412
-0.101615504854
0.0187606248826
0.178348917015
0.209232738552
-0.0762447135452
-0.112416269946
-0.146401432958
-0.115215126338
-0.124432834258
-0.02565053777
0.209967840923
0.242780862749
-0.134830420418
-0.145152255395
-0.155924596427
-0.163778816358
-0.151707171958
-0.0520338021467
0.199731276696
0.239877565881
-0.197450724223
-0.17371114501
-0.151281710381
-0.155132151755
-0.121540607391
-0.0780254682945
0.205980019995
0.195240295697
-0.242653372806
-0.181709305937
-0.138825798446
-0.136526985245
-0.144893930549
-0.117108114346
0.25048300608
0.144344449121
-0.240943744013
-0.192783634611
-0.14301660866
-0.0974669364761
-0.163941235442
-0.122561057071
0.24558253618
0.146883308148
-0.19173531104
-0.179185060729
-0.126909934127
-0.0680789300041
-0.159367980377
-0.103106198849
0.238302119491
0.142404229703
-0.154908084701
-0.18201010996
-0.138162205825
-0.00775113973309
-0.0810983469386
-0.00821066379236
0.227419358977
0.149403718001
-0.0871394062766
-0.152224413727
-0.112104042707
0.00706889415089
-0.0311895004046
0.0550107228942
0.202943333612
0.188980268155
-0.0302205184665
-0.125148379852
-0.1151795551
0.0285315292517
-0.0331391640818
0.0609869464817
0.151173775172
0.186310751654
0.00845481841846
-0.10643736773
-0.0829960700893
0.039337443769
-0.012204351221
0.127587676896
0.143901392598
0.230193050131
0.101193994314
-0.0435689215019
-0.030214224926
0.0256088739276
0.0366419724206
0.135369885542
0.132569741968
0.299003035837
0.266189348663
0.0770452392982
0.0144613111115
-0.0264191139556
-0.0406331390956
-0.0605591350953
-0.0791979953531
-0.0890796990842
-0.0760255343005
-0.059063129969
-0.0384039935085
-0.0453508303466
-0.053155696047
-0.0677233101095
-0.0796420485076
-0.0877594823761
-0.0832091313585
-0.0755490462928
-0.0605120932927
-0.0712195596428
-0.0588018572798
-0.0842517914802
-0.104861405977
-0.107679207718
-0.106420314804
-0.0869617142937
-0.0710278665496
-0.0755423310971
-0.0810208987886
-0.0959312850194
-0.120346220108
-0.132824999938
-0.111917296073
-0.0581506413184
-0.0749541452571
-0.0351910554672
-0.0350490839856
-0.0171566585585
-0.124597374049
-0.13553382124
-0.0665458081244
0.00622364153284
-0.0435999005674
0.0412191391249
0.0533786721074
0.0926506950179
-0.00324768866874
-0.0251755173291
0.0566897783334
0.16687940746
0.0501902340464
0.203375656384
0.164590582217
0.242654709228
0.181465841265
0.174619707873
0.255250315372
0.242122737307
0.180795284577
0.151305710572
0.190045593093
0.143842099514
0.216059432886
0.275440862863
0.183837020125
0.17773309283
0.313450690295
0.169576229542
0.163332360241
-0.0604467978306
0.196385379397
0.274523831948
0.0144968358333
0.0275128679119
0.358645345979
0.179748960583
-0.0570979152359
-0.257316543772
0.0502207636204
0.10865059199
-0.186494166205
-0.176642534245
0.260824619886
0.0960609702763
-0.218282470573
-0.308307110991
-0.111867536338
-0.105158325304
-0.23971351138
-0.207229496565
0.0560137192265
0.0169221740745
-0.21880315284
-0.241164831374
-0.191304918556
-0.1828563259
-0.18972465295
-0.17295543915
-0.0427462889014
-0.0706757856382
-0.153299853342
-0.171610772144
-0.166934746109
-0.158627959916
-0.130827932402
-0.125015760854
-0.105280443959
-0.0814190645478
-0.109323287041
-0.124524301682
-0.127795214632
-0.125866815715
-0.103956933608
-0.0881069117324
-0.0747458693532
-0.059582154526
-0.0731408421777
-0.0857771771548
-0.0939349472147
-0.0950927788574
-0.0842676552999
-0.061292026116
-0.0519840359712
-0.0336195145312
-0.0510395105838
-0.0692052145339
-0.0800772441158
-0.0871126353721
-0.0690554702966
-0.0467420681807
-0.0301881307021
-0.0350429459586
-0.0469466861396
-0.0665150069762
-0.0692700396625
-0.0824846600221
-0.0805686165978
-0.0841278672863
-0.0564530997317
-0.0416818476485
-0.035436796117
-0.071539612715
-0.0593873769518
-0.0237118921687
-0.0501175787372
-0.0555490044854
-0.0391252448439
0.0022799771116
-0.0359864491236
-0.00471651176765
-0.0124256670488
0.0207991608655
0.00484225921792
-0.0480653012617
-0.0399545443875
0.0244048383327
0.000506916222959
0.0359948731519
0.035851363031
0.0162716975845
0.0443031609907
-0.0103736916768
0.0366614814815
0.137762605676
-0.00131416513862
0.0408779803795
0.0592643639489
0.0951895085755
0.102076400697
0.0298190566905
0.0402586211777
0.240989808153
0.0402785669088
0.078642340969
0.0520413793316
0.114001904068
0.142318412275
0.0496372162824
0.0995373946305
0.257172756813
0.125381920937
0.119525226834
0.0316766535014
-0.0317238548991
0.0496327053206
0.118087676539
0.203851455768
0.213529573989
0.299097574036
0.170348614283
-0.027525270203
-0.309250611057
-0.0829853865117
0.23990510873
0.320277066782
0.180708370651
0.404337616749
0.201731365432
-0.109218381034
-0.362951124198
-0.101802428521
0.304916432221
0.319520422657
0.169481574445
0.279671170381
0.0887796726636
-0.144278279559
-0.323084290315
-0.062467400204
0.239511578525
0.348204880106
0.170981917821
0.0957183317418
-0.103186505841
-0.283838622509
-0.327480094323
-0.138254043056
0.0735915701109
0.382041461205
0.183041378313
-0.0363984964449
-0.232195042943
-0.403032977125
-0.379996108501
-0.217280235811
-0.0302672225298
0.307753476488
0.112408953952
-0.118179490378
-0.252826231036
-0.326816207683
-0.286282088528
-0.231051794599
-0.0662308288514
0.175496135908
0.0366056438898
-0.157049645869
-0.245110155087
-0.297431523253
-0.248255554967
-0.206482326914
-0.101162855578
0.0960271815416
-0.0297218264844
-0.139122746452
-0.195398963758
-0.222750524122
-0.21634744505
-0.179632876001
-0.0883189020367
0.0107403753901
-0.0379386465009
-0.110633065435
-0.165761764597
-0.197033568474
-0.190505733352
-0.143408449633
-0.0671952839263
-0.0175470359685
-0.0198882746661
-0.00169059923853
-0.0188178971241
0.0072773174179
-0.00174428836023
-0.0447680838015
-0.0491690146142
-0.0676847395758
-0.0518712464737
0.000596506679936
0.0652284378266
0.0770789748731
0.0434779807219
-0.00605113333992
-0.0555183284482
-0.1205450267
-0.0515575446457
0.0391941786933
0.0812509754857
0.111381216989
0.064029754291
0.059614385668
-0.0307525274762
-0.165588876835
-0.0470152598314
0.097496711028
0.0925340447719
0.10695433689
0.0904865079994
0.0726714021276
0.0422667484791
-0.146174316835
-0.0682454195652
0.100372128003
0.13165728359
0.117768785097
0.121641987188
0.116639090823
0.0835033810793
-0.00853883765574
-0.0844851470092
0.0674866929678
0.099957834088
0.116593476073
0.0907265236443
0.140802670727
0.132825538101
0.212355639998
-0.000270543531021
0.0716069201223
-0.0163397545596
-0.132555203824
-0.208005119453
-0.0875188420995
0.0929240521433
0.437171962542
0.164553964302
-0.0438413830707
-0.193922904763
-0.309444667475
-0.311926067635
-0.227910464948
-0.0773373874903
0.596445943604
0.244500428569
-0.15670241919
-0.24998032462
-0.35123904097
-0.318584311928
-0.264438867833
-0.0482976866289
0.600201116619
0.26747295365
-0.135895525474
-0.241850628608
-0.273297682203
-0.243986576448
-0.0697685297681
0.110580747711
0.364521648562
0.239924142435
0.000911870743569
-0.0579410136328
-0.0529265005064
-0.0294593934304
0.0976879687274
0.131722468285
0.106734320449
0.136360934881
0.0165908515894
0.033296027368
0.0328941820777
0.0508683634442
0.12956364761
0.114372436867
-0.104476984658
0.0761792204927
0.0320848084417
0.0346945192052
0.0492249237247
0.0743436103251
0.0906904446984
0.05413382816
-0.167698393359
0.00279622866889
0.0608787309623
0.0462285458511
0.0617623941412
0.0496816601561
0.0588688979883
-0.000315441222516
-0.171288693575
0.00707374062994
0.0583339462041
0.0285798366099
0.0170915699129
0.0431555606898
0.0544996075381
-0.0408880729888
-0.0979307290297
-0.0158981252753
0.0553489409833
0.0618243960964
0.0566814380401
0.0293082467911
-0.0294964090816
-0.0591725989842
-0.0630480480956
0.0283475551066
0.150370236064
0.254830190661
0.32025331261
0.35181782439
0.314480711177
0.127479363369
-0.0327118167617
0.0998778650198
0.164895205796
0.187617566082
0.130660617694
0.095330443711
0.201276707241
0.226300965377
0.0694234107031
0.138530519247
0.139188864445
0.149375773763
0.0679383006165
0.00415414751189
0.103949677326
0.245434572424
0.14265200477
0.109929423605
0.155746670836
0.153916664021
0.0326541964354
-0.0534229298085
-0.00128425263647
0.206192669343
0.229429656447
0.0272369515221
0.0883104581522
0.114150822104
-0.0337605962904
-0.101237321334
0.019958409275
0.142160321648
0.225765383198
-0.0475733203249
0.0956207809327
0.126603119042
0.0261576369298
-0.0155902891329
0.0689117825244
0.128146350176
0.188003246909
-0.0959042242792
0.0759948860202
0.147226467372
0.094950030767
0.0326644717623
0.104303283603
0.0899265407454
0.0691778911092
-0.10658974367
0.114060164754
0.190140026352
0.0576937181261
0.0185877658895
0.0494689247511
0.00618766993646
-0.059794780733
-0.125021116494
0.0939251623656
0.11511246989
0.00257559924752
-0.0632591883263
-0.0826396427372
-0.127677009093
-0.161462998852
-0.131961780667
0.0918529106746
0.0466818777784
-0.0369742304729
-0.108029624361
-0.130587014674
-0.178084276834
-0.201347116723
-0.11392596359
0.0414263209596
0.0182723689543
-0.0552611126448
-0.125223228603
-0.165967068097
-0.206451179541
-0.216439822582
-0.0614226612107
0.0270975129833
0.0186160022397
-0.077721256431
-0.119556203947
-0.170199483827
-0.195362269314
-0.196218820723
-0.0241278591901
0.0239644041879
0.0147706388893
-0.0516760912123
-0.091566044844
-0.152996088661
-0.167317215996
-0.16132906457
-0.000225011168326
0.0124520840304
0.0371966647454
-0.0420517521814
-0.108894445294
-0.162259525921
-0.14935726116
-0.122323425777
0.0468238393621
0.00859312651735
0.0377484852983
-0.0343808817065
-0.0941772938042
-0.112633404179
-0.132017265595
-0.0861937633194
0.0471583372956
-0.00502812887605
0.0100858073613
-0.0845631409381
-0.143055387387
-0.148257595609
-0.139070497695
-0.0654513194809
-0.00506910540737
0.020639812553
0.0991739813237
0.113518894136
0.0931147406379
0.0608095745593
0.0327402043149
-0.00591402680944
0.0333679871172
0.100649073049
0.119769281483
0.0663887264451
0.0722309975041
0.0574442672701
0.0522730714358
-0.0129483527491
0.0797573286832
0.133679454901
0.0692299152474
0.0482285098291
0.0675113534907
0.0542801686554
0.0302861401021
-0.0374744795227
0.0959760124478
0.112531249045
0.0565856886835
0.0532858997296
0.0815367986971
0.0526005550669
-0.00380368570262
-0.0549904482287
0.0595622190039
0.065864769124
0.0166976181384
0.0383835374625
0.0767391118564
0.0101127216638
-0.0399975287283
-0.0652270305868
0.00798077656915
0.0396250574534
0.00772448145038
0.0554040555185
0.065605056611
-0.0187217543959
-0.0442255746192
-0.0499227584973
-0.079659508662
-0.0337348227225
-0.0193677581365
0.0339495092879
0.0424101434038
-0.0327643103632
-0.0507737607611
-0.0367927804717
-0.13986005965
-0.068075958819
-0.045598932307
-0.0132620123558
0.0135826342333
-0.0272801818256
-0.0240723660836
-0.0125537022025
-0.157890957711
-0.0957841290882
-0.0891756485107
-0.0401222430697
-0.0311734414086
0.00577880038909
0.0216917335705
-0.0142127847673
-0.148011320179
-0.109698229786
-0.0873825889762
-0.0270507364254
-0.0194874748166
0.0106069830753
0.0293281062147
-0.0426624912318
-0.129006837341
-0.112476042467
-0.0875552706936
-0.0418904446346
-0.021777653202
0.0138408911219
0.0124649046673
-0.0566918109933
-0.105745346994
-0.091261812038
-0.0647974795065
-0.0465697369152
-0.0148291791161
0.00458737516333
0.00238288624262
-0.0212082819345
-0.0790707113206
-0.0796316965497
-0.0465812375549
-0.0265011027613
-0.00575425364286
-0.00434987643051
-0.025668566499
0.0288649364763
-0.0616995106974
-0.0606880849748
-0.0474298429116
-0.0196130685746
0.00288982793721
0.0125490352139
0.00650940012797
0.0504266146715
-0.0382835774876
-0.0441207150917
-0.032353614613
-0.0106044631731
0.0277876879733
-0.0113637342281
0.0254574720356
0.0563756765822
-0.0258422132279
-0.0307496984249
-0.0276133859689
-0.0233989990772
0.00373719709297
0.0171545303133
0.0330370303914
0.0172560380977
0.00105424874174
-0.0226628237399
-0.0325195704906
-0.0174194920106
0.0238839265082
0.0472666779254
0.108896480989
0.121813295436
-0.00636465165172
-0.0186441142831
-0.0429654717562
-0.00486438448878
0.0528256321614
0.0580944484931
0.0271069530429
0.019583309274
0.0594333598366
0.0319205087583
-0.0108777278462
0.0177324421484
0.0691276269583
0.0805154833662
0.0549953382021
0.0226654930787
0.0996329208788
0.0457844822806
0.0671471067382
0.0714919392987
0.127130878845
0.121572338781
0.0759087659919
0.0616465651496
0.235493786869
0.0766668380457
0.0791368470367
0.134840135803
0.17858055446
0.159699832063
0.131682489346
0.162710528021
0.311754048393
0.138044230769
0.1318346372
0.0824396542298
0.0488853406495
-0.00112533046929
-0.026963458837
0.0324731392787
0.357482762236
0.234781340839
0.11783983679
-0.0148814937686
-0.11595598239
-0.194469220001
-0.249093951909
-0.156528109777
0.285736797238
0.347384932764
0.126642525223
-0.0751343520755
-0.191284112726
-0.245037809361
-0.286726258502
-0.292819768601
0.208842233957
0.388730742521
0.177096044923
-0.0846064785408
-0.1862237745
-0.228596952826
-0.260684201439
-0.305572793748
0.165220097831
0.310085491878
0.187769419683
-0.0421408189702
-0.130502379294
-0.193036282038
-0.249045180448
-0.327688845001
0.199025752866
0.168262775844
0.124743593311
-0.0381025531923
-0.109263233872
-0.204015674187
-0.29163670421
-0.38319163046
0.196451577371
0.128607451774
0.0419600716534
-0.101100450822
-0.166444261346
-0.234436030241
-0.275333501811
-0.342019968873
0.124963031108
0.00680943056808
-0.0238348736708
-0.113353879246
-0.146779780543
-0.205414546817
-0.228525400885
-0.242939574592
0.0598009328711
-0.0219618968388
-0.0359243798351
-0.104913434636
-0.138515128698
-0.167731957874
-0.193993955492
-0.19164427387
0.0140420972666
-0.019976976401
-0.0622443392904
-0.0927785226783
-0.0970786025789
-0.114330060578
-0.13740685227
-0.121926160999
0.00345827898409
-0.0154528113715
-0.0745456719363
-0.09560117788
-0.116632736363
-0.10501470363
-0.101655558762
-0.0900007870484
-0.0567560988291
-0.0619308176548
-0.0707040490389
0.00393512138221
0.0302231262516
0.0468192504177
0.060047526764
0.0496125993617
-0.0504529053362
-0.0287867366177
0.00727596892955
0.0564997751765
0.044905810178
0.0458007372948
0.0495702595218
0.0518068450512
-0.0409964518849
0.0347485697982
0.0782387787002
0.0853161692117
0.0673471214523
0.0631589223027
0.0344064298156
0.0503025914697
0.0397250248948
0.112389724207
0.111079263763
0.0704341893757
0.0774300477628
0.0438202992788
0.021105465427
0.0520595411501
0.121151243033
0.152876178007
0.119010743501
0.0633152319802
0.00523391496014
-0.0504812727611
-0.0746239106014
-0.0149047510494
0.164334502951
0.178253834883
0.0905240040538
-0.0528737583184
-0.139921086195
-0.175711650194
-0.194097616744
-0.167542232626
0.101202497045
0.144740591073
0.162236197469
0.0168796206121
-0.0904676338499
-0.144551866454
-0.18656679962
-0.2212537362
-0.101829569709
0.0295176033452
0.177107155159
0.179004999567
0.0890474608367
0.0615981617675
-0.0228064327109
-0.110562106889
-0.324082177054
-0.153200134562
-0.0527204278047
0.0140228019237
0.131271448566
0.195084509456
0.210576117587
0.144629716386
-0.374053997708
-0.270355798449
-0.236159517846
-0.162796465068
-0.0409444090151
0.0998961760641
0.217462766118
0.311615011291
-0.305917390184
-0.239467162671
-0.234728817195
-0.207068946818
-0.0776370176133
0.115038302562
0.231462147089
0.358011371036
-0.103314877837
-0.117843682899
-0.103336365165
-0.0477683415291
0.0564245560994
0.127503259026
0.180664563158
0.297028927689
0.0336711019942
0.0270920834581
0.030649855865
0.0387800970809
0.0609357183599
0.113848533689
0.137462430125
0.139346655393
0.0511952758394
0.0433304865525
0.0482964226499
0.0530819898131
0.0187707223455
0.0602420756576
0.0379885835077
0.0250019489282
0.0500904687607
0.0305502781445
0.0381940253895
0.0269676673157
0.0155250594725
0.00449446963109
-0.00272643195191
-0.00289696355717
0.0923002542748
0.0653015472072
0.0539797011904
0.0179149319409
-0.0339605460669
-0.0701384011056
-0.0613998094686
-0.0431239955384
-0.00592840022949
-0.0469690972612
-0.102426962374
-0.0825240773868
-0.0591954276888
0.0050658270752
0.00396935183224
0.0286081804602
-0.023091982592
-0.0441907277691
-0.0121971554664
0.0451437896649
0.0718378742545
0.0383044370696
0.029814624906
-0.0271295662296
-0.063080433912
-0.0722594642463
0.024565452724
0.102138006611
0.100756865378
0.0782535415196
0.0263921966947
-0.0810873995474
-0.100684658067
-0.0822312108018
0.0208922441536
0.095130940653
0.101290091372
0.0850777150835
0.00290391420157
-0.113901795372
-0.0935644436846
-0.048334254627
0.0730980211749
0.147130249868
0.0649587600269
0.0965746341529
0.0517272643884
-0.0927793876714
-0.0979040704562
-0.0775205976469
0.0390515750011
0.177545761666
0.183614350477
0.102637336673
0.0761886225703
-0.0324519510432
-0.0450220241374
0.0260652969421
0.0990142274754
0.183383638807
0.164292320103
0.146267194982
0.12517302926
0.0637550019068
-0.0199157567498
0.00127554057546
0.0968038272085
0.185904242791
0.137098364386
0.166230407403
0.0861272655668
0.0562007377262
-0.0509095818326
0.0628472443579
0.133329916741
0.165543526736
0.164803250962
0.182611754869
0.0821525625336
-0.00257481757286
-0.181375812668
-0.0467355032761
0.0737606966244
0.102939992784
0.187146935813
0.0910865618626
-0.0613470488993
-0.156376430438
-0.259898021213
-0.178242553936
-0.0779016636495
0.0555025013298
0.108169208722
0.0231188051412
-0.154007520575
-0.258632235952
-0.241933267228
-0.190754722757
-0.0909078031474
0.0747685010626
0.106118903011
0.0253692793773
-0.120582695154
-0.160582750885
-0.197283428738
-0.173587747129
-0.0777445939078
0.080158214266
0.124137855793
0.0734689230827
-0.047228277056
-0.0514360075303
-0.152425898539
-0.154185754422
-0.0672129042933
0.096350888039
0.125208364602
0.104929510307
0.0253684050864
0.0104956162471
-0.0928854562571
-0.117931762818
-0.0838072753583
0.0767670459132
0.100814199819
0.0980290854046
0.0608525817595
0.0498510804327
-0.0518902382398
-0.126186937826
-0.128644836586
0.00197565133148
0.00235761174217
0.0909043622729
0.0904753480484
0.0576418212253
-0.0570424869847
-0.057239419773
-0.0977549656312
-0.120471998261
-0.125780525194
-0.0883519521559
-0.0282678350347
-0.0104317531253
-0.0807572384625
-0.0786368937177
-0.124389863262
-0.131130699466
-0.136958107443
-0.0990259474748
-0.0349830996052
-0.0140377756415
-0.0353932607276
-0.0904075324979
-0.159599142682
-0.182709326622
-0.187031515884
-0.125766869062
-0.0565761098615
0.0656239885106
0.036258522163
-0.140591396387
-0.212746436938
-0.238247823283
-0.203112179149
-0.131641224699
-0.0792425592502
0.152887516516
0.204045070345
-0.179150730099
-0.279958070912
-0.318577184357
-0.225229448453
-0.0873599636248
-0.0496705628389
0.179744405476
0.303911430098
-0.199698252317
-0.27712127303
-0.28657047053
-0.162480724977
-0.00832366077361
0.00719299477737
0.257533719171
0.323627467861
-0.173708190537
-0.270045385556
-0.256864972086
-0.0349929511586
0.0890343131733
0.0884201836486
0.234789000854
0.327903064895
-0.138783144765
-0.260349673513
-0.256543288025
-0.0103217028659
0.153107124924
0.126143182822
0.188078593024
0.346924021209
-0.0708609071268
-0.272000796865
-0.196738304736
0.0432927384201
0.228040642457
0.2013314391
0.161506492606
0.268816038111
0.033169968402
-0.111451565253
-0.0649812442208
0.0775787752757
0.250460873788
0.313303752483
0.17149455093
0.137034898557
0.0798180209699
0.0900301708799
0.0800145353161
0.0342779490088
0.129042490088
0.281098771527
0.184786540939
0.0401496629988
0.0326786992153
0.090738100102
0.0573623122769
0.0510555962639
0.0802823389525
0.173725962349
0.116264809943
-0.0219994997676
0.0524079011564
0.0741953147615
0.0186876787998
0.00853053816987
0.0469393369239
0.0799748972249
0.0401856307187
-0.0746690032357
-0.0109724617837
0.0181088623018
0.022889752698
-0.011465108486
-0.0129210504081
-0.00701605562856
-0.0671075123842
-0.0845338633248
-0.0545071548245
-0.0469345192888
-0.0301914178586
-0.0385487179805
-0.0446497942175
-0.0543630553799
-0.0944398460138
-0.0572919749889
-0.0630787763602
-0.0443142357083
-0.0228223871694
-0.0302802937512
-0.0404254767715
-0.0660351751667
-0.070331195876
-0.0117651294375
-0.0479758259292
-0.0835250274776
-0.0960852900185
-0.101450206609
-0.079669770282
-0.0290786561854
0.0715023746012
0.0196682407805
-0.0494712425286
-0.0792597304656
-0.0819361921966
-0.0917106232104
-0.0696996130101
-0.0249035459797
0.148366711416
0.0533676131596
-0.0424390981379
-0.0867313324807
-0.105955575539
-0.113016903645
-0.0970448530185
0.00382582921093
0.238614060506
0.0752971638646
-0.0496598659029
-0.111558387831
-0.13256721015
-0.129577016079
-0.0940181198116
0.0503800913595
0.259351899991
0.155309959929
-0.0417537277169
-0.134919067954
-0.172198112913
-0.157912476287
-0.110213871523
0.0871162728298
0.246340457312
0.189570845281
-0.0394626790387
-0.141835918589
-0.159318562635
-0.151172079049
-0.0724184145383
0.130581288821
0.173255948954
0.145564028029
0.0368691428756
-0.11077592075
-0.1613304202
-0.158517936891
-0.0329516469696
0.145101623681
0.0832319672233
0.0275666700439
0.0762232609297
-0.039101082552
-0.164957266308
-0.147468588584
0.00989706290605
0.115013112838
0.0452956396164
-0.056110867404
0.0494581067894
0.0240035032288
-0.111241183341
-0.108913674907
0.0157907144603
0.0728667177257
-0.000608474488518
-0.106937218398
0.0243730046356
0.0431730853996
-0.00709759660526
-0.0161873476744
0.0304409172277
0.0575616758016
-0.0442794676764
-0.124033355967
-0.0187730008523
0.0598855523358
0.0921963494175
0.040835408008
0.0472092800568
0.0395946149617
-0.077125209818
-0.123078991992
-0.0231213966675
0.0627010053376
0.119790366153
0.103619404564
0.0801482235871
0.00926914589325
-0.0878709649547
-0.0949527442744
-0.0517990222874
0.0348622572785
0.0819351137949
0.0849792858885
0.0674410548377
0.00732467685361
-0.0705167898854
-0.0509483813803
-0.0461030023504
0.0081576911766
0.0504660059996
0.0717796119534
0.0602733757954
0.0169650587547
-0.0512154621291
-0.0439469931273
-0.0411661538681
-0.0228175331452
0.00712576956471
0.0361069063024
0.0238122120566
0.00759869165258
-0.0298466907823
-0.0358920659787
-0.0466027427754
-0.0603721506548
-0.0445928666187
-0.0157522009439
-0.0141218762644
-0.0242507430096
-0.031566495462
-0.0215896748913
-0.0333226929495
-0.0525223168328
-0.0650329158282
-0.0683611054017
-0.059105367587
-0.0430347291563
-0.029686004451
-0.0337953695177
-0.0375055736302
-0.0505124702274
-0.0581977941983
-0.0609825885478
-0.0550437587948
-0.0501403632897
-0.0459696934704
-0.0586809864693
-0.0534201402408
-0.0650218850328
-0.0736319121878
-0.0772167927893
-0.0670949923943
-0.0637261292944
-0.0649350584432
-0.073520060799
-0.0783165704831
-0.086642734711
-0.0972439020767
-0.099114244767
-0.089557879239
-0.0711868548139
-0.0532166812939
-0.0557427747536
-0.126542087605
-0.135678301201
-0.146192494663
-0.155118500728
-0.132653821571
-0.0832367502543
0.069383093946
0.0153559773791
-0.163124821292
-0.178955718028
-0.154260686699
-0.154508572836
-0.151694025849
-0.0721122318733
0.222516127429
0.110377365378
-0.171222421487
-0.124591860226
-0.0185731080387
-0.0947589086927
-0.153291080365
-0.0576945364701
0.312318911687
0.13213782462
-0.126834379348
-0.02126797419
0.112070799442
-0.0141451793212
-0.123325476888
-0.0374007560955
0.277359884422
0.113086672529
-0.048608832803
0.0916048160679
0.167563057559
0.0628758291268
-0.0266102944552
0.01698721776
0.194913714387
0.0887609813556
0.0680665515189
0.170982187196
0.160706899765
0.132400429622
0.114820404909
0.0907653244348
0.0978459595907
0.0259664395699
0.09443631197
0.0647442460495
0.0153002909795
0.047928823889
0.119729071522
0.066602056819
-0.0258031267344
-0.0405641672404
0.0144545171466
-0.054908938518
-0.083448708279
-0.0668819304626
-0.000302385179934
-0.0077449019875
-0.0664584090186
-0.0909274173415
-0.0647482335185
-0.088948512576
-0.0973972768664
-0.0867807165553
-0.0740379638682
-0.0783813851949
-0.0820108450666
-0.073426392164
-0.0697391041882
-0.0867642382739
-0.0911309801273
-0.0914001050053
-0.0817239116608
-0.0704400445669
-0.0623478547002
-0.0429493654104
-0.0556786505084
-0.0684625644177
-0.071736096185
-0.0751848457478
-0.0669227847341
-0.0531089888124
-0.0357006241444
-0.0271760495516
-0.0426779634746
-0.057877236424
-0.0660545507896
-0.071404336866
-0.0605796342993
-0.0395442107269
-0.022551750244
-0.0171841905675
-0.0368856106284
-0.0640506066168
-0.0762273842236
-0.0799009129809
-0.0678381602107
-0.0377573648124
-0.014972573256
-0.00424300292097
-0.0415090210563
-0.0591827364606
-0.0591694990602
-0.05974623429
-0.0458025476424
-0.0268442626151
-0.0172330614025
0.0175452899754
-0.0304437853793
-0.0572336824044
-0.0684789520013
-0.0660955102142
-0.0265943208266
0.00597530608074
0.0150999376251
0.0383837028957
0.00824820276922
-0.0544831908953
-0.0720866513262
-0.0714961516693
0.0155055413284
0.066849389363
0.0322925460721
0.0441762857684
0.0466074912709
-0.0340747839752
-0.0715687387719
-0.0309475816057
0.0730788118448
0.0986518384455
-0.00572930190401
-0.0128269305682
0.0672571998015
0.019012659453
-0.0307281694138
0.0414287889785
0.0702146446442
0.00371567767453
-0.0856760728896
-0.131487989347
0.0284464182846
0.0969652960211
0.0873117360333
0.0781200782628
0.0196312469405
-0.0752103476267
-0.113615203392
-0.225883813095
-0.0754967072837
0.110367705308
0.13867995691
0.0689304820826
-0.0268386617182
-0.0961616918054
-0.0960118711139
-0.231466607933
-0.0660835783767
0.0834983684322
0.127968806571
0.0766124819584
0.00190589622996
-0.0632093714124
-0.0956938361673
-0.158035777569
0.00378616638592
0.0746477159227
0.0331334905339
0.0805927836174
0.0972775468678
0.0084889318589
-0.0733689877388
-0.0132234306867
0.0658686269534
-2.89876517278e-05
-0.0788935831896
-0.0446851772725
0.0463187532053
0.0618915438333
0.000738750196962
0.0604713215591
0.0266709166354
-0.0756308245347
-0.116851947081
-0.0923808541916
-0.0322675906201
0.0133080425458
0.01269172458
0.0769790988465
-0.00987451439053
-0.0835560976969
-0.0960834749193
-0.105475126998
-0.0604371389615
-0.0238358071383
-0.00770687093355
0.0315773245271
-0.0397676146104
-0.081876695918
-0.0830506139541
-0.0947790903167
-0.0723249718772
-0.0304729001006
-0.00791147901931
-0.0191587981697
-0.0465259365624
-0.0690884686181
-0.0666251808804
-0.0770759572332
-0.0685644291688
-0.0476571778819
-0.011339781647
-0.0174027607219
-0.0438958465934
-0.0680985518044
-0.0713285644743
-0.0840513873691
-0.0736859207684
-0.0458289296392
-0.0233923128689
0.148572551976
0.125606936795
0.00448805972996
-0.127574748882
-0.150088264884
-0.0711459433238
0.0878856115908
0.13379885643
0.182485710206
0.215093749648
0.109397804511
-0.0425551369896
-0.0353381999737
0.0539680004289
0.123118784681
0.193092483856
0.140326727913
0.173342230635
0.164271458627
0.0375059162716
-0.0103054379657
0.10502441056
0.168987823436
0.186727271831
0.103628020224
0.0987365729054
0.130733589227
0.157802972784
0.098130170441
0.184941595175
0.218224237698
0.124652526919
0.00662469153626
0.0153536066413
0.0957513929443
0.126671297895
0.13829658034
0.250771779599
0.215650660255
0.0354374362167
-0.0883963107865
-0.0282293786502
0.0668504919153
0.0938209687982
0.147875953749
0.262091296183
0.148825322093
0.02602294637
-0.19702193455
-0.139075235927
-0.0405685346955
0.0397385339501
0.157114401012
0.208572775185
0.122410813279
0.0551958069499
-0.264552329522
-0.197465622994
-0.124084452188
0.00820439658283
0.108381435364
0.0651060228554
0.0716677141225
0.0261857930638
-0.280673753191
-0.208861530705
-0.11778739715
-0.0309524615483
0.00871763484617
0.0249376829372
0.0146111708875
0.00221369635994
-0.251228183938
-0.176616976688
-0.0425911979849
-0.0126882821584
-0.0190090785443
-0.0429887228846
0.00646627368364
-0.00315323610446
-0.185846807152
-0.0712172956246
-0.000154253566967
-0.0609195984439
-0.0407437024592
-0.0699138142502
-0.0222037586983
-0.0368446016432
-0.121610395546
-0.0267632741159
-0.0289048477043
-0.0707978495308
-0.0470040487034
-0.0712150347438
-0.0334241100908
-0.0384826686928
0.0226098437243
0.0294298381367
-0.0290282652136
-0.0493788212711
-0.0561731345543
-0.0635073818279
-0.0246064973987
-0.0183198823862
0.0791031048612
0.0254997865472
0.00765662233225
-0.0158136742738
-0.0429876824024
-0.0423582726761
-0.0221974096902
-0.0100482266254
0.0963092675799
0.0373076685604
0.0126271244114
-0.00939513748079
-0.00746885350971
-0.0332056203616
-0.0216963504317
-0.00146296114283
0.0899965360127
0.0792531107594
0.0515184392788
0.0335712002644
0.00971737235213
-0.0146612233556
0.009083999263
0.00301319350618
-0.023123750698
-0.0411329211729
-0.0817761928719
-0.0965197503533
-0.112083766584
-0.11233705372
-0.0955856977236
-0.061113546169
-0.017545129398
-0.0300261859615
-0.0660411574953
-0.0655661524606
-0.0620193615826
-0.0566667467579
-0.0742128861605
-0.0663217691633
-0.0112487972149
0.0335575063375
0.0180945238133
0.00704445725084
0.00999523300188
-0.0128287345967
-0.0483351809092
-0.0604208954778
0.062198005734
0.092016458554
0.0568952242907
0.0149579326119
0.0335943576781
0.00860961651036
-0.0088076871797
-0.0474488391021
0.170610609407
0.166035099023
0.128157269608
0.0872219321524
0.0752340028553
0.0812312685414
0.0195673828867
-0.0427178757479
0.000913641607645
-0.0239692207498
-0.0456856762625
0.0290840775114
0.0629160964555
0.17190490436
0.0561794974213
-0.0543074726099
-0.202554739757
-0.150169562344
-0.104632773571
0.0492029359358
0.212703585673
0.238331238107
0.0444443084769
-0.0483247676613
-0.182108205033
-0.0724120868539
0.0505888587164
0.167487538824
0.225424979918
0.159741617924
0.0137003934985
-0.058600943864
-0.247278375634
-0.087647916671
0.121268745321
0.171740736273
0.0689933857828
-0.0437111241064
-0.0947465428708
-0.120009785768
-0.277686136464
-0.0129080990718
0.1710449875
0.0871702082359
-0.0557182613635
-0.0953181898166
-0.071548321823
-0.0771096265032
-0.12994863765
0.08917267841
0.143825919666
0.0983125467072
0.00904624310737
0.00819516204495
0.0150162026109
0.0427263797911
-0.053508644084
0.0451811267126
0.109784366761
0.0807003131705
0.0984295498588
0.0892869676899
0.115488642347
0.13191032439
-0.0183484560354
-0.00345250707352
-0.00798250902554
-0.0297143888404
0.0125775374758
0.0631649521309
0.0788809641535
0.0656434086402
-0.0456932774181
-0.0347040560388
-0.0212629315323
-0.00444170526774
-0.00751592148421
0.0223388895078
-0.000283438180393
-0.0226921597507
-0.0518275565779
-0.0580446429588
-0.071411259201
-0.0829535795405
-0.0983686523734
-0.0749718982174
-0.0760603918661
-0.0351547071483
-0.0519308299955
-0.0761553288837
-0.0948710505828
-0.0931313111703
-0.0989192107779
-0.0810061748666
-0.0621731015174
-0.0178641137554
-0.310785997536
-0.11998490165
0.30788138228
-0.122103312162
-0.297935801718
-0.0926737778578
-0.142871818329
0.109794387356
0.116875654943
-0.0278915477265
0.0846399757425
-0.0278757679106
0.121928403532
-0.246146060706
-0.179028621019
0.0671147275063
-0.051102648069
0.391203889634
-0.109667627757
0.0735635189686
-0.0686979905714
-0.0703017963115
0.12366899378
-0.0506264481449
-0.0859464430818
0.0426377457404
0.610070145052
0.137143128032
-0.066700842874
-0.046142712603
-0.161149509666
-0.0305773795629
-0.060709157841
-0.0347950171936
-0.0734482411864
-0.00918032854723
-0.0355639426822
-0.0635684359961
0.121247944881
-0.146698940745
0.0537744290234
-0.0499968191173
-0.0176576679084
0.0800589825964
-0.0479712311324
-0.0525531166476
-0.0905273507036
-0.0241758972086
-0.0230281675886
-0.0176088777695
-0.0295989685925
-0.0369426339386
0.31294850391
-0.0528691360957
0.0458366747561
-0.0548703350163
0.354361330473
-0.0423743100672
-0.0702911835475
-0.035189499918
0.416940281879
-0.0120424235017
-0.041262039387
0.0725695934237
-0.0600865645766
0.185892505076
-0.133553102361
-0.0686399994648
-0.022631500059
-0.0963432373029
-0.0472265851913
-0.0667152057976
-0.0863797461464
-0.0289824498031
-0.0253232989141
-0.0203503260687
-0.0366370536059
-0.0429171373261
0.0249888449178
-0.0472969518392
-0.0674393106438
0.116352539671
0.486674395013
-0.0364054704748
-0.0636896584755
-0.0312875167624
0.0873512484973
-0.0104135440818
-0.0360119573993
-0.0818111771566
-0.0632260361141
0.224560952282
-0.127761235373
-0.0526120055179
-0.0191435382347
-0.0803272328854
-0.045332958487
-0.0620534786031
-0.0818473002379
-0.0264498426167
-0.0231758643442
-0.0202657411908
-0.0383267796978
-0.0442792823022
-0.367382149252
-0.147819095837
-0.0311643349047
-0.00203490158672
-0.358969885518
0.0322823543997
-0.0896591197707
0.00514814973069
-0.159507724354
0.116580145662
0.210009856831
0.482409609977
0.0283616523244
-0.0436493178301
-0.331813224924
-0.0260121517502
-0.0674574164272
-0.0785833464173
-0.0449671304777
0.297417824101
-0.157265758615
0.295294241157
-0.0772161888933
-0.0652969091821
-0.116540833246
-0.00227160472017
0.0497820405659
-0.0379988654811
-0.0415805345405
-0.037592800616
-0.115559624074
0.168689431124
-0.0482856204549
-0.0236322142169
0.221265853024
-0.00744285226886
-0.0257369638468
-0.0656752034471
0.0587512313616
-0.102941508405
-0.0839788710276
-0.0402368750698
-0.0144085994521
-0.0499453807337
0.101210572435
0.0944583568001
0.122457844545
-0.0189200994669
-0.0167669129533
-0.0138939423328
-0.0265583873506
-0.0302132953857
-0.169799200947
-0.0598229581374
-0.0704312893668
0.0431487962959
-0.187037990934
-0.0435391642741
0.0886977195685
-0.0408998990272
-0.00639623670566
-0.0137943699932
-0.0414963021469
-0.125838391412
-0.078680171897
1.08834493084
-0.030707298754
-0.0589747926742
-0.0265427318653
-0.0791261244313
-0.0689124628062
-0.0747150239426
0.0619812254697
-0.0324889460209
-0.0306131735812
-0.0234172365672
-0.0479384450988
-0.0516322477874
-0.107571959424
-0.0347378964548
0.125482910281
-0.0301234044106
-0.1160729818
-0.0226644865735
0.0946328275142
-0.0217399905772
-0.0536197617893
-0.00636951768757
-0.0237792989346
-0.0471501266957
-0.0417095126211
-0.0945933626481
-0.0869076980946
0.290886882526
-0.0127413825429
-0.0526761960168
0.178513289324
0.0813613790358
-0.0564568719865
-0.0166452344364
-0.0150223474967
-0.012165711041
-0.0223056841215
-0.0265890831666
-0.268206464218
-0.0245379055135
0.0276347590654
0.185406867068
-0.295643778027
0.205855656348
0.00591483152523
0.0778350961433
-0.0598106181547
-0.0257019121965
0.255943157329
0.445332197268
-0.0457857021286
0.148009238207
-0.0572281895152
-0.11612722269
-0.0499772631686
0.377054322313
-0.115058766134
0.706247041102
0.102025926501
0.125671477723
-0.0529209873595
0.138266314571
-0.0884104535311
0.207002154876
-0.0309814488427
-0.0114686264061
-0.012916123647
-0.0113568948414
0.0782165894681
-0.00737431246311
-0.0140741909958
-0.00711737305519
-0.021168680972
-0.00211551744545
-0.00779699217584
-0.019575853886
-0.0117109233473
-0.0353392435205
0.127832610336
-0.0103741225661
-0.00409542638578
-0.0153317509161
-0.0103235052706
-0.0134485790742
-0.0194792792692
-0.00544242776553
-0.00483894343464
-0.00394894176362
-0.00728761014195
-0.00903419936677
0.072756202806
-0.0362401749061
0.239638791677
-0.0348813474466
0.0225743874571
-0.0249898556328
-0.0475743993848
-0.0238830493334
-0.0616016368696
-0.00715576199925
-0.0272003121452
-0.0542267388964
-0.0442996632697
-0.101007816806
0.0530728100237
-0.0434757160255
-0.013973103461
0.138224637757
-0.0361089062694
-0.0423752499244
-0.0619008159598
-0.0189154350492
-0.0165982988478
-0.0136959234823
-0.0245985346748
-0.0302916347099
0.414531187532
0.445237067704
0.0662841096175
-0.093175316529
-0.142240926528
-0.0643903482172
0.0234365981048
-0.0696768744044
0.115160050537
-0.0196620615985
-0.0687880102656
0.183282592956
-0.0872397506762
-0.223983747651
-0.0303119752757
0.0890926854517
-0.0383851892448
-0.114136352982
0.082678292036
-0.112711504381
0.240511857648
-0.0465578732482
0.0749777003187
-0.0349357678818
0.0981931734355
0.0847587484199
-0.150103486809
-0.0424507303047
-0.0743336072673
-0.0430462465875
0.0519666906881
-0.0328586608657
-0.0589543684665
-0.0324362629051
-0.0789579713888
-0.010281300377
-0.0372895583415
-0.0635101924946
0.0811308895977
-0.159094599101
0.396579767371
-0.0496107135113
-0.0187181118626
0.18273745905
-0.0423478816317
-0.0555661544089
0.0773651424263
-0.029887797677
-0.0301762756027
-0.0191355995997
0.0834284534377
-0.0390153769833
0.199013164232
-0.112426544294
-0.160444341458
-0.120921502375
0.118815996854
-0.090943472315
-0.141856790092
-0.0824981724347
1.15336952797
-0.0320443437433
0.0187480082863
-0.0839911087599
-0.139026797882
-0.165906282709
0.249946817985
-0.132170829964
-0.0538424154505
-0.0375433061294
-0.103566345539
-0.137067189019
0.185884395399
-0.0696042837634
-0.0651873424738
-0.0487371390341
-0.082040941706
-0.0936124363095
-0.248808765281
0.0237006179734
0.268642296985
0.0659534085546
-0.234568610571
0.139859453379
0.00126246743603
0.0833323065273
0.12403488591
-0.0254315497274
-0.0854607541428
0.10529600942
-0.111113352946
-0.105013859828
-0.17280392812
0.0399406446342
-0.0483032306656
0.341274205506
-0.100616241789
-0.123882466892
-0.180776597335
-0.0608615371402
0.137080194605
-0.0420174437543
-0.0798365489177
-0.0800853303505
-0.00807534679032
-0.0433963314923
-0.0520289045521
-0.0499059903907
-0.163686266779
-0.0390577142229
-0.0634470842075
-0.0294273471013
-0.0911846504997
-0.00984697400794
-0.0341069262905
-0.0835376770887
0.604274048057
-0.170174272139
0.0313295475557
0.0936288400006
-0.019590251996
-0.0728688990277
-0.0490838890011
-0.0628415249891
-0.0838699531197
-0.0252578645355
-0.0245958870886
0.160441964242
-0.0392487607936
-0.0427170490689
-0.0588487408896
-0.0219369604424
-0.0242093823731
-0.0204273255478
0.0391970028509
-0.0139969670185
-0.0276039890255
-0.0136995750402
-0.0411508005871
-0.00411737621534
-0.0146463501147
-0.0373545786199
-0.023590579676
0.136925205704
-0.049197275984
-0.0200288892993
-0.00803323837022
-0.0278271365027
0.160064107543
-0.0251563757076
-0.0383754954236
-0.0103605951073
-0.00941721789354
-0.00752953240878
-0.014030690293
-0.0172441462605
0.181114954325
0.127978055047
-0.0931315031344
-0.0677734848099
0.37824002534
-0.0520129425398
0.062419406891
-0.0428104513311
-0.118274528469
-0.0137597538612
-0.0507254663248
-0.104451801855
-0.10275507771
-0.179901386706
0.308032142232
0.246099573037
-0.0265700940676
0.0628005786609
-0.0624927064328
0.0586465168066
0.0729107536286
-0.036357968112
-0.0313518696864
-0.0264606895025
-0.0506263474333
-0.0553904062103
-0.133677184565
-0.0474017008687
-0.0576182536686
-0.0447881837245
0.196428792055
-0.0312771368149
-0.0603163824416
-0.0316739822037
0.275416997385
-0.0102004464709
-0.0332404708872
-0.0737039630634
-0.0572584375816
0.267136905606
-0.120756309746
-0.0426422164498
-0.0189875588091
-0.0631303521024
0.142305792392
-0.0530358578206
0.327432449672
-0.0267836574065
-0.0245033312073
-0.0177350001342
-0.0306623508843
-0.0379361225008
0.497719599229
-0.0669130779672
0.238241212374
-0.0616074843941
0.0492204615962
-0.0427518068593
-0.0793688985872
0.0987323551133
0.0762949786819
-0.0128753633659
-0.04519628275
-0.103948677096
-0.0724701486926
0.272853833331
-0.13869904193
-0.0594152200525
-0.0245699088264
0.0208930168115
0.202677301414
-0.00302997884536
-0.111509579436
-0.031970729018
-0.0294167465991
-0.0237842006699
-0.043146289872
-0.0536150982245
-0.185823019273
0.100690805206
-0.103182347628
0.0555406653597
-0.231292170215
0.0903875409089
-0.124058250067
-0.0491023419829
-0.127426685284
0.101994633664
-0.0514209802452
-0.108999500314
-0.0798360609509
-0.0478015396621
0.26591499558
-0.0778732674225
0.472219110407
-0.104701352584
-0.0759239406082
-0.0826638296769
-0.14049889258
0.0991611443357
-0.0354917526653
-0.0254050553995
-0.0506748604864
-0.0522962947398
-0.0718053859871
-0.0249717414056
-0.0320382571023
-0.0262293546872
0.0980414529997
-0.0169491446528
-0.033415037725
-0.016150588459
0.0728599970811
-0.00503661573471
-0.0180400229566
-0.0394037904838
-0.0302421198954
0.0557384830961
0.0946457418015
-0.0250575343609
-0.00974981123044
-0.0360737047131
-0.0245911504353
-0.0299619961826
0.0626927262996
0.189734566328
-0.0119511227952
-0.00928537166292
-0.0170143593757
-0.020364389672
-0.0623791302183
-0.0214092812069
-0.0283794667723
-0.0203206178465
-0.0767919935238
-0.0144787627875
-0.0274855830031
-0.0139033472132
-0.0391979936331
-0.00425636308233
-0.0153739120752
-0.0328197840524
-0.0273527677701
0.119503806449
0.239999917864
-0.0214679179386
-0.00807821599814
-0.0329014392606
-0.0196662119855
-0.0247052925859
-0.0410460320501
-0.011661228581
-0.0109920337961
-0.00787820861235
-0.0139464111455
-0.0168554267353
0.126446919446
-0.0177575786158
-0.0231226447632
-0.0188981085515
0.29248873426
-0.0128920435114
-0.0224440247535
-0.0120584435372
-0.0367414042375
-0.00371537745116
-0.0136429812135
-0.0315894294677
-0.0224499525213
-0.0553475678153
-0.0455959467941
-0.0191880242771
-0.00703511342468
-0.0273625050202
-0.0175084012472
-0.0227207316246
-0.0328799305891
-0.00950300023474
-0.00870318989802
-0.00723248882434
-0.0130720288539
-0.0167255232056
-0.10520872615
-0.0359766122241
-0.0411073307483
-0.0442030941254
-0.122658874642
-0.0285358089738
-0.0505260758207
0.142252166657
-0.087467757108
-0.00809788528579
-0.0267730743144
0.848243198522
-0.0462978286559
-0.141672022481
-0.0861152184705
-0.0380815528285
-0.0156988749724
-0.0485038804708
-0.0376768767682
0.0878026438595
-0.0634967581902
-0.0189242417975
-0.0169369170453
-0.0151452780016
-0.0312846124303
-0.0347276019949
-0.119769779265
-0.0408349036392
-0.0491848917088
-0.0424601026919
-0.140777369738
-0.0290509940454
-0.0501746331562
-0.0279666970017
0.50487180006
-0.00895691619674
-0.0309490394346
-0.0747636275265
-0.0480476348868
-0.118117106658
-0.093018247681
-0.0406002108652
-0.0166973685092
-0.055693128833
-0.0408016733002
-0.0518412262334
0.278038216607
-0.0222241030195
-0.0199251846768
-0.0168024942239
-0.0300844034784
0.484887636515
