-0.758827416575
-0.186867362383
-0.104154480013
0.0776024444072
0.0943566172219
-0.164097000469
0.16552967393
-0.473096824927
-0.282783986983
0.331694328955
0.297318672478
0.15159654209
-0.00466021899297
0.170561804384
0.143398858062
-0.20117692418
-0.325128301024
-0.0327240196473
-0.0285290598768
0.11226532433
0.273184252506
-0.0580720500219
0.0172096403377
-0.0915252743404
-0.305431730629
0.110944390334
0.166897779918
0.297666862662
-0.00409116522429
0.0648587171072
-0.0463264376105
-0.199337558009
-0.465641281617
0.27473569889
0.11543204636
0.145642439692
0.316309739621
-0.0325216566663
-0.000503497559608
-0.151067856869
-0.201155121258
0.117153505484
0.214735177091
0.234404952597
0.183072231201
-0.013428168163
0.0103573937552
0.168116853363
-0.211442742278
-0.00840745290583
0.120554012555
0.12867523796
-0.0332166298723
0.167532375779
0.20281563715
0.305253463947
0.241298609758
-0.283269515861
-0.135541704146
0.0442416785653
0.237757948834
0.519847503185
0.304841598585
0.416727023582
0.585742935794
-0.237789716656
-0.17058885129
0.363665713919
0.446456916898
0.524002648967
0.602670067549
0.0938532391825
0.65241488846
0.0828487852241
0.199255608076
0.0290147204678
0.398157759701
0.649549625396
0.502922534297
0.380536840786
0.474746348355
0.17026014681
-0.171118551872
-0.237752154237
0.163069650807
0.184410245503
0.317034931907
0.625020102945
0.0698853444455
-0.0270114594283
0.0510892512048
-0.412268016153
-0.135469183675
-0.115897668746
0.444481825353
0.393344549453
-0.0663251131991
-0.265311355303
0.244264621097
-0.494857052987
-0.21714268457
-0.00168071483912
0.266997447527
0.340352898008
0.304846225655
-0.259870370862
0.319592569667
-0.506805989165
-0.112899184121
-0.196953714102
0.415279849925
0.224925959904
-0.0219575776884
-0.224808362717
0.0136767489496
-0.118733635627
-0.193694836435
-0.0872454536694
-0.390243139317
0.156397828125
0.106940254085
-0.149735312598
-0.430712940432
-0.214079114715
-0.00633470210217
-0.377853431482
-0.258576460731
0.332069703148
0.179979831954
0.344055405838
-0.347211154737
-0.589786153189
-0.759104365531
-0.6941529922
-0.83117098226
-0.313872503246
0.1057469957
-0.0926986731495
-0.270836326134
-0.0897549236698
-0.403312310098
-0.392525930032
-0.326307145551
0.04357193348
0.0257758147781
-0.0296327860257
-0.416891569543
-0.189582904789
-0.338367045604
-0.422266216246
-1.00302099607
0.1920653061
0.190495883363
-0.176254856646
-0.143412465341
-0.317406354773
-0.0549028046249
-0.139905932473
-0.202441972942
-0.244852351149
-0.05092594662
-0.186793109444
-0.0877128792518
-0.047058358836
-0.115450928731
-0.639316633155
-0.34445910774
-0.121319722597
0.0988982101166
-0.404966401635
-0.31459198919
-0.335584817199
-0.4431741763
0.209982286903
-0.340977576094
-1.03758311201
-0.561929982852
-0.107070291701
0.196754019635
-0.0465204050103
0.118277652345
-0.172786000529
-0.341786702373
-1.27643511439
0.0413219040754
0.0619043628053
0.152819041481
0.017123263305
-0.299763312352
-0.00394791841103
-0.40159582862
-0.385109601899
-0.147838177869
-0.0225010363068
0.252493151265
0.19564001227
0.118636384651
-0.0553331087131
0.178465439501
0.196875014752
-0.332784009504
0.292215041645
0.263126385664
0.300330672612
0.208332197896
-0.112409955853
0.181783558113
0.349223104526
0.112817690604
0.498847687291
0.345750207097
0.165743218421
-0.317967587485
-0.019773632176
0.300379291105
0.594710332082
-0.327961284621
0.245279643171
0.152072491439
0.383315685072
0.335493542352
0.0751465306857
0.631388281005
0.666183463089
-0.129955502978
0.0924621373797
0.263956950963
0.481865853448
0.101474635872
0.167971490302
0.662814589868
0.618531956932
0.123908757764
0.847039264471
0.312650155563
0.219207928546
0.363692058071
0.163612296742
0.42683493854
0.452445757745
0.509174105288
0.516953140009
0.0669731438222
0.248574712904
0.402236882183
0.373423952175
0.282053915323
-0.0968651929694
0.692941764164
1.23581150376
0.0247593603225
0.825807768005
0.449345223864
0.418575388238
-0.0765267681269
-0.0281453388065
-0.398988320567
-0.160166494803
-0.501524501987
0.131678174626
0.236693070943
-0.208368239888
0.341836815143
-0.0631569990903
-0.649796706041
0.0338247967173
0.0536897173634
0.085824867078
-0.08091216882
0.0203095464751
0.111719232347
-0.262406255305
-0.372278422203
-0.60720216213
0.128277573116
0.430750194733
0.127057151503
0.112034641299
-0.0306013973894
-0.0137673592524
-0.0444957894935
0.300236260875
-0.110645007539
0.0509668601756
0.076693241094
-0.178754864945
-0.160314662669
-0.165143251176
-0.0383897506289
0.257992983919
0.0819914112184
0.401598085756
0.0448195725501
0.0817172637216
-0.215322298848
0.340923037128
0.00519748340709
0.50026826927
0.253816214119
0.459248819372
-0.0203506309668
0.0280357853736
-0.149340874051
0.374647568883
0.121863255186
-0.109980104818
0.183237820565
-0.213573135828
-0.307531245164
-0.391729314214
-0.538919500605
-0.105985944534
0.266380433144
0.0120194202336
-0.843326603066
-1.03824498677
-0.12063267912
-0.138057669221
-0.0623574970386
-0.806979733712
0.666119637874
-0.738453329172
-1.3127593392
-0.546400059493
-1.03450187931
-0.519524498082
-0.75127095078
0.148201034433
0.604775330202
0.354406225344
0.120296681468
-0.741438244161
-0.679187625123
-0.372688483277
-0.161302734277
0.315484235128
1.04829376216
0.220002473608
0.453070796253
0.0789960178577
-0.154208940666
-0.149824449422
-0.194347097262
0.394895851195
0.230792894772
-0.191356996481
0.718909597444
-0.0692884714257
0.0981694699345
-0.261925783422
-0.250935946669
0.0309467426757
-0.0435154199174
0.136033054376
0.842315470234
0.0151833301946
0.0011365651618
0.324247025019
-0.727575805914
0.05628496099
-0.00681331001141
0.251046767772
0.40280412311
-0.183585029056
0.196179159944
0.204617140061
-0.016485108391
-0.0661379178107
-0.161103979069
0.483492929555
0.0318562263387
0.306855388442
0.0233872669468
0.234626030848
0.104078408575
-0.209717465788
-0.0716423840053
-0.440855562951
0.317808583877
0.223488586246
0.481947791262
0.231656317364
0.730679206746
-0.0729744425293
-0.524454242156
-0.0507397156735
-0.524777104764
-0.420611321594
-0.103285558118
-0.202635333502
-0.357232986232
-0.536766082254
-0.0466573229828
-0.212754150074
-0.0191271420705
-0.152683557898
-0.452288845831
-0.158378820369
-0.492668367508
-0.181165923648
0.0775164618915
0.06213225023
-0.362199539723
-0.166501444608
0.141356186045
-0.32396728802
-0.480279042307
-0.369517543215
-0.617807519036
-0.269965092437
-0.0436526188273
0.0570781664306
-0.356698552281
-0.0595430703347
0.127422596546
-0.609394346297
-0.814804485592
-0.738009714147
-0.232206659545
-0.0249955648572
-0.0321234378906
-0.0592252294287
-0.0543006149755
-0.228273403877
-0.868066624418
-0.410870889968
-0.158175951028
-0.190956192587
-0.0763619244553
0.162199948222
0.222317059273
-0.143595014827
-0.642037638973
-0.60377820667
-0.300556634946
0.0153427863055
0.0891172176704
0.0949067849389
0.39059597722
0.284431784065
-0.96552547493
-0.319115913415
-0.25195045903
-0.0120878319474
0.231207724696
0.0259138318747
-0.0365691606875
-0.00453983965343
-0.404331710386
-0.206199736387
0.344131215357
0.0925634523927
0.307547293255
0.259297641251
-0.186732160321
0.108340056005
0.177130264763
0.218138413144
-0.0180413862765
0.335089710018
0.135782894777
0.192507994825
0.189913868712
0.149844032544
0.176147501272
-0.0918501892024
-0.327597116976
0.276515229321
0.595683050271
0.228467034768
0.372349683537
0.0600387274062
0.44402112065
0.257361404375
0.18860087453
0.119449484066
0.400750572362
0.629105509988
0.329150996622
-0.101839852175
0.48659675775
0.350960139465
-0.153516494097
0.345585274772
0.07423546638
0.24234284904
0.627507450867
0.542753094028
0.427183595173
0.539363177811
0.346883329575
-0.128310482566
0.26239639352
0.454395688861
0.350926648838
0.570496714063
0.258774034238
0.7812195901
0.353333390053
-0.0299626602082
0.00960278400803
0.289112783391
0.506628675212
0.543214103615
0.558294473761
0.537178982965
0.745385595144
0.656291217249
0.0388349380627
-0.153024393793
0.31169889623
0.391698521549
-0.44870274047
-0.158238662232
-0.0409641280774
0.217833647011
0.0918694188964
0.0227111681798
0.778299096335
-0.333621705004
-0.229558037033
0.147459254607
-0.0602718308017
0.159833182151
0.234414476351
-0.0555246724319
-0.0806508042789
-0.00898313925756
-0.192070704202
-0.0871300833129
0.133602386634
0.0763360973258
0.130670689969
0.110796544882
0.332037585205
-0.187931395255
-0.129754707965
0.283935874821
0.355598709545
0.171646972738
0.0932434071906
0.220262522228
0.00016203755797
0.0158970700053
-0.150564587256
0.375848861889
0.16418767677
0.373961593223
0.286470223416
0.122256778104
0.0507451184396
0.354447880384
0.493667828023
0.280807794395
0.263367893672
0.242068405259
0.156894243066
0.100835345623
0.204936746516
0.381353754634
0.315080296845
0.634875915292
0.173997061109
0.365576894812
0.142302811397
0.250633750733
0.0861358073314
0.685907465968
0.890502091415
0.584800762579
0.300607102452
0.070692556948
0.173915179533
0.270071137412
0.184637050161
-0.0325388482981
0.862228968594
0.678337650678
0.162929319692
0.0931455206762
0.0145353452761
-0.0457675156371
-0.616403124986
-0.301817719129
0.487145530203
0.173329542335
0.315810414912
-0.213725364293
-0.467320579843
-0.471711180184
-0.277239001917
-0.190286425048
0.620581744823
0.181018630408
0.0699957234645
-0.0448239987584
-0.0556554636684
-0.0235978135496
-0.117496328787
0.0668026757326
-0.231984820617
-0.167704912677
0.246572860091
0.087271485602
0.0503546667686
-0.0440850391946
-0.0619085385742
-0.134015975402
-0.223692914403
-0.0436449492657
0.173388934232
-0.0263194121199
0.0438900688639
0.236086642856
-0.284532816138
-0.120166374625
-0.350837399973
-0.126210621217
0.273477921047
-0.119734957309
0.455885246792
0.0719108066217
0.22570634699
-0.115477826089
-0.237864526817
0.26906807273
0.203725450431
0.166680805937
0.128503033284
0.246590158488
0.0671288417311
-0.23859591765
-0.494773705358
-0.481827905436
-0.1985991374
0.211844273582
0.335875849475
0.265756096012
0.403499795957
0.0977429089561
-0.127000912928
0.162807804783
0.491187064107
0.610606219939
0.990945526762
0.859677384492
0.756436826761
0.302102804315
0.108818563274
0.124306063872
0.364924751318
0.376319654812
0.38060152196
0.615033122359
0.693495603869
1.03428766317
0.206186724427
-0.0341881538101
0.474487673096
0.527482453398
0.602530741434
0.562109676463
0.836353643094
0.0674954673414
0.115012558762
0.13749676548
-0.1025718525
0.404311172015
0.250918616533
0.265994626704
0.602607562688
0.29231734197
-0.39282449178
0.0522556392571
0.0870753207792
0.0128532555053
-0.0322673003051
-0.0868909209764
0.0656568730768
0.112558586312
-0.0377774173934
0.18709435467
-0.171369115459
-0.306667707993
-0.442727940931
-0.806165066344
-0.692077604731
-0.122480520744
-0.0159557356167
-0.0834668065465
0.0952605698896
-0.0820421503661
-0.362288217278
-0.543833950473
-0.17111296001
-0.538209920488
-0.238257686113
0.43488440823
-0.0411753186458
0.482309252349
0.13778761943
0.237462551588
-0.322707852172
-0.0478912676978
0.566402233958
0.640696317751
0.27885407616
0.134041971441
0.182747332327
-0.156531362542
-0.137395797217
-0.129025007747
0.140889355535
0.528500045021
0.133722843726
0.280338225195
0.245137845643
0.038463546965
-0.604615437628
-0.260847446191
0.012082829027
0.358697750148
0.421109923565
0.151780225575
0.178775123182
0.306961359843
-0.731988677406
-0.347307488794
0.142916616071
-0.088590112743
0.232312555775
0.239111425401
-0.0221839646006
-0.322981281868
0.0162565035274
-0.571259000187
-0.653696819103
-0.283486736764
-0.56035868032
0.0106315295187
-0.120171758909
0.219612846702
-0.320721351693
-0.602690995848
-0.460765163199
-0.606059775818
-0.380912683392
0.0749931306198
0.174017591909
-0.40787785797
-0.151121601563
-0.729036038761
-0.453911785495
-0.491266011012
-0.25849509505
-0.368333489948
-0.0755655571376
0.15617770603
-0.46149471556
-0.744374775278
-0.842619736188
-0.607943434685
-0.27204700275
-0.466017768277
-0.221844426676
-0.291321901816
-0.11760087954
-0.549453646758
-0.223603269311
-0.167987310479
0.473189563542
0.319837626798
0.430370808415
0.335806311285
0.0562809170181
0.264482000073
0.00321535150677
0.0661382148315
0.254179861884
0.205461637965
0.211455287276
-0.0239911156264
0.276657233296
0.517926350021
0.166323703058
0.340608657428
0.342205823083
0.190100768863
0.278393748304
0.451065732165
0.0230621702493
0.29641457296
0.22024909255
0.401129088956
0.469320118356
0.627386188094
0.113961783271
0.103746868397
0.323513229898
-0.0704250538458
0.202275328322
0.4585590634
0.409704066155
0.398175286203
0.65184957849
0.413677518961
-0.0357885233153
0.122239066767
-0.0650092987107
0.253680585292
0.281381608694
0.348973214658
0.470402257738
0.268552122987
0.491826879966
-0.111858120422
-0.00870767749578
0.209503888862
-0.128380033811
0.153065307496
0.136532652351
0.357482569433
0.419996081992
0.301913417754
-0.576650523865
-0.179900095116
-0.234039704417
-0.0768679304092
0.0247210792588
0.0144141445805
0.444994303111
0.097359722161
-0.278460830744
-0.70874914346
0.263601113752
-0.392826670368
0.0126840806152
0.56009396411
0.308257708896
0.0867169953654
0.381696629933
-0.465464624142
-0.43799586109
0.162660458646
0.0104044211172
0.329926245365
0.0310777079448
0.267578383844
-0.802616080634
-0.280478400237
-0.41160735249
-0.608922339987
0.0306664004371
-0.0637386090922
0.330950537007
0.0814956058676
-0.00099369023578
-0.0212423414051
-0.425072752055
-0.000761588907253
-0.375368232865
0.0513491884424
0.0360406333604
0.172629289604
-0.0539857256271
-0.0237262954848
-0.0724571550382
0.111066877936
-0.0702164661037
-0.1585405825
-0.118071761605
0.091870260923
-0.0757359656077
0.0507708003036
-0.368195196587
0.246321416813
0.187880205703
-0.310929444742
0.0742638819941
0.211268633464
-0.0649340971068
0.0505708267286
0.228094731123
0.0816766870298
0.100444602727
-0.144652446647
0.118384165025
-0.0623564214499
-0.12132548622
0.282363735306
-0.00785423186612
0.647095115029
0.317859004546
0.0193757924769
-0.100927864151
-0.0903388179028
0.262798443815
0.325149838889
-0.15618508482
0.188538802076
-0.334888269955
-0.63617340166
-0.222100356165
0.270292751975
0.038234584441
0.0942531741233
0.0268657379391
0.0110657406492
-0.271120616117
0.269331385269
-0.572037658661
-0.0735494172669
-0.163064341192
0.176691390925
-0.218782240075
-0.00713077838325
-1.02381177585
-0.362918327925
-0.411573104061
0.0294630565998
0.311485239611
-0.507802742932
-0.575960885481
-0.342076747181
-0.464027423473
0.105650918767
-0.433921192908
0.110185433372
0.309113356722
-0.335986144308
-0.330992052027
-0.647887990041
-0.71779133109
-0.668506338652
-0.750636126921
-0.410429781444
-0.423903956276
-0.248203181113
-0.0199693552013
-0.268957572359
-0.290924280426
-0.404877994336
-0.559367914667
-0.44849641669
-0.392115440564
-0.275831434179
0.141129199906
-0.0716442249176
-0.437893082416
-0.455990065651
-0.337461001987
-0.898065802816
0.426250756681
-0.0326304762984
-0.0108842413611
0.00634307025781
0.330819321723
-0.250318875144
-0.0346483244325
-0.654403833905
-0.028212505399
0.174013063702
0.253258013461
0.278427440029
-0.105868972634
-0.0830364617262
0.301460110962
-0.0989935754112
-0.0262430315598
0.366839650075
0.567536119172
-0.0883473938441
0.435849469603
-0.182173670137
0.130710867798
-0.0099024643674
-0.227567434886
0.430501580437
0.444873856861
0.427783115341
0.0862398160935
0.273349017775
0.513133967234
0.014788905833
0.050578641235
0.737166664463
0.379129008041
0.349315215794
0.412934084351
0.190309653493
0.409080385383
0.541192130632
0.178631140693
0.59359675175
0.301636600031
0.324151176677
-0.0289355409631
0.104392221514
0.594707777699
0.74781395078
0.423230965502
0.682517012748
0.409677634675
0.263923033745
-0.27328708537
0.0923915967141
0.513143212397
0.622363079532
0.72380374431
0.198213267496
0.19403367371
-0.109297038933
-0.453403394975
0.181328426638
0.477722121081
0.614111296377
0.130870297155
0.720767835821
-0.0277183670931
-0.845157057331
-0.953243772054
0.868361453438
0.60458033926
0.680022980015
0.937113300684
1.02071121322
1.13077008523
0.668850034413
0.464002834122
0.699572248489
0.25948304281
0.705805921831
-0.0996688869327
0.120693846915
0.327812781396
0.337757793161
0.32649137549
-0.0664900839152
0.12251507782
-0.125446479961
-0.130570539951
0.0961599599454
-0.545131018175
-0.304511715225
-0.26441674479
-0.468271095958
-0.67950778033
-0.41346236558
-0.665073517523
-0.867888454373
-0.823153007695
-0.72109180354
-0.169313169217
-0.325249056346
-0.236652805979
-0.764856137621
-0.466223512227
-1.08606616828
-0.493513849335
-0.549277620108
-0.61056606642
-0.261849353346
0.223967629065
-0.0303780375047
-1.78024744174
-0.748005697232
-0.351523715483
0.00290418863757
-0.132481787899
-0.596476648722
0.122598526232
-0.846534568908
0.0164041081564
-0.100187643407
-0.280353189823
-0.231230809926
-0.139359057673
-0.29599469778
-1.20810962675
-0.729914515967
-0.290309744602
-0.286431994122
-0.0114633748176
-0.0437544527309
0.126459801435
-0.385388734905
-0.372952907011
-0.751307409569
-0.338550027414
-0.390505303897
-0.135330102772
0.0136556039688
0.00110422403906
-0.216616931803
-0.264336962858
-0.405534797181
-0.588305082618
-0.0423832956916
-0.166935443381
-0.0490372606623
0.314193998332
-0.0805852815628
-0.0304808771933
-0.694049067579
-0.010912881412
-0.0356121882893
0.344380616209
0.483142391079
0.082424394009
-0.195300343607
-0.290750847335
-0.365328749291
0.294496416263
0.131263707808
0.12398454645
0.19095738583
0.292757428563
0.105832966569
-0.234429746854
-0.0929174828037
-0.071215360632
0.0362921080423
0.335378688117
0.562218909218
0.299165895396
0.141245525265
0.577837805549
-0.366240744233
0.181331264624
0.397081318541
0.406654213666
0.328094208955
0.424560280896
0.260541828016
0.218320115723
-0.00528434818448
-0.0518710744751
-0.115163128072
-0.110029892965
0.238012722577
0.267620378436
0.530653447781
0.172287068916
0.229417188787
0.273398430575
-0.186466675687
0.166291105763
-0.169398098121
0.582087520664
0.0598341982784
0.358139826213
0.631001103822
0.142400593875
0.488861972825
0.0957280594214
0.0358382797701
-0.175203847056
-0.117518235864
-0.0467932804432
0.43985095274
-0.047554174312
-0.434554862422
-0.337563454576
-0.549865927968
-0.228069953765
-0.0928167491858
-0.244275036965
-0.352949939882
-0.65725268358
-0.555563878762
-0.515235126576
-0.43668559301
-0.416781053399
-0.646676798647
-0.509368569656
-0.119983566542
-0.39347155516
-0.332963334484
-0.451902049158
0.0189161328216
-0.152766668921
-0.0732733182522
0.010181396033
-0.243214392189
-0.409266898747
-0.37562223202
-0.0483807878966
0.222866697535
0.152801099267
0.249478604292
-0.0840634632737
-0.581476509821
-0.451664111505
-0.349984404571
0.186386129145
0.00811025622506
-0.0904845958036
-0.304736154204
-0.0303825484251
-0.13761034164
-0.647001932515
-0.519780977559
-0.145259758285
0.443085222893
0.238479654244
0.149096460878
-0.0794874605007
-0.0569274865432
-0.618878206281
-0.554154384715
-0.462658395279
-0.0240131632275
-0.0995028009029
0.0485797813709
-0.212132477832
-0.18785591472
-0.348982476866
-0.640188295893
-0.748124953121
0.0309516504842
0.0543614922198
0.104669780097
0.284445749253
-0.223196190883
-0.473243171298
-0.679743229012
-0.623441545583
-0.179677325395
0.305549146983
0.0461647202541
0.167361947511
0.16318925201
0.0729752629791
-0.120763287595
-0.693499594427
-0.447945161362
0.10144010603
0.14600860881
0.0287550738745
0.097412428233
0.341608834044
-0.248802506788
-0.382226401466
-0.454774619391
-0.0566283658178
0.149856412886
0.335901438588
0.226980400292
-0.272617315395
0.0480067762171
0.138352139834
-0.284283598754
-0.196286299903
0.0856356664085
0.272630134507
0.226331229817
0.132179942799
0.318639476557
-0.117907172537
-0.14046162354
0.146874938782
-0.0648889558923
-0.0519540963854
0.442456115955
0.0472457166654
0.179414116853
0.509854454166
0.59085861731
0.551975953056
0.413946106639
0.543844358342
0.446162587502
-0.0129819338998
0.210558752857
0.589893832856
1.1140984645
0.884670079299
0.279727270943
0.198636899832
0.0989921870457
0.271896460649
0.272097722524
0.106934077705
-0.161821117765
-0.57556039892
-0.89307420886
-0.565367468259
-0.466731285875
-0.0954512483247
-0.25700137395
-0.162718140898
-0.081163935603
-0.137576071411
-0.614882867336
-0.71973300946
0.245338657136
0.195242060708
-0.0972861657023
-0.217340447996
-0.417025433078
-0.640024607134
-0.538078575529
-0.513868603089
-0.119184255031
0.181060207955
-0.141003752823
-0.313067086782
-0.208278742505
-0.20275272005
-0.0382723504664
-0.432592916604
-0.325119274287
0.283387705424
-0.0897283583424
-0.564657755861
-0.291399562216
-0.106488640822
-0.19480890721
-0.568972278127
-0.634428532962
-0.123229756411
-0.236877154653
0.226132555635
-0.310839046321
-0.0649341765819
0.0458071083309
-0.170060171503
-0.0145590954167
-0.19661692949
0.0857041877039
0.175626555842
0.325286834258
-0.0478895931971
0.0526481650788
-0.0652217323611
-0.17585132383
0.194685498195
0.126878592034
0.347101418862
0.010250970874
-0.31291180719
-0.302384974289
-0.162098013065
-0.142707296255
-0.0783606370045
0.582324931496
0.660685942061
0.120114267586
0.0701846813462
-0.106263686979
-0.272882870402
-0.534219423579
0.0947664405103
0.537856266581
0.434566244617
0.392320889627
0.0604360459814
-0.0476994305711
-0.420612110296
-0.47876462067
0.585669826442
0.242645006789
0.423783941075
0.42758448688
0.0425431721688
0.160266403276
-0.220582263
-0.300709669687
-0.420688247275
0.672588522858
0.468223732106
0.408684305061
0.44355265559
0.159016366049
-0.118578035656
-0.0764150769011
0.894877039105
0.21061413835
0.275184012947
0.324751925134
0.0148158172247
0.000470581865883
0.369831973833
0.354485063787
0.166555236215
0.646069249922
0.198432626119
0.0807528166591
0.245101694984
0.339007150978
0.154184192518
0.511832535033
1.15692613147
0.0644847171935
0.0207912278543
-0.0010904970158
0.057162930392
0.3444954925
0.230569826914
0.449239528403
0.298663893507
0.87974480318
0.286521600985
-0.430755070069
-0.683516704276
0.214681813164
0.103095714835
0.323900470352
0.831753411864
-0.0630621101984
0.497894667881
0.0287506114014
-0.0561166175546
-0.0484332749854
-0.393627210613
0.0543951225262
-0.143234943865
0.223771228284
0.0933181249709
0.39182715078
0.144840310396
0.0718690023061
-0.0316843975333
0.0144110232689
0.342989548793
-0.198959328649
0.734298112301
0.44353425194
0.206007405596
-0.440658672873
-0.114764169604
-0.319333896224
0.0196142684888
0.171941366657
-0.131348039443
0.204542864961
0.333377197943
-0.00602141050005
-0.177066647286
-0.555802103471
-0.0766059396042
0.137604302623
-0.106530788455
-0.0545706388736
-0.0270543221015
0.0420846481871
-0.0146549129359
-1.1819765219
0.131859088777
-0.197682710535
-0.100478916954
0.238418889004
0.253614979428
-0.0827996617847
-0.143141303784
-1.14077312463
-0.521457260502
-0.223435825328
-0.194386325311
0.14632028159
0.225616791634
-0.215414969909
-0.518352479954
-0.684677579058
-0.440221372723
0.0148512489501
-0.374550340197
0.00775692833019
0.182151237007
-0.513030246469
-0.112160621014
-0.633172279126
-0.361798777304
-0.225133757778
-0.188293062272
0.136906827516
-0.136130722638
-0.435702910453
0.129739829786
-1.00235067214
-0.360931089396
-0.368248514067
-0.345686813054
-0.0527878769533
-0.0595803573785
-0.50027219399
-0.0362774806285
-0.381253835679
-0.17516208937
-0.820042428763
-0.292019944765
0.315856775187
-0.0511997661683
-0.471733101827
-0.179349731626
-0.411546862417
0.063140640241
0.239713441264
0.0763160546428
0.186140120684
-0.105123394337
-0.0412513419373
-0.35153318591
-0.0647469714539
0.567244061442
0.0582905139736
0.321818882748
0.348463284113
0.388353721323
0.186797230927
-0.222062363658
-0.581682248932
0.126691555246
0.0285584554668
-0.293435704772
0.250221214803
0.199683662177
-0.00769413432693
-0.196014316898
-0.347589163077
0.373787100525
-0.258681585901
0.480512762805
0.0333041478485
0.141418829967
0.508730505014
0.123653673118
0.147032063416
-0.289131839938
0.540508836725
0.0772813787436
-0.143198518207
0.768170048061
0.268344976601
0.562330750099
0.127645416635
-0.200971276754
-0.262418955707
0.0104496111892
-0.0534660741324
-0.339564897506
-0.222823762855
-0.288561248985
-0.279144389117
-0.173982895935
-0.181661462903
-0.194938602952
-0.122902946037
-0.261456231002
-0.536951995945
-0.481651705578
-0.127341706935
-0.447703475601
0.0575836049728
-0.138485825908
-0.522926584455
-0.258581512316
-0.264131935266
-0.133949567731
-0.102276262233
-0.154970516948
-0.242628045532
-0.3005303384
-0.381671119653
-0.0389241937667
-0.292956401219
0.0500016515172
0.0766236996737
0.213136759935
0.147462796698
0.141110207879
-0.236490124107
-0.0289714268598
-0.0971322057666
0.10072182931
0.089740604755
0.225850406731
0.259106701318
0.000758354671577
0.0952764286238
0.0720159571635
0.108204284237
0.509251407573
0.333986916359
0.746345601276
0.438587240537
0.0401101869751
0.151451170638
0.123766417088
0.464097846877
0.361571613833
0.612401973756
0.272320350149
0.467804124526
0.514376541202
0.233831944584
0.421180056977
0.375548653262
0.535295465473
0.975897568246
0.24209167777
0.450536464016
-0.0921327729549
0.347752329192
0.486377879472
0.0825846124866
0.204965501071
0.937980372398
0.491515607714
-0.418584914022
-0.310146144636
0.00165731813569
0.266283045496
-0.369492958839
-0.000973197982064
0.15944613367
0.0983559961586
-0.70604448522
-0.476980719804
-0.236667261076
-0.132485230286
-0.222335918963
-0.183234243493
0.0796468513077
0.316990265982
-1.1573918962
-0.253474419793
-0.206798691179
-0.456445877199
-0.347023910984
0.149808518111
-0.0959079686062
-0.146127135939
-0.720434844913
0.0483111898458
-0.122698408826
-0.552790244147
0.24819236705
-0.0111922924649
-0.0586503873715
0.504927420192
-1.00161529625
0.136266917906
-0.443076083403
-0.395242006524
0.249354907031
-0.217544771531
0.0358048839641
-0.172215095057
-0.434096013673
-0.25199036835
-1.19648317739
-0.34482321367
-0.344636480793
-0.712327771529
-0.316212538331
0.0396848644293
-0.235862254552
-0.6797847319
-0.683241233437
-0.401878491206
-0.272018336981
-0.597911680558
-0.277587001399
0.403257196565
-0.367777469069
-0.02000442702
0.252388666917
-0.18639919266
0.0676658215378
-0.652823168367
-0.243891285465
-0.098711162001
0.100629263071
-0.0960329414979
-0.122201462484
-0.12082670089
0.126408008836
-0.218455038306
0.186464658083
0.239574791536
-0.172930145868
0.234284910394
0.0795827460931
0.155822171571
0.16495409368
-0.197039996042
-0.0906228373061
-0.11721682841
0.112555676524
0.18005421165
0.135483942821
-0.242057772281
0.0793822697304
-0.30785689619
0.429203743251
0.164221090671
-0.0576392208858
-0.184666572341
0.159589795932
0.125844467017
0.145446520525
-0.114784458859
0.393638520292
0.438951383832
0.230114506295
-0.239812630339
-0.0990798424099
0.0842496132573
0.218556378446
0.16224650035
0.250241856031
0.528656154649
0.304677945791
0.0538246224966
-0.301959690619
-0.131618808574
0.108266092539
0.217073766813
0.584539251059
0.600252945727
0.74419841946
0.142307490454
-0.0749013333743
-0.696766795707
0.0623544182132
0.553457143051
0.804354640462
0.493239827537
0.945763086382
0.429589835138
-0.133804078094
-0.595948379282
-0.0432954780497
0.455764290931
0.449717707719
0.64604015643
0.169124397095
0.283124071926
-0.0415011992219
-0.596653352627
0.100053058021
0.244819796052
0.452471565916
0.0592088940292
0.351557710373
0.0369649142944
-0.501866786319
-0.61773105242
-0.126925026462
-0.084882060569
0.682154082895
0.462459145169
-0.171570210933
-0.348435379564
-0.444153040147
-0.893046494861
-0.215749084813
-0.00541549778748
0.345213873928
0.172424921814
-0.484245387943
-0.0596101602172
-0.350292198619
-0.476832517066
-0.717972788539
0.203359138124
0.0282409210151
0.093897853572
-0.668677305922
-0.160138589718
-0.433460466246
-0.524607816262
-0.344750723179
-0.137003335868
0.332686618818
-0.0552249733903
-0.540972180243
-0.17830678144
0.1056713855
-1.07963772061
-0.709388002215
0.372946671794
0.23442057862
0.187680897613
-0.292186840864
-0.227552747393
-0.446389399747
-1.04118195576
-0.55431745199
-0.474477885587
0.242392707052
0.156429279837
-0.263374478724
-0.159714808583
0.218372099767
0.288058474337
-0.27181004622
-0.263337959786
-0.509999499248
-0.388621958196
0.244804357857
0.193748891835
0.0304743747832
0.153682197325
-0.220193892561
-0.138840340351
-0.411492039056
-0.157993512945
-0.0403702823435
0.315758302747
0.339921949586
0.0922127464444
0.0765171374327
-0.121415614192
-0.372125097332
-0.223199256453
0.308820416528
0.101456796
0.477481910732
0.150211761561
0.0197075703022
0.118857835008
-0.0412717490003
0.124793099559
0.109047253672
0.304551573507
0.234451060211
0.435216348643
0.168237969928
0.161352074533
-0.0833528544477
0.0237356677801
0.282475836639
0.0801425251628
0.283116092274
0.208782382369
0.57026897831
0.122333726021
0.542605215329
0.0793614630201
0.191849193775
0.158885590925
-0.16221930235
-0.185491950539
0.107801151389
0.366203982984
0.778750327667
0.367129901163
-0.150674471282
-0.381326831855
-0.577096826153
-0.616560843
0.0704666348433
0.297093761729
1.03312585614
0.65071296687
-0.300926287124
-0.457181801833
-0.777400574206
-0.464076217649
-0.487799680221
0.0834302337727
1.47844394569
0.74916107355
-0.273107528095
-0.593981465048
-0.400510712117
-0.646801849383
-0.110885728815
0.165578611173
0.429666391222
0.164018273387
0.0146217177788
0.0718819085431
-0.107861245834
-0.171102093283
-0.143762259958
-0.0255060346814
0.0992233337257
-0.127601616926
-0.166436679761
0.0352843825513
0.25761859851
-0.147088461441
-0.126916842987
-0.0127065967431
-0.370958904878
0.0180068582106
-0.0893774897647
0.110154309291
0.10216954068
0.258882200177
-0.11521065536
-0.353858725708
-0.333117487654
-0.292421114635
0.197776903808
0.429520715567
-0.0898437343831
0.432397512374
0.16174426708
-0.0380444758872
-0.595158540615
0.378669245234
0.347675687555
0.390641540203
0.126842424332
0.00191134408211
0.332617436956
-0.0591574507066
-0.230904592649
0.284161662802
0.630493811712
0.619325015122
-0.0194854479817
0.467628694928
0.0395449942148
0.338821493267
-0.287440871314
0.431317231679
0.424406036586
0.97535605576
0.800686243789
1.19716524573
0.966597110649
0.164998388435
0.172493981242
0.201149770714
0.605992394989
0.654926898832
0.586814212411
0.28991998353
0.318778737531
0.412395600433
0.459652068718
0.216091607276
-0.000782666198268
0.471717475331
0.312642641328
0.548003387506
0.668756494836
0.758340087992
-0.124917101166
0.417824701953
0.747785877239
0.211609576742
0.571508597942
0.159366929972
0.2742665243
0.246973974432
0.386029173928
0.195946303247
0.0796238027684
0.271803336016
-0.03905009802
-0.0856390759157
0.356935017496
0.34032917688
0.379024561062
0.0349514801373
0.451422742933
0.133163551725
0.0495287979037
0.233736826662
0.0209500962818
0.475465852165
0.501002663907
-0.041422898646
0.357994713001
0.129526520326
0.306733089037
-0.140581726379
0.245186152589
-0.0571627214872
0.582576466784
0.0479687703586
0.276954383937
0.312782260806
0.235613991363
0.198952745001
-0.0153216687402
-0.103345051329
-0.0929957638064
0.185672969684
0.244497586918
0.0121149212994
-0.0800604890306
0.00568067112851
-0.0482050530453
-0.239340881594
-0.381525162692
-0.207330224633
0.215289467783
-0.0514022246366
0.0391097593656
0.186171328475
-0.110443599887
-0.377924470818
-0.835893593782
0.00112944077698
0.179698546144
-0.108333729157
-0.155889128767
-0.169221423811
-0.326752098632
-0.214785974131
-0.630694099349
-0.320592780293
-0.0333380778984
-0.0961249952971
0.0784591258021
-0.222930445286
-0.0294186713332
-0.689406826769
-0.521752507831
0.0617710981417
-0.103484285801
-0.263061478271
-0.154862384777
0.090449090078
-0.169780684509
-0.893326478411
-0.525772685245
-0.192427131322
-0.386685667092
-0.0729454075198
-0.12767799136
-0.217424304583
-0.513914034967
-0.247292726805
-0.291255049369
-0.410197470814
-0.124445413668
-0.238660553161
-0.0206153898626
-0.119004267127
-0.482648677406
-0.562086153585
-0.299630036846
-0.196727491867
-0.585971488364
-0.274167598225
-0.385971450532
-0.241711913661
-0.370953410812
-1.15991759364
-0.230184146126
-0.184192115502
-0.174763454146
0.525652467583
0.436454352046
0.399419412493
0.44401838308
0.145150788333
0.0475208138895
0.226379429129
0.138256802871
0.471400529739
0.364920896019
0.292677680992
0.211088017173
0.37355033861
0.251714998079
0.261322282927
0.422622857873
0.5104683045
0.597368607895
0.364522864922
0.230157981257
0.311669985687
0.160492089889
0.297347517748
0.321090466515
0.471267321439
0.397537224318
0.198490221074
0.322099525158
0.011859183266
0.0257728877578
0.127910968454
0.603196063675
0.286056356387
0.255161522949
0.284113706532
-0.056013135887
-0.09651681449
-0.0832944478038
0.236826016818
0.424885890391
-0.0808722740364
0.432370285585
0.290946510164
0.0267782394153
-0.211714198476
0.018536528946
0.070397228574
-0.00252393408665
0.16666950833
-0.0236693498535
0.324454038461
-0.0757042302948
-0.130396247181
-0.203410023547
-0.614934935157
-0.130568089995
-0.0137134908935
0.311022670199
0.174547644074
-0.488955293416
0.111626255822
0.150949149515
-0.332247580814
-0.186167228789
-0.18204314894
-0.12269970075
-0.368146123102
0.430477333978
-0.0709709060159
-0.262166065652
-0.364127848067
-0.37579481491
-0.00420459669432
-0.093474368625
-0.140895255594
0.0682310737315
0.242494999047
-0.00555599257841
-0.359311178905
-0.464131068292
-0.369264142394
-0.15011505819
0.151716688293
-0.0563219774747
0.370453641571
-0.476697897136
-0.417492735486
-0.0592225550367
-0.142006420497
-0.00287841028592
-0.218526927719
0.110893738255
-0.208285745416
-0.251688305975
0.104661214105
-0.103044120952
-0.190511477175
-0.207791875106
-0.0340426865122
-0.154675367171
-0.311437508632
0.0105906593723
-0.393162781767
-0.331505828436
-0.20624690638
-0.233555740672
-0.13053650328
0.0941292511393
-0.119572069246
0.0587164990217
-0.211073848379
-0.309501855219
0.0563853128019
0.259442163936
-0.0921336734749
-0.341340139546
0.0555434778136
0.0408149742444
-0.0332689432984
-0.131116988316
-0.28528590276
-0.161999541398
0.11296306828
-0.151399810849
-0.00872767531089
0.181067599266
0.525377587835
-0.200862994328
-0.0900700812347
0.493838696872
0.541053180197
0.277841359931
0.513736378314
0.325052204785
0.225738431645
0.125976328136
-0.274837960873
0.0898639039727
0.171374215662
0.0484812508791
0.235930643638
-0.151212226396
0.269881769379
0.188944579343
-0.0955735691095
0.340811678861
0.177494476167
0.456464326137
0.16502262673
-0.1619932666
0.0372025409113
0.201479126662
0.341735124789
0.0201439732655
0.116217750185
0.0435365552597
-0.1798412377
0.177596516591
0.352295906153
0.393781895365
-0.15440254132
0.135046078123
0.269993723212
0.157807386568
0.0980082884517
0.355708068946
0.561693544387
0.3843925437
0.104342649096
-0.202346681351
-0.000780458525421
0.157306989458
0.0288626920495
0.430164821848
0.428852725101
0.455075518122
0.104485625635
-0.258742218889
-0.426363401402
-0.255374409004
-0.314733869899
0.282794696347
0.676471994966
0.620629298654
0.235624138301
0.0209157944617
-0.588092011625
-0.286575751846
-0.574703103062
-0.303654227861
0.494684244236
0.753953164367
0.371382325096
0.00730975243365
-0.182484555994
-0.746633924827
-1.05874386906
-0.213831218446
0.01748328437
0.382939615415
0.538084781037
0.0854614338202
0.00767976780816
-0.30800831772
-1.07708376531
-0.331695520255
0.651745569901
0.22383327001
0.270266292518
0.115332912437
-0.0566512532359
-0.340554465181
-1.44618336013
-0.414625650433
0.271732753705
0.0526919636348
0.0619284749292
-0.117350459682
0.0468741002762
-0.595458925715
-1.08734410029
-0.436894789697
0.173276753719
-0.184732120416
-0.069598997662
-0.124131630221
0.13617370314
-0.487119497341
-1.18268139678
-0.177458949848
-0.16179107362
-0.349353986536
-0.129367502869
-0.103583845026
-0.192192126278
-0.262512106884
-1.32262619013
-0.194661104458
-0.219308823155
-0.122590862041
0.108099485716
0.188650059398
-0.0750844758752
-0.132135172546
-0.993966799687
-0.47995127202
0.000248077218158
-0.337249467174
0.0609163733831
-0.399905746877
-0.258959287208
-0.2875681411
-0.232430761705
-1.13753575914
-0.603130178529
-0.25949089673
-0.0501844627175
-0.0549792064461
0.472875513568
0.321191268654
0.260264679929
0.129737958371
0.0108849491625
0.0574801010523
0.135486102169
0.0798918844823
0.151774981787
-0.0305596941036
0.286437534698
0.044823277964
-0.162328608841
-0.1253294015
0.263258537457
0.625285425916
0.125414063388
0.167943404921
0.106598113461
0.280211086097
0.293302759607
0.313617520873
0.214962815714
0.111079790832
0.160105924236
-0.124796740707
0.164441319706
0.488785900304
0.0278461029782
0.521441956256
0.460274162848
0.19554146691
0.146510089286
-0.166927783525
-0.138155757619
0.360781910049
0.168031278579
0.491156678139
0.108485494436
0.165125296364
-0.202144658922
-0.327180062944
-0.771260390474
-0.230389232935
0.602531723777
0.317028753087
0.322436882899
-0.263584720641
-0.141003888342
-0.19469379183
-0.260908845989
-1.34267913686
0.18659910974
0.109212541171
0.193924802157
0.439362479444
-0.266644468324
0.32389078335
-0.418215862381
-0.216594572726
-0.564659797924
-0.325544565541
0.0254992538515
-0.234082280548
0.388403198113
0.156786803071
0.551371616498
0.370536498282
-1.15807557569
-0.950110053687
-0.452336196087
-0.147504936149
-0.339593223304
0.188364609294
0.472104259572
0.557735416937
-1.9133248115
-0.868552358511
-0.581715636486
-0.689187237663
0.0728368674928
0.719887311678
0.621629224273
0.512798843265
0.0674021612686
-0.213381506399
-0.248541438695
0.0619121373912
0.455956880502
0.114574510187
0.403103859045
0.72458281618
0.1519160745
0.383457306062
-0.327666668727
0.0609046206711
0.132821055881
0.00813161775748
0.188914482441
0.120467738328
0.259639212875
0.108769861002
-0.148111700389
0.29335958043
-0.380769319152
0.0695992950338
-0.116560274572
-0.069419020684
-0.1702648153
0.416158976181
-0.053909979329
-0.015114410314
0.396234446745
-0.394522133715
0.0157404276549
0.26099500624
0.77744011677
0.0677389805317
0.312576035678
0.372390026071
-0.0154625330129
-0.12149294171
-0.339810978254
-0.485783017131
0.212764954038
-0.24457036802
-0.230559315046
-0.385420215936
-0.303946933758
0.23404546228
-0.00998867016201
0.510665225817
-0.0860610432435
-0.306664280104
0.223459255233
0.32306316675
0.310931606107
-0.147222123935
0.198626978441
0.0879110257388
-0.00781725399868
-0.0137879718179
0.415027940799
0.183053697688
0.309272039594
0.126317855119
0.0540702871481
-0.149623462318
-0.256480195682
0.0138706463474
0.0131030284947
0.245775919613
0.244583959075
0.0523158927882
0.0161086546645
-0.4347966417
-0.245628153865
0.262188954886
0.299721335104
0.484279256896
-0.0790432627002
0.331808720769
0.367317055316
-0.405337203208
0.0730815963902
-0.0249928038722
0.214468130819
0.345854504038
0.517144532718
0.14791394553
0.180331720248
-0.326444672967
-0.16596638406
0.289994140885
-0.0217064219758
0.297013178784
0.167610910343
0.216691028041
0.397179541105
0.442103620113
-0.00716237420491
-0.194829335187
0.190499110556
0.0868267808731
0.199605831837
0.257848003613
0.111726637855
0.292547680142
0.00345581123251
0.268813528288
0.0688291978012
0.163991321732
0.12239770197
0.214003494628
0.24198936241
0.0489289942801
-0.300011870075
0.107457756709
0.356288176865
-0.113081880111
0.270965869447
0.117792765746
-0.120033749591
-0.463873216101
-0.764777389188
-0.266579243477
-0.200056516425
0.160007200804
-0.0910028573319
-0.0297940827581
-0.198047320176
-1.03019459926
-0.712639327537
-0.347735961812
-0.112581323202
0.188115699136
0.0524062495713
-0.078192756082
-0.183380691638
-0.484056983172
-0.48857902581
-0.0311365683078
-0.194454673844
0.0101533886122
0.14811131952
0.0617414843124
0.0632279878882
-0.212418736553
-0.715101005416
-0.606531809961
0.0894446714796
0.387904555761
0.227677393249
0.195865076329
-0.00569182774231
0.133661515866
-0.545671827011
-0.045372993973
-0.407764516939
-0.0123725796139
0.417798493537
0.0154955623751
0.00477244264462
0.682636382805
-0.125051319624
-0.98772829935
-0.171487616409
0.00725010606864
0.0903981511079
0.232396293309
0.652705207467
0.373231409378
-0.0802595884527
-0.127414253885
-0.686706016186
-0.815505898897
-1.28417525617
0.473902761806
0.226193724693
-0.362173104423
-0.316483889252
-0.257236833138
-0.577149864418
-0.652022749453
-0.24874648031
-0.0594079041427
0.00997519042339
-0.391700180832
0.280240501553
0.0883181015276
-0.703091091499
-0.695641114622
-0.342472977011
-0.281410633859
0.444239609529
0.266236154808
-0.247313396143
-0.474972314349
-0.184420528796
-0.757037654509
-0.171365078522
-0.385359769693
-0.304677473046
0.489472803464
0.264998845651
-0.672535498944
-0.337781796629
-0.627398337945
-0.205628859606
0.062545353335
-0.172169771593
0.677570073541
0.255665057349
-0.633048390394
-0.0724842308518
-0.627122078161
-0.322536394446
0.160057644069
0.299623236601
0.974247334832
0.52945180495
-0.575040976518
-0.422505175673
-0.57860675835
0.184238318215
0.270316073369
0.285052244014
0.317682531632
0.699411265784
-0.285486197527
-0.34015897185
-0.788096676111
0.120877923618
0.143462513087
0.142449010258
0.12570466048
0.849240876698
-0.0584462377417
-0.382944774837
-0.36721676603
0.180301200655
0.523103195854
0.198928671726
0.373170625413
0.574542815887
0.224230091392
-0.0305513367673
-0.533527218702
0.00979146430961
0.574784875746
0.576429354506
0.615128620692
0.457441922602
0.122921786667
0.380785180548
0.0146083849725
-0.0273841164758
0.0538187938346
0.500881463601
0.459680834346
0.0730083461215
-0.0354503326405
0.0279166207187
-0.233198219007
0.0576961750025
0.00435141976341
0.501746424844
0.255543304115
-0.2298142416
0.127439014174
0.336372209226
-0.408803083645
-0.0474906783738
0.184799704533
0.253551473503
0.31484814229
0.0869448401307
0.336484343356
-0.394109118747
-0.0306605599927
-0.274413040337
0.201223876674
0.177522214542
-0.0855828415265
-0.393283005949
0.193981592004
-0.550425735804
0.0505098993397
0.0496079298789
0.0484244783755
0.205790827984
-0.622539508867
0.0346621173927
-0.437927947677
-0.0788594225784
0.503859680947
0.0251271380605
0.354536252789
0.14579169247
-0.453973571301
-0.635378344285
-0.0834273723016
-0.533319636923
-0.823462701591
-0.0931553282435
-0.110017954854
0.851384088578
0.439692557241
0.527123305402
-0.475643780575
-0.664919585621
-0.860292630144
-0.277117979914
0.56579518922
0.178276641594
0.383725686504
-0.0426317642356
0.387866434692
-0.452718264642
-0.978407086882
-0.318298854176
0.0860096624833
0.766733876659
0.795086828963
0.183133183844
-0.373848359289
0.0315895445044
-1.14015528089
-0.251166248273
0.0211172969548
0.483654361016
0.645397944717
0.473577373977
-0.171846730918
-0.0613184275959
-0.670311073373
-0.228454037284
-0.310371882068
0.389972732341
0.724025952078
0.87379398738
-0.297339149895
-0.286124428404
-0.297477674004
-0.253784936947
0.0899899699535
0.381025568721
0.72360632821
0.542671514006
0.201608321826
-0.254341082591
-0.750226870487
-0.346010355742
-0.0721953584312
0.508220483054
0.246492004428
0.379209586973
-0.288769821135
-0.132651174392
-0.561482364676
-0.470246336475
-0.00574751322134
0.0922245755393
0.179792388927
-0.165317875545
-0.204335504002
-0.0314639126857
-0.134537787062
-0.460022533202
-0.475837948048
-0.113927334861
0.0871873073008
-0.0189726292077
0.000404822814605
-0.101083006494
0.0131066225271
0.0124798500158
-0.15293609169
-0.341776521067
-0.281734108993
-0.168752775564
-0.206760110407
0.0522697650866
0.579970287677
0.0666159038719
-0.0852378856552
0.105587506184
-0.161079298822
-0.363271343312
0.0289104678322
0.0390222445066
0.279368346921
0.266821383815
0.0506316318943
-0.371534311964
-0.172445476395
-0.681622473915
-0.0263183438938
-0.254968021921
-0.0323802138247
0.0152823637138
0.0694830451991
-0.00612442965795
-0.220252646047
0.232794898461
-0.188089246666
-0.190513546338
0.154969661148
0.0212271142065
-0.097182079459
0.197919216202
-0.544553648138
-0.418901014802
-0.277321899232
-0.143542042371
-0.223229771679
0.222491720402
-0.298565977692
0.0985362665692
-0.121001069331
-0.60859769083
-0.328490605133
-0.63284294079
0.238945786722
0.0030838505846
0.351349502723
-0.293063532854
-0.410775591233
-0.180120387653
-0.102315384924
-0.140050962246
-0.153824518727
-0.142692044197
-0.157720040322
-0.175646519149
-0.302957584252
-0.00282188088265
-0.148617420464
-0.170752191393
-0.188189912056
-0.195046876862
-0.292320772355
-0.333789859633
-0.520287577423
-0.016137515375
-0.24878215009
-0.247903299312
-0.368912193879
-0.439655610293
0.0541090944667
-0.0408927398808
0.0926549887165
-0.260480526273
-0.655006008068
-0.197593356712
-0.436668384541
-0.107793207396
-0.0527256806437
0.069315383399
0.0639821301167
-0.267598963492
-0.8206861101
-0.435509355331
-0.224642285175
-0.901271228789
-0.15573265121
-0.176025348122
0.25013024363
-0.00180424129374
-1.12315508376
-0.736790689772
-0.693614668583
-0.563861213997
-0.263730527536
-0.059097208098
0.70322771778
0.0099917323655
-0.776318524667
-0.358923570735
-0.144175474251
-0.23923650533
-1.04876050178
0.497290004788
1.11114069777
0.587192301435
-0.211713554239
0.0584616334733
0.272498521605
0.246567445499
-0.582933207222
-0.0509713308281
1.14063065718
0.519770102993
0.178454199557
0.55948595488
0.284512055708
0.476760803885
-0.0761757224216
0.155153739881
0.355029568914
0.315073875589
0.346893709869
0.230980945858
0.648326407758
0.137709828806
0.282707616513
-0.175077061562
0.15637584736
0.0194935059028
0.372665702472
0.275827538942
0.119407899798
0.21696223936
0.0936663361568
-0.0180261771112
0.12314156984
0.191415810862
0.224248028801
-0.374796001401
-0.318503286325
-0.0948056278312
0.168515428934
0.0192086054622
-0.0164836335963
-0.329235299263
0.397687352343
-0.228793733908
-0.658168434974
0.155788212583
-0.1364321443
0.0072185463747
-0.332596445835
-0.127487224158
0.134265741478
-0.722015240884
-0.236488834257
-0.158058054718
-0.454454680289
-0.0569164392767
-0.675048868229
0.120677671476
-0.124074803408
-0.154790417464
-0.109090021622
-0.424433633224
-0.260026383558
-0.0454675836259
-0.187992919793
-0.173427909762
-0.185385247022
-0.402354866842
-0.306215403514
-0.618746474648
0.0672767237918
-0.0745588563118
-0.0885550929066
-0.2169769492
-0.0256664354625
-0.26421045142
-0.410583342116
-0.122006820633
-0.284927097142
-0.106754366211
0.0386943476196
0.135751854252
-0.317131387137
-0.50172539074
-0.0897756329099
0.0210356386754
0.170993288021
0.157018364526
-0.32253456799
0.397585696858
-0.366315590589
-0.246662696555
-0.286002180841
0.11810093481
0.123419191076
0.171632497774
0.124986090657
0.338946654591
0.355212941321
0.0897046424699
-0.12012099421
-0.264848989324
0.133442097236
0.129742590633
-0.0283487287975
0.270161663543
0.1331739648
-0.022134964127
-0.10810018684
-0.164409491564
0.115788489117
0.383348171652
-0.0763589513423
-0.0144897461821
0.428632011831
0.185284725901
-0.048856500073
-0.0211217160167
-0.153753454968
-0.211412740652
-0.45726424711
-0.107126838491
0.173454397194
0.155956998623
0.33283188655
0.240460119882
0.0549719429162
-0.353993010476
-0.777339574863
-0.869171093201
-0.0625175678886
0.643322654857
0.510637426322
0.0178529575009
0.0722567876588
-0.309499060264
-0.676369615649
-1.33871714075
-0.0208753754751
0.132337515357
0.629011582268
0.291536352857
0.250954836499
-0.0127914337093
-0.478609915603
-0.517312704605
0.0919341978989
0.132361836317
0.255954214651
0.368490458589
0.26462637236
0.264608801465
0.0661439584481
0.463708113879
-0.119285797662
-0.00497566538164
-0.0594815295656
-0.0536987969477
0.194021656554
0.106886717981
0.434700785062
0.231187907845
0.113973357179
-0.307353781059
-0.748368960726
-0.00921817211928
0.334628384787
0.28983231796
-0.125089059655
0.516101105751
-0.0541152884419
-0.420627410925
0.236820013057
-0.315215433491
-0.204149407851
0.115392462966
0.00507809272583
0.123302427849
-0.285572627236
0.0270567101079
0.294749712063
-0.735233830635
-0.0940226343522
-0.213654145944
0.309146550151
-0.323910271041
-0.23954551794
0.0958357846844
-0.289900384407
-0.191892037691
-0.197685640316
0.0276398892733
0.138510707577
0.0235795827215
-0.0403397552045
-0.0361613137282
-0.104929697925
-0.511340866926
-0.945216905451
-0.300595788599
-0.268636834807
0.301333723862
0.106416005151
-0.221750202138
-0.323270412251
-0.324919595069
0.0311972928732
0.371401116971
0.358551424944
0.72263564248
0.153201776252
0.286897680776
-0.0491306763467
-0.0540536143485
0.0232870901887
0.558996209817
0.234408012542
0.0601880237684
0.49992304336
0.153905890382
-0.0973434429399
0.132549054591
0.501833746276
0.234075532165
0.429349456013
0.636946094548
0.10799779686
0.549019086313
0.627203098476
0.452917076641
0.169054848413
0.251775233139
0.555916427554
0.00196233884219
0.48562581413
0.326873687214
0.314733843734
0.578155580165
0.582226623876
0.565639683369
-0.000111670638064
0.326493029046
0.410668934765
0.338792763356
0.334721371937
0.484561030173
0.347261838704
0.0381493804488
0.000749756821089
-0.0577057550874
-0.147092240873
0.113158478742
0.0900590833473
0.468322835454
0.698373841144
0.595341471839
0.233299570669
-0.964581483373
-0.274872675847
-0.170624280445
0.238923051646
0.335512476608
0.106876611843
0.327274168936
0.0105667454124
-1.1447291974
-0.710485038506
-0.323402522066
-0.353187946186
0.0847444762596
0.530284974644
-0.17443230199
-0.141938875783
-0.411234405356
-0.424085108286
-0.475949844501
0.115982244743
-0.407237622368
-0.0735654780821
0.30548532601
0.0646035188176
-0.365904977751
0.116932686735
-0.0711396764027
-0.464996876824
0.0897181910174
-0.307470157559
0.23206381981
-0.129427446321
-0.122660807947
-0.0250131595382
-0.250325297533
-0.0486012036594
-0.266526163772
0.0342217484116
-0.223333083868
0.000605070034892
0.00226987312408
0.10485224145
-0.35668809498
-0.167754821542
0.0565063184215
-0.243818383084
0.0125777209386
-0.148618608895
-0.0469539443987
0.157031794088
-0.137276683654
0.126754406943
-0.034064121148
-0.189933733548
-0.130549370965
0.035156657545
0.257524042639
-0.252418522263
-0.119808645905
0.0339617685935
0.256817524893
-0.197785058482
0.0200705414652
-0.115779265249
-0.16437485185
0.254945941263
0.429243298471
0.185230454973
0.201906673401
0.12112319428
-0.103146280334
0.111773065022
-0.0738161998891
-0.245362370545
-0.235774714445
-0.288544884236
-0.405790959977
-0.722474925323
-0.977591178718
-0.173926797699
0.355709225539
0.115482325971
-0.0531555670395
-0.236730796574
0.0459887758379
0.0793301784826
-0.118900112393
-0.373989072448
-0.0639418234834
0.290133761891
0.0112507833519
0.211534692589
0.259818452357
-0.0860380772681
0.0152359634283
-0.0981914545888
0.173074792882
0.154218867145
0.181938457722
0.00577742299691
0.130620110364
-0.198577693033
-0.124924859401
-0.0746194729597
0.366847169844
0.242374098942
0.111027452942
0.187281588571
0.0430753350978
-0.100714269474
0.0192942899201
-0.172982904515
0.0186517415683
-0.0267343508513
-0.0590643868044
0.141381325655
-0.0297516235768
0.290446670167
0.0895057329308
-0.384898875104
-0.42212035978
-0.127439837517
-0.225201369869
0.372754052238
0.479305064087
0.484473091683
0.0501697006459
0.0202091880775
-0.291302730792
-0.199203427382
0.312238718873
0.208195165557
0.311204162495
0.443668496927
0.0683370946861
-0.291535930985
-0.587155655132
0.0589105350502
0.209073494296
0.25052694878
0.102719431452
-0.139534892377
0.202586248805
-0.561772705783
-0.57406356145
-0.094885853363
0.0366016968011
-0.00473891529454
-0.0361454117555
0.0396999090547
0.148104717826
-0.193571195506
-0.230087233397
0.495894873583
0.117348036518
0.388780706464
0.0196170896401
0.202265042713
0.105074263433
-0.0588992940139
-0.205750189968
0.251051577831
0.139575622178
0.227225946242
0.0895940200066
0.000467915167244
0.232792464452
0.159250362622
0.0626054314833
-0.126633599592
-0.238820983377
0.0983773329563
0.142037782317
0.108230034216
0.215016032633
0.222017341361
-0.363938082838
0.114758364877
-0.0312860930181
0.0559937258538
0.0911540669605
0.386720889162
0.26693010593
-0.221757148494
0.0851123603916
0.0590263063879
-0.286089917632
0.0631823680665
0.0224585934813
-0.0849904111637
-0.202648026367
-0.217031351625
-0.274643327507
0.0689745122688
0.0954266457311
-0.209558010123
0.194323209512
-0.267373582407
-0.271706811397
0.789846112035
-2.57540344134
-1.80708232074
1.60385296042
-1.87476363759
-1.40804562859
-1.51995364968
-2.4747955043
0.857827584609
2.44922022814
-0.433330900938
0.566001877533
1.77243161114
0.493438742215
-0.730590773119
-0.661564829615
0.278982332705
-0.741510122257
1.93506984328
-1.68773218818
0.697553498057
-0.252966808799
-0.914991174514
0.89516749234
-0.987328146706
-1.9487140905
0.590075511521
2.7246060413
1.67194012148
-0.601187994483
-0.860180392331
-1.56947525234
-0.424802177561
-1.11040478208
-0.714229554173
-0.246075017352
-0.0731042493718
-0.702812872771
-0.271772391279
1.75171024159
-1.16829213064
1.17346091649
-0.617528117381
-0.136286567625
2.52548698935
-0.718810920437
-0.517028491127
-1.02514294149
-0.213294996479
-0.37564024179
-0.287796196986
-0.813239145293
-0.511097878952
2.39260360889
-0.857061965803
2.24883998034
-0.69962990671
1.60091448069
-0.57069825521
-1.20849939399
-0.57425246922
4.61775748297
-0.146627450829
-0.571008171652
3.34119353838
-0.840380742418
2.19982345048
-1.248513085
-1.05290895261
-0.191615518662
-0.899458395214
-0.626608060839
-0.667308811973
-0.881300577637
-0.212878700594
-0.319275995093
-0.304077112424
-0.595140943652
-0.534958860421
1.50363334986
-0.668830277959
-0.627599101486
1.58231949057
2.14460867662
-0.546362282307
-1.19549582674
-0.471470793356
3.45693830556
-0.0985957902271
-0.473091168779
-0.365712655736
-0.720512790524
2.42948263159
-1.03686231029
-0.577855098117
-0.182051762608
-0.543181578175
-0.652626500206
-0.63920859995
-0.684934591812
-0.178888087997
-0.310183514396
-0.321564588671
-0.9428485192
-0.678741601259
-2.58665477916
-1.85381987223
0.432669022213
-0.37765204777
-1.57215251328
0.550404918361
-1.1801340121
0.0783888841628
1.20740331991
1.77155274756
0.993756042373
2.79365877507
0.022273278402
0.0982699033188
-2.56241380668
-0.270948421161
-0.849305478803
-0.0456788241522
-0.36642444798
1.47742947459
-0.621912082596
2.57240060043
-1.33787757769
-1.26785679404
-2.16752493022
0.221825537509
1.59697381015
-0.53769540406
-0.481760930722
-0.646351364049
-1.37378033453
2.43956628204
-1.25118303785
-0.542696878315
3.99784870157
-0.0453772265484
-0.420359172611
-0.294872075631
1.50126206889
-0.898705831452
-0.917847950006
-0.738766111621
-0.180663609843
-0.589090176573
1.71324716893
2.13972325443
2.13982790188
-0.196446118238
-0.331531620928
-0.348161471926
-0.935696415628
-0.463007109013
-1.1831989819
-0.61015916441
-0.576109125794
1.28348037752
-1.51008912399
-0.538309179851
0.996108840198
-0.67841723297
2.58345566969
-0.137997135805
-0.5279741733
-0.45737717704
-0.645960417521
3.64242079717
1.42284006311
-0.733679850654
-0.239076481305
-0.568185825514
-1.10360130949
-0.705940060113
2.14248686784
-0.235585385479
-0.309640916645
-0.335274535819
-1.00749720616
-0.745075291715
-1.30406749691
-0.801970082512
2.22926135724
-0.736568221631
-1.54733529116
-0.618858400559
0.975292547263
-0.490412949215
-0.277914619867
-0.062269244999
-0.592032463308
-0.290335717858
-0.785551495829
-1.1831375368
-1.3036291587
2.72373205881
-0.169388997569
-0.893808420077
2.07447623878
1.92684772593
-0.799165645072
-0.207763242139
-0.317408646704
-0.336078583839
-1.09681194613
-0.598934220205
-1.22527854484
1.52361385659
1.82825805702
1.98510754198
-1.58173906202
2.93569269288
0.73097777389
2.08609235442
2.99068207207
-0.0857618095627
2.9344599831
4.75642019861
0.884058139703
2.51827736363
1.04392025174
-0.904889503634
-0.295152914754
3.589398289
-0.909918678653
3.87526959372
2.05307653717
3.09734183435
-0.450322659071
3.08442745487
-1.08430364224
2.75151898639
-0.319593637183
-0.210394748136
-0.147418581948
-0.233532417613
1.76711406608
-0.139787132402
-0.365102443165
-0.0702757012137
-0.0470122577102
-0.0160120335005
-0.105262412759
-0.0388297304876
-0.200445597853
-0.389431470287
2.42597262388
-0.231642960915
-0.0230353694939
-0.109113179088
-0.154716101981
-0.134704736732
-0.186014420298
-0.0405922907547
-0.065468817807
-0.0893095678656
-0.180862461132
-0.140681668697
1.07160024533
-0.838835939503
2.35256872737
-1.02252711962
0.39963210808
-0.527676237106
-1.30757237675
-0.56411005175
-0.351067667904
-0.0802710426887
-0.806732839262
-0.340514871956
-0.981174266831
-1.29648275588
0.970298873048
-0.801505888514
-0.20940017225
1.94169662182
-0.86446775987
-0.768703211012
-0.909358000832
-0.344142713934
-0.423746241236
-0.437314855673
-0.970475915796
-0.669564449288
3.42930186008
3.17975570168
2.58995548988
-0.8277742131
0.471720798966
-0.554701896544
0.871879137471
-0.477343786934
4.19188403864
-0.116827016883
-0.690632949168
3.82423036808
-0.617011055584
-0.906068131697
1.70365877859
1.83432853661
-0.203073023542
-0.557893287186
2.0662307889
-0.68583298954
3.35944330291
-0.188973115885
2.77289355274
-0.335010252594
2.09537186302
2.34053694306
-1.6198111795
-0.818701667208
-0.880694522299
-0.85703003282
0.296038846737
-0.621434764364
-1.57032005066
-0.802618667751
-0.499338762486
-0.0961746746514
-0.80293436372
-0.57630632402
0.691468947327
-1.59010224013
1.63033519021
-1.1095017956
-0.315185887623
1.89088645893
-0.873793299859
-0.903890826185
1.21505022603
-0.376059370975
-0.973000540426
-0.506573012075
0.866305434417
-0.742595123079
1.01260774605
-1.48629130905
-1.58688555315
-1.72389190604
0.316961832426
-1.27055404445
-2.321427135
-1.36339914552
4.13256024557
-0.372014215129
0.56188339393
1.43578730763
-1.82377064254
-0.117102859348
1.30118124452
-2.04955996597
-0.648821533624
0.538587777175
-1.62678361898
-1.48518174914
1.48394610582
-0.69809859402
-1.17009294288
-1.04774853042
-1.73587901017
-1.33695098082
-2.25627826627
0.466691255704
1.78428233273
0.33829002325
-1.05118052352
1.32757719716
-0.589978425543
0.581329080929
2.47468568534
-0.364926972269
-1.32727744706
2.24455050163
-1.79976655183
0.213983231629
-0.538496267855
0.304454338045
-0.786811065247
1.91607530577
-1.71339971861
-1.44116965168
-1.80759282516
-0.803698365131
1.31003286864
-0.861770879175
-1.90970765452
-1.11486711756
0.538514238614
-0.789878066327
-0.796498924711
-1.19240912503
-1.98999137166
-0.952395041618
-1.47419413346
-0.781636877003
-0.557666736108
-0.104043493432
-0.765212568465
-0.50731749522
2.54161401149
-1.62116090788
0.542681223886
0.934120922878
-0.370512790076
-1.04424280057
-1.23995630354
-0.812971325237
-1.1112591836
-0.413727798407
-0.684625979019
2.26765502491
-1.40294685231
-0.827873923372
-0.744617478969
-0.416819889493
-0.360122790883
-0.704608829727
0.70960556102
-0.414986516333
-0.910174220879
-0.318668526649
-0.15012824097
-0.0301448361297
-0.293411076127
-0.209389307138
-0.414305362949
1.91060550528
-0.646924147083
-0.514506264539
-0.143969873983
-0.463497865647
2.32451169502
-0.566743228612
-0.478111439893
-0.136760555032
-0.192741101112
-0.213795201206
-0.72471215324
-0.411214337685
1.90012712504
1.67517931146
-0.783383566021
-1.19333938812
1.53932809075
-0.806234553741
0.633705446112
-0.663197968599
-0.435269014108
-0.133987102776
-0.76317011798
-0.441092116584
-1.26228233723
-1.38880925413
2.19776165845
2.22818718132
-0.344249092829
1.57603129829
-1.21755048418
1.57016853545
1.92251842678
-0.337158929401
-0.482408419636
-0.493768141815
-0.982663232868
-0.702418924914
-0.902912089326
-0.498955998489
-0.489387153036
-0.586507954548
2.04924057382
-0.373027743397
-0.873398699593
-0.495443360247
4.49154164972
-0.0854827886479
-0.45846059351
-0.319363574702
-0.628824860294
2.86975069441
-0.973299812542
-0.487810188666
-0.140838148454
-0.514611630736
2.15283203252
-0.445096320391
3.27219438945
-0.141935568719
-0.270157005753
-0.276138653384
-0.565914331213
-0.388728795527
3.11035128082
-0.729299409168
3.06477525344
-0.745720523469
1.36845498678
-0.503343523825
-1.23494932591
2.31961181442
3.4899341173
-0.0724650952849
-0.521257027738
-0.330516349471
-0.684300423153
2.98657417367
-0.985906934888
-0.84456316159
-0.154964352604
2.13030077446
2.42244706467
1.6554212934
-0.67264727454
-0.20292157659
-0.335615136475
-0.336068131867
-0.830932937922
-0.666558564126
-2.01607536718
0.62987698759
-1.45591664245
0.063650634371
-2.6296176486
1.1615634281
-2.50823896385
-1.0947468623
-0.834125964139
2.61080592695
-1.03415730778
-0.739185787768
-1.60361486413
0.304013710037
1.01094463906
-1.46335101829
3.63018973793
-1.23157480118
-1.72102750271
-1.35116792034
-1.79248696633
1.81706070876
-1.02988085655
-0.686191421258
-1.63666117761
-1.08725360246
-0.861690941947
-0.406585126005
-0.403494489295
-0.674401906999
1.13822588235
-0.269402704783
-0.959246587194
-0.232816182942
3.45555735656
-0.12639736333
-0.333963221192
-0.167690291761
-0.525586547547
1.75615727068
1.89574866762
-0.482103998005
-0.152903241309
-0.332769322971
-0.532368451984
-0.453268806049
1.6978070584
4.06946937403
-0.226985902885
-0.232225115114
-0.499250122924
-0.281492012199
-1.06735456781
-0.555002000407
-0.442672409489
-0.458454253649
-1.38189017577
-0.334075604704
-0.946087743415
-0.309812614838
-0.188271577292
-0.0403147767105
-0.37297096515
-0.191110264417
-0.729264526224
1.43332868446
2.05239476556
-0.439176027544
-0.125956784738
-0.485175669823
-0.466092469313
-0.423383238583
-0.79427586004
-0.163639426251
-0.406424274563
-0.220274591929
-0.575820922054
-0.306739917776
2.58045793585
-0.238038289669
-0.345926505207
-0.30071843633
2.43509674626
-0.171421920423
-0.635782170598
-0.1817001972
-0.11765446003
-0.0137977383306
-0.256705541879
-0.101886467573
-0.294554477988
-0.480690197494
-0.468306064717
-0.290102151554
-0.0652273511731
-0.231975309484
-0.338062550415
-0.292640119741
-0.272398462782
-0.0629235945329
-0.0955725030601
-0.17548442928
-0.363518623618
-0.280925175447
-1.05044794574
-0.434986940735
-0.460747499083
-0.752606954529
-1.4141176795
-0.47539703288
-1.05683165097
2.63738891953
-0.280338059835
-0.0552216951854
-0.421161090033
5.42992230578
-0.641952933643
-1.24596522908
-0.914529683386
-0.508770760588
-0.153454033007
-0.438430889247
-0.852344174588
2.51468179897
-0.601305715336
-0.195395378171
-0.219963015973
-0.327170916269
-1.05662155937
-0.735416822621
-0.916647886102
-0.438728672677
-0.396625743203
-0.532047464745
-1.14381171943
-0.275821047347
-0.853863938941
-0.373884709999
5.31277298862
-0.039037594397
-0.388890571477
-0.262223569597
-0.621314073373
-0.812051519315
-0.801000548438
-0.430084527338
-0.123056924098
-0.388378175555
-0.542986692876
-0.421586178044
3.09839906685
-0.142110597968
-0.29796394235
-0.274046393509
-0.625951712546
4.049911267
