-0.353685272855224
0.047203424841896574
-0.1810785211675995
-0.28974794832327444
0.1597087671611828
-0.39408267271180775
0.22533321124972458
-0.08800410325518056
0.018197261783500222
0.14822002925675673
0.31007194100857927
0.18421011998005846
0.14448595349473764
0.10603883619352823
0.0968707975124201
-0.6851343352826041
-0.029763150968340788
-0.1947156744714771
0.08792747831895967
0.09193718000885594
0.2229328402187316
0.07335493441146751
-0.2174721438693023
-0.06302831905229273
-0.18761240522516628
0.24699069457220468
0.07818754473387136
0.19766852936659257
-0.21168784470711877
0.053676535438390606
-0.05780958539645349
-0.4092334107454356
-0.2565259920830469
0.17870269077355386
0.2486602392465064
0.07792348129307129
0.08533854125144125
-0.021890457220977023
-0.20312400013261742
-0.24944379701874422
-0.055349701957565105
0.13688870592156693
0.21306336618126673
0.23414996871988847
0.14231196521957573
-0.14750125196016436
0.0825427272813739
-0.13133323763493707
-0.11614256941442029
-0.11421957866964477
0.3179820052956206
-0.018408901224941997
0.11711734723414784
0.2219084285055214
0.1362004563715507
0.502421952487871
0.10109364529272759
-0.34275107557312706
-0.19348452516075793
0.24740229598270097
0.2610645651645944
0.32679272073329224
0.30528283268288353
0.5852568872447711
0.3234171733880242
-0.18649307835170217
-0.09281204705848047
0.34783018654588577
0.25831453263642756
0.5561587297421198
0.3104254174024947
0.2357377781439928
0.5980594569518801
0.2728052487549613
0.16324136838500952
0.12924498377422056
0.508912841968757
0.42584898893899503
0.37535538327720863
0.1575644599098755
0.8275175980536115
0.08636195377901078
-0.03161540083942822
-0.2254175132857648
0.18289671430515966
-0.06841114190193952
0.3724434216209934
0.43524679667410016
0.00038556088749582213
-0.054856110157547426
0.17615955647167394
-0.3080763408786012
-0.1900849898057735
0.020629507066247582
0.5450608095050307
0.25628860326948544
0.06431423474431873
-0.4588015806304137
0.4000192887608032
-0.38980575369024856
0.03248551320568972
-0.07031803338485897
0.5144999399113799
0.15139766218564998
0.0012854440664571529
-0.27285365921652516
0.389082548856366
-0.6491935533376147
-0.2326923333876476
0.012511154562631107
0.26764057951924125
0.4353717635323686
-0.11321778721040024
-0.20148394002484799
-0.09438110372467808
-0.3083661468967525
0.029684382511576908
-0.1710092073840216
-0.22804723130680632
-0.06065066215796831
0.04182649287224999
-0.3552805569533508
-0.5144527984014385
-0.062428778504040404
0.3007931562788432
-0.2663734695728798
-0.3412275292776426
0.4325060383602723
0.022923567669766345
0.3687830932860741
-0.5725154037900514
-0.27332412917335774
-1.143475282948622
-0.7586604026012695
-0.6452327108021444
-0.22146914742425233
0.125859066373243
-0.1072700042857195
0.12481504582495186
-0.032636759563195686
-0.4515105033336794
-0.21382082024453228
-0.5174766292981247
-0.008573806588304724
-0.03220588455833361
-0.08061880434096694
-0.5108796027907445
-0.23249135478343277
-0.44875121780470645
-0.6226926215923628
-1.1637611590897594
0.43541678079082297
-0.0027704034032673647
-0.41513325128410505
0.3599545296175223
-0.26369108524499746
0.03148717120700203
-0.15170798241642394
0.1245775107064563
0.03874598882408742
0.17537757192081396
-0.1712157145273312
-0.28369341324437247
-0.2782116288609692
-0.16755123295911165
-0.3809810730288706
-0.3044496200046193
-0.32748463991167986
-0.18422017580835964
-0.3925059196874819
-0.2392489438164433
-0.15679019233870517
-0.30512117405521716
0.10927899339805565
-0.6103865336795111
-0.8054500446407911
-0.4789188042934127
0.07829864977367554
0.1435969100414371
0.07682774983051283
0.1997929136493283
-0.323058081462881
-0.10913603177695187
-0.5283177368788186
0.027517882027104725
0.2241009054485625
0.2050219469844919
-0.2079520709902124
-0.04985904675599374
0.23329903288946416
-0.3232363463741741
-0.41578958225558393
-0.15324643478131555
-0.06478751961393563
0.5104776040613195
0.005807093591289925
0.1616337158436022
0.09474122489283732
0.050669969435990836
-0.27654336355397
-0.008363212713371112
0.25097593308818616
0.25276894110633186
0.3870869532641536
0.0037713458679954244
0.02426611944357512
0.2270409634957276
0.24012987427308863
-0.10954785472306278
0.4947471780042983
0.39468944094468367
0.1834285028735348
-0.3297533241650046
0.0575637913036474
0.3094634792289138
0.128581887891983
0.03490151440095972
0.25167623655907534
0.25898853036473396
0.34326033769298214
0.33476567870492535
-0.0965429556288006
0.5031331331431319
0.4085899522002941
-0.289577486147213
0.2858371335611415
0.15587515676807365
0.28191658453395285
0.10129351973458268
-0.027808814466907562
0.703130499663163
0.417051376513792
0.3088024266219987
0.7784783935745143
-0.05287729123660075
0.3366801100758654
0.031882285821902084
0.0015441294498877677
0.3922821842605725
0.690460998343103
0.35260836420582187
0.5805218809892927
-0.06735407810175612
0.1393801339548003
0.18702571308038252
0.18730136619300491
0.08487201850560236
-0.024545590737211128
0.7826992927668895
1.2098400434678762
0.03432791985131177
0.5666506557560281
0.3402013763503037
0.40720917735685463
-0.14032020790287542
-0.003255889178862159
-0.2520145223728004
-0.22132609084720098
-0.2864968095897759
0.25104514422482677
0.24317073245387502
0.12843736994261096
0.03415456622351773
-0.25057891751950406
-0.3095180438823906
0.060660729322000895
0.05166170428898446
0.1685663464884331
-0.04423509110176809
0.18616260892956688
0.021514154457358537
-0.2536562551756812
-0.35046220248760745
-0.3047445363835725
0.28248628033977297
0.4345065161845973
0.15950911478519297
0.08359582554685917
0.06940557666686514
-0.09783930748612166
0.14308602843503376
0.2806121438814631
-0.31046042551814584
0.06889978635417425
-0.08561278098098442
-0.15332963535948224
-0.17397568138780656
-0.17405363499483223
0.3170648865447221
0.2616497824177424
0.10813809940734424
0.3064697598917234
-0.016465667638215456
0.0807361325791048
-0.037996878833888095
0.23585318776020853
0.3269731023192663
0.860403467894981
0.05383370229359891
0.4093180714803877
0.1300851878459969
-0.07417264148185126
-0.4176543566889576
0.11198509755369855
0.26584405817230344
0.1391347728508403
0.11541568286587042
-0.3219945225162191
-0.27597863621693697
-0.29690766969272936
-0.2272610642427391
0.13278415804065966
0.06042973894227672
-0.2699055530291676
-0.7994956517445129
-0.4884181167938378
-0.3037458406645864
-0.0935107819954123
-0.23043019705817747
-0.10892352625103084
0.2663373734068285
-1.106411919706033
-0.9161173341228561
-0.5039137482756473
-0.7264951961555725
0.14265971681081172
-0.6287706328133101
0.3912580203838881
0.2066438006672697
-0.08726014605640457
-0.10540659355686481
-0.6596173295182628
-0.5765147608115533
-0.29163070276425973
-0.17876792955497628
0.17156763293005736
1.624076685572893
-0.19224511292589136
0.5770921792301615
-0.26911903101399465
-0.25213543689412155
-0.29360310851565946
-0.31371927183805076
0.4029273614099933
0.07728856664758815
-0.11416684933460217
0.7066813857696347
-0.20972089377058448
0.06598873929716259
-0.28533110565214476
-0.4327202309528504
-0.0049237056502236505
0.006721326715689129
-0.03202671897696341
0.7045978638901305
0.11965407293802463
-0.0031324628582912128
0.04053936659028996
-0.9083254200331043
-0.025867084536521732
-0.17305478859915288
0.29806449347050057
0.38409185302019405
-0.7011104990511461
0.48915060176001696
0.06521382411999349
-0.20949729325690708
-0.13226022982238544
-0.07489286813990553
0.3180954091526112
0.0008044049186998537
0.09240613008709965
-0.16002811191747823
0.29061226635068815
-0.03519523067858841
-0.4641955464651007
-0.08769139852268977
-0.15973692543054194
-0.02252386470908702
0.16663792268403718
0.4028853719981954
0.11563337421005736
0.44819649836374115
-0.036724043155682
-0.16566765999876384
0.10325352623730773
-0.1524613592750799
-0.2903487919746763
-0.19498396354279654
-0.3502915533306768
-0.2022947451105558
-0.6195479258623238
-0.13986377872029493
-0.3001204622289684
-0.18818723633817308
-0.4726764781386046
0.11600680733158782
-0.3379346384122488
-0.28261345773960134
-0.05560208055524747
0.05314257812875231
0.0823515730124196
-0.1587979242128382
-0.23676910115759345
-0.12878003164639956
-0.07029763720511147
-0.5882852250042485
-0.13307013022639197
-0.5937627812839791
-0.11637845570927619
0.2488735754863142
0.11153518802784061
-0.3643435980160512
-0.2599042358816669
0.35734616839327465
-0.6258889500328211
-0.6887315278588092
-0.5102654761700374
-0.3057876457482922
0.32608207828904057
0.0017424030235265698
0.06673374715902211
-0.015371545669844512
-0.2933925867026412
-0.31150515974000176
-0.6027612866076635
-0.003766437232459212
-0.20474357598681173
0.10683680787560354
-0.03842825768299124
0.3505846841671981
-0.31436593638417754
-0.6728103753123726
-0.24379032055316086
-0.16098238286489597
-0.18915849469005808
0.04720543715816675
0.19688367821383593
0.10599380002080244
-0.3907217181874035
-0.7325975088756495
-0.7548892999185012
0.11946853868756332
0.030602489660162203
0.13079057266687932
-0.03568262499102983
-0.19864656448503817
-0.060815711910400805
-0.33133665199729956
-0.12125999115878079
0.18298365734844005
0.1333435066706382
0.2795556218285142
-0.1351939190902145
-0.20074736921951783
0.047912839079325094
0.40465083791989664
0.18463378007363093
-0.15508571399286794
0.415624193945778
0.08773752650675674
0.21383306818482242
0.10378107009872985
0.29400405889541603
-0.15996843105282382
-0.07166002054759997
-0.28329649214109465
0.23723524333986445
0.735246360144469
0.05079585728058967
0.340056855159315
-0.025474915409275333
0.5585581756249709
0.15295995486395228
0.1513858614768955
0.11170612455420864
0.3580607904648156
0.4108168046357968
0.38124878863356376
-0.1004026211232958
0.5144823943959719
0.419720403523872
0.02361852365234218
0.0006070893919397786
0.0059172193072596245
0.2881847354898976
0.2910222118820762
0.3885110212620846
0.733536687639512
0.43652442421614096
0.022780619407274577
0.17237524402586069
0.07098198679891544
0.43502578647264967
0.6211572414240578
0.28261495050145274
0.5497926444014504
0.5592743688367091
0.44766742437829665
0.0213460134985335
-0.17015812347009324
0.09058631933454427
0.49889143168043704
0.24724319013169793
0.28019813506708474
1.148127510953999
0.7611877932504448
0.1646707449685885
-0.19528841854265525
0.12877272892889896
0.3153591783331611
0.016617673044417733
-0.10978461875516864
0.019078324456085857
-0.15778400671553855
0.25798103324963917
-0.025676239503908578
0.3536975004627832
0.41919747487636283
-0.45563426664806217
-0.14743764862882594
0.05006831364598371
0.3233352810463284
-0.08710334208548819
0.28388076089034153
-0.15400461583744082
0.29898573535367107
-0.003567830630093575
-0.06465535810797257
-0.05988506210368631
0.24107956820565726
0.2504711318148075
0.17164902676952887
0.2792627812870734
0.25868097754256003
-0.34696938260397614
0.0705346155394215
0.22099036142548725
0.2226244880800572
0.018399163681775882
0.036721427459115524
0.24599539913735008
-0.19478816944390315
-0.0420375851901607
-0.06495765780075043
0.2896405609086479
0.12802525067060785
0.3616225304239293
0.15807912378208516
0.09555309269403549
0.058549268162771145
0.13687724338536908
0.3957372886070123
0.23908774997237184
0.13378537198397078
0.211935614396149
0.0607566087553832
0.13376845014332933
0.06351545717361486
0.45455335035435523
0.44889705445087663
0.647922489026824
0.10891977749651918
0.25824141119379135
0.2450037771780575
0.31908653146922183
0.0675231919961669
0.6547599811292727
0.6939050108379886
0.5995427150282553
0.12071449727506882
0.07424101952492142
0.16793875212811343
0.1986451086543583
0.09976660991326562
0.37519878430715725
0.763471394899761
0.6525980981539241
0.10833211321997585
0.07640132898748937
0.008921222500075253
0.025651979665869754
-0.3230941355455167
0.07545614821900148
0.27526769497590736
0.1336506444425979
0.02871309254586205
-0.14148803857496375
-0.44406893226765637
-0.2671572532738464
-0.11002385688729265
-0.07762450607027059
0.9302029197413246
-0.018257182675950574
0.11481585688503972
-0.15604029627871882
-0.15065751394116916
0.13344431144367785
0.08129904529225906
0.1695720362403159
-0.12646314742098486
-0.0958621942424536
0.2895888381473188
0.03902110843215651
-0.14021692500401217
0.07231248470088027
-0.18069701576000666
0.08975560313163936
-0.28668295689565254
-0.21494293718826055
0.42873377257919737
-0.05550535677878526
0.11593882420404429
0.16344295422453
-0.2466619033687196
-0.21878860770685626
-0.33820879377035223
0.08660639275101976
0.31277491632394194
-0.4270985609029789
0.24096960479586618
0.1335858452261265
0.042899052230995806
-0.3061921509573866
-0.2743236285617995
0.31222438719353157
-0.11535585920268741
0.009820212932397024
0.17949923407440488
0.22921236147557475
0.10035339834856344
-0.42254186908311564
-0.33055440459506547
-0.4489566586627499
-0.40348165871221414
0.40217673040117213
0.15584029993161552
0.18147061442115503
0.3966950796599595
0.11108328136901689
-0.16225214077697983
0.3239793878986578
0.6434307431731066
0.6582766924112405
0.8448257321902832
0.5434747607780324
0.8755083192644397
0.20577112820033525
0.03534745310833819
0.39523671522692977
0.2045461503793512
0.5170495325067328
0.45909532984839296
0.6538644605040858
0.6176774324718087
0.7125632005602671
0.1262911299033967
0.10228899989835334
0.7237653656871093
0.6606942913653364
0.5722590631246539
0.6342289308826105
0.8341528667444529
-0.18442696200380712
-0.059063435429114415
0.401607834982624
-0.18010255911066972
0.2764521998613391
0.05976289144750017
0.18939440577435204
0.3503223978580674
-0.12877342859484073
-0.2992296262919127
0.16683611661252942
0.1146469938895424
-0.10389448750612748
-0.24265566676005768
-0.3531243841834498
0.01993088056637722
0.1361661715110666
-0.15740436556499102
-0.03608496664279351
-0.42389184293440585
-0.36211494907340624
-0.2703707482872864
-0.5586554590642114
-0.43896962529756867
-0.6734221336510813
0.034999278018719174
-0.14527124552919274
-0.10514890474810588
-0.15044681057540976
-0.2872848487964982
-0.2989319691770648
0.24133613921892966
-0.3823577821586775
0.03508595464457121
0.370579618470917
0.05426612298115258
0.33275528489455664
-0.14243857676220398
0.2149986584909438
-0.22009984843462227
0.32571044304819113
0.18265297186220333
0.5739580917313903
0.23990316161046935
0.13228375198905012
0.10297006343123559
-0.3110698416333746
-0.1844287601349783
0.2962856443246167
0.33642456129739773
0.4429272901965226
0.15250920652230998
0.1785516672253499
0.10351820073096396
0.1150573993220951
-0.6328424094576275
-0.3488529300220675
0.12497620737962278
0.5244898882213497
0.31811199136947577
0.3828162974504124
-0.0008926902880648788
0.4060497928572379
-0.5247014800390747
-0.05761692462587033
0.03055960665292192
0.09269122324287493
0.009826224152887354
0.3974811169398792
-0.04500581260655818
-0.08906294523081516
-0.03324996193481234
-0.3180720088996284
-0.2923602322274044
-0.28439886354110194
-0.15428463602966522
-0.16429641134133524
-0.10782974854001995
0.1588110891122485
-0.15037205003026086
-0.9031683093803156
-0.4960603053647023
-0.5121994641817333
-0.38039738037540877
0.038507332595079755
0.07798823353490245
-0.36648615791114064
0.006173321822449873
-0.8030259323221867
-0.18723465457654995
-0.5035259750232597
-0.19549861609732877
-0.20846805245723934
-0.11547318954796688
0.07522453096550019
-0.19601205674917313
-0.47638712452966164
-0.6629054284710912
-0.5726239959208322
-0.03819720558747575
-0.48274883488390685
-0.1449523843619422
-0.09507663033887134
0.044487341040619695
-0.4934986907290761
-0.45050224836372665
0.14218463963411795
0.4937748183666208
0.13276700264376584
0.5195260052542171
0.2686822092278384
-0.03529293985269104
0.02579087383296185
0.4253109345884953
0.01241238700820849
0.28517841053330545
0.1601830919808719
0.17646223083572488
0.09212368328796784
0.40180587199174006
0.21201733257739913
-0.0141008980735138
0.23046053242688183
0.48813119989121956
-0.05521202030650993
0.5386108755785046
0.335269175064255
0.08041716706474948
0.4547670731410147
0.4604175601906618
0.4474271408514115
0.1635514238222668
0.5191618124258464
-0.0007484378427186964
0.08127683023414259
0.13319148188887228
0.1663396663523197
0.25061838759033106
0.5603280185183183
0.40410299079217865
0.38971237962106237
0.7136957131431657
0.08149113183516961
0.2349992846565698
0.05552805600966905
0.008107842865646283
0.22460753124692567
0.256131977653936
0.33660362877682226
0.36627054250503227
-0.04626624131102326
0.3983646512598012
-0.18514657232777565
0.05878926598903766
0.23637138640620298
-0.005682749336807318
0.1665901474260517
0.05386065632433621
0.5088118680019689
0.09290006557857072
0.15573692205592976
-0.09968702610332178
-0.2943447300325183
-0.05018432132862913
-0.037924551477771185
0.2278129505768177
0.13696881646168022
0.7350521731850469
-0.15077723649678432
-0.668122986343547
-0.19027498766170078
-0.02599067788449067
-0.03152867577084776
0.03978767149059821
0.5716193910114813
0.2502054033843494
-0.01127025849842488
0.09485878499329829
-0.2355799309543003
-0.2698737887220792
-0.002657139651182747
-0.13214871237742198
-0.011203072395533238
0.2253358323177771
0.17723534087994278
-1.1076814100079764
-0.3173695990752418
-0.7743904160361
-0.101638168528478
-0.19073065660946062
0.024933556814024715
-0.06246005711589456
0.01040566006524464
-0.04350372743328431
0.0015443775869119817
-0.44136703051385423
-0.31836546928953063
-0.047649319487130304
-0.14660704667952817
0.19427676295813517
-0.09021805293574812
-0.09188992789232606
0.010679982619400058
0.0694260542594944
0.055439285145976916
-0.3013016306074666
-0.09075439833996393
-0.046003916617222806
0.22475390229321573
-0.029961537963432035
-0.02220856848411505
-0.37402904623148575
0.324677156492478
0.22140665792578246
-0.39022536846202227
0.005554446559920129
0.2712050357519664
-0.24008317697852716
-0.05600060571288889
0.44882004183393026
0.009428844265528336
-0.13860557062887
0.10146712981400767
0.08388176107154649
-0.37913196931747795
0.04934334474322717
0.3008057258628407
0.35817377464790956
0.41692052649331
0.2310449231239595
0.22131604154917123
0.07642350350623531
-0.24629492118037608
0.23321029260220064
0.22119299935240946
-0.07646691176762187
0.2372302622917292
-0.5281386198682932
-0.24840000402003273
-0.5248910609642152
0.202079747910561
0.15051271910121405
-0.07707997888666655
0.17840155254857817
-0.13218211616160475
-0.08591498480374675
-0.0724191470069133
-0.32269737694513223
0.025391053152376202
0.025877802365282743
0.12429497968210551
-0.34473815159943966
-0.1844544849576117
-0.8822487617099273
-0.4746973715963035
-0.8301135273893315
0.3345049133689396
-0.2200014482579558
-0.2567634369837629
-0.3374652211211605
0.006214949226380793
-0.3917348016209935
0.15515399565410082
-0.050733814663965336
0.24486591213759534
0.016219098312022482
-0.43340061989530615
-0.3440737719702
-0.5201737817613863
-0.26894394472709454
-0.6280002879218087
-0.6569974516021575
-0.6986207442615597
0.06015167236847453
-0.4044015696944031
-0.022404847856598693
-0.43250996786636203
-0.3170042635320752
-0.18638340676891177
-0.36449018524148535
-0.3979095678453826
-0.4672872826337225
-0.22590033426128892
0.41780789679284414
-0.06272258486151472
-0.23184387420500258
-0.5769568718675534
-0.36944616479433906
-0.6099238465112421
0.41130017576442357
-0.021551423644217377
0.10821100734039375
-0.06991953782679076
0.2654180345424682
0.0528807743635172
-0.3346752116850845
-0.2384825818880107
-0.37461369642211034
0.1509288511726193
0.2280012480789695
0.06850100029011458
0.35538084283009197
-0.09350941653736997
0.13932233578039596
-0.13310047652966328
0.10674042518559304
0.45896077384833384
0.40942919361502483
0.16134901412089375
0.06603682233824698
-0.05888442915167982
-0.10440811512556726
-0.2902855508022977
-0.08730699816339535
0.3944841832190358
0.41170551514790477
0.19574161974768892
0.16181517601373724
0.19569424975388205
0.3606732345771385
-0.1411414133567763
0.15519954507087666
0.5712239155348953
0.5323997524409074
0.36901901296524653
0.14380578042029213
0.17886627965119978
0.47043777538390713
0.372484335479783
0.4430289667660561
0.8242267863033835
0.07201122116300925
0.16729076506680027
-0.07289922939882826
0.22998765827331868
0.4260792651625948
0.7761787427509583
0.23914831065946335
0.6609644547330171
0.26479759509583617
0.13043165587834643
-0.18449745495213002
-0.06785053583332737
0.8588323584349079
0.7038185150018894
0.35428692170344134
0.5937495423917687
-0.1568223302376305
-0.10096526191000774
-0.17310519631550858
0.0508071291224504
0.251088494408225
0.476489892039824
0.251052294027891
0.027385526560484784
-0.21201332057339295
-0.24180316822142583
-0.43387977103578673
0.47583354780910314
0.27651764341224994
0.9219318397230297
0.9493031647202578
0.8282989537019964
0.8175683285435164
0.7181088408573966
0.6349066722564811
0.5462190422568287
0.2775051300632119
0.4714220637205977
0.17322682845602722
0.2555455962011346
0.26719523981789844
0.38648278278023446
0.2320866247116046
0.08547672078075197
-0.18915752826220597
0.25917966628592637
-0.07461189060321666
0.11489296623778886
-0.4602756254382343
-0.2146663543977016
-0.6924968656827921
-0.9280003495951715
-0.6919309423124019
-0.5897596620528227
-0.5457025957514235
-0.796908816205706
-0.570166769880655
-0.3344706118422916
0.2380406966517977
-0.013571667481766681
0.031055036411994415
-0.30578262080774404
-0.7042698587626636
-0.5220345104133433
-0.31969264471493924
-0.5742471203973563
-0.14875996236848849
0.03875600972666786
0.1368453974118485
-0.50245837073049
-1.4973114042427396
-0.2361553745532745
-0.17204978066556736
-0.08125482110107084
-0.3104328717095951
-0.5117717330936341
0.21921042345367642
-0.8515317192902591
-0.06721865002968341
-0.16616747449677668
-0.4687362963386419
-0.3396750557181712
0.023796785753907552
-0.42275266520345656
-1.075013473232464
-0.5179420535236313
-0.6992216127103521
-0.36783648361305704
-0.06368421264336363
0.12937919050689528
-0.14385634541814055
-0.415821526716526
-0.6097314297096249
-0.6260368427470998
-0.5729102382947108
-0.14190743405733958
-0.26071319467763415
-0.15003377696393405
0.027861929020069332
-0.35017236526716333
-0.2901864366477826
-0.834711358812148
-0.5524331069432934
-0.2659827037554459
-0.021380948431047774
-0.06286449872012231
0.13193679016036558
-0.06847642341035486
-0.1282399869777583
-0.6253259592507397
-0.04879116234586756
0.02871639449985153
0.20094310767956894
0.639003599768451
0.07041714787153149
-0.3072266562999984
-0.10668298232649093
-0.18459532295541295
0.29408575813092425
-0.04376417695779853
0.17943951056052718
0.04867599647721315
0.154734906891097
0.2263793822339975
-0.22650577178996184
-0.18957163625792672
0.043316610712921304
0.12622076181309927
0.2596475725920965
0.36431154790586734
0.2276046014053742
-0.11916689151806147
0.4646526741494768
-0.2205983493815086
0.1354209998764718
0.4624601443474031
0.3337585392959082
0.423088028394364
0.3781241932591762
0.3027382325664232
0.356558270784956
0.041715547603512274
-0.028440323516059914
0.13843590932343194
-0.188379296204345
0.07479150586143882
0.09206833460356963
0.4120705116563918
0.16282300038921033
0.13268386182948919
0.19685600252739144
-0.1800307997964129
0.18100421232801764
-0.21260013484520313
0.039509390563687186
0.428375812174918
0.4007081866450968
0.6889173033165084
0.7367151491969818
0.2919201794479372
0.5291638179304555
0.003536716664755564
-0.14990868023078593
-0.1729747725548658
-0.01641869312304221
0.2818740050155478
0.25257611236176847
-0.06283844152794438
-0.3761320756893962
-0.39880623845140206
-0.2584263204143216
-0.21007611294251616
-0.44475496389854063
-0.6190230991859795
-1.0360875451315148
-0.22261253877884785
-0.46656143395492283
-0.40075479307224676
-0.560592190293941
-0.2981527977870092
-0.2386497984773823
-0.3513562426834882
-0.581589630679576
-0.1998555218474487
0.10700542207028924
-0.1290073417913421
0.18682761376914211
0.1963784426622772
0.3532970806947736
-0.5348516275558066
-0.2875556284468466
-0.427818841663877
0.05662881946644611
0.13647518303974865
0.13047985478064206
-0.06869724839406272
0.22098670238588874
-0.2268336103591447
-0.06052378104926862
-0.23658082416229398
0.316183002440007
0.09240133797382612
-0.15288358614115027
-0.5094857264144148
0.2704513499511214
-0.4173155491449354
-0.6808059364343481
-0.3555556994184095
0.16698464545681238
0.3862281290457093
0.07132600419728559
-0.07621567087951078
-0.2972755389871313
-0.08704573675089015
-0.6328177695119996
-0.6265939058862179
-0.23325184677444935
-0.24364838963356383
-0.164140305464159
0.1319686850761873
-0.11555516880283097
-0.3428463731594662
-0.39825145499849857
-0.921081164904042
-0.3678145717440115
-0.3018387751666637
0.34276973844204484
-0.15379069586749688
0.16609640652021
-0.49935210569353444
-0.5752574352637678
-0.4862969532669136
-0.3265028223484091
-0.12470226322331208
0.3330990874530839
0.169934385882538
0.02608133039676742
-0.026337641368018236
-0.17445742680870718
-0.2807731969282371
-0.3466562692556908
-0.2559704933145056
0.18379450656180457
-0.12324982500942279
0.1807321994847378
-0.04979091301191767
-0.32428080344941357
-0.570518471615146
-0.5360829145022803
-0.45522048608547727
0.24549441357258237
-0.013910646033185347
0.350957363755984
0.08560023802100958
-0.045498765604144065
-0.27712874316261493
0.061378807026596024
-0.263472693015732
-0.41070113102972444
-0.2475244812368686
-0.1012061512867499
0.15128768028550027
0.263959397020404
0.34483614874513774
-0.05261548068481664
0.021657992336460184
-0.12393141755207861
0.09870393940255602
-0.45932377149090686
0.054687668953386656
0.6346115692080384
0.3606274790170333
0.48862087728804393
0.5370576084432515
0.46701445672965414
0.1926221479865374
0.33642525940565243
0.2549745597397816
0.09229391633328968
0.9763317782708134
0.394661510564646
0.8034255803946287
0.6414528008034511
0.08078464564620504
0.19372129106933672
0.3365417362000036
0.2574011222214603
-0.021690209480609315
0.36069813754909325
-0.09981778292131417
-0.4298687204150961
-0.6886901758336673
-0.6753727258145616
0.14347694208448641
-0.1586442016320317
-0.022657684384381687
-0.40565476894105024
0.47288838691945645
-0.6133013871036643
-0.22876165971922474
-0.6867939650577818
0.21568764345482433
0.04606338953309603
-0.11164892129713101
-0.5484227959156082
-0.4258888669086991
-0.5707329679444415
-0.4488612101574271
-0.6817783791372384
0.4117811533113683
0.07953012974274454
-0.26778035693566044
0.059147359686063286
-0.26485186490316004
-0.061774435372114925
-0.3009660704213423
-0.533980685043009
-0.017990808121001726
0.0777168271677764
-0.26670863077470763
-0.5923092657752005
-0.10192222536394625
-0.18676642555750572
-0.05927243499379298
-0.37376808079758894
-0.725128829176401
0.015800679949611977
-0.2569106940569411
0.08511997819378678
-0.01750751919428281
0.09557214368691168
-0.03183607152393335
-0.2923673360855079
0.02466362742796036
-0.3221484681950229
0.2025133963794032
0.00407849064015593
0.34146514628801444
0.25387898313965046
0.022362737693133575
-0.22224599527874658
-0.20708647932341423
0.14367250273761076
0.2062573365376741
0.13459567847898282
-0.15975949730303834
-0.03933600909869411
-0.2150886015455367
-0.31952817527890737
-0.304927727845916
0.034396335243450496
0.4881335173272089
0.676783043917027
0.03204623600307166
0.12560400152751303
-0.18371787994459024
-0.40129639778855136
-0.25152435492532194
0.24596186874920042
0.510341224995671
0.1566431485968844
0.341184114677185
0.07996631398860365
0.008775249656040011
-0.26485398311204655
-0.1634203633167393
0.37429351273042105
0.32693817059871033
0.3511784109819325
0.1882783850637041
0.14261521062766383
-0.2239189578594258
-0.21022956169234455
-0.2690619286127852
0.05652664603585035
0.5587861841111267
0.3972112797895341
0.3731429861138597
0.36213389612379426
0.06269267786937294
-0.03271284717103254
-0.015719636669990718
0.6321285399616705
0.4186750057426874
0.265783586017358
0.2700714137614283
-0.10101541719552204
0.27909251995586015
0.10759256662260035
0.49241264016091624
0.37569551763412434
0.4220582133402774
0.024388277327705037
0.054623012251104816
0.16360056754572308
0.2628162416492646
0.2731556361208789
0.702203471907792
0.5810181829293121
0.1332762422276542
-0.05060599529766068
-0.03763986775866093
-0.2225687543422562
0.3673724531638292
0.4494549820418134
0.5263361193586146
0.5106976883279196
0.12233345498312834
0.31986387063006555
-0.33085879346863806
-0.6044420982617512
0.04839605683616329
0.3421566187840756
0.1690587332833365
0.2906013243789067
0.0027606449907005164
0.1487030588216395
0.11986522848501387
0.030506300774246885
-0.04066592649606855
-0.1215313369393601
0.10727068526126804
-0.06123821288758898
-0.08683022535966999
0.20542624182443026
0.571158958845889
0.1801769956605732
0.0587934851806342
-0.08692629200177864
0.4592653820400908
0.5160628066475035
0.06541145296169186
0.6822917392349369
0.4375363802362568
0.03895574332287793
-0.7492887685570816
-0.2664868534369285
-0.37912717451451605
-0.24339947464397094
0.3528111187248264
0.07204014745856512
-0.06473489338603367
0.4883156654284593
0.040846769431156685
-0.10025751394683279
-0.30572814551325195
-0.18021564386703015
0.19498574134794164
-0.1772028582680485
0.07777243143480835
0.05977490545128112
0.044859106429019024
-0.2354788414112427
-0.6152347839909174
-0.02747840917084193
0.01937706277981036
-0.15035614409341985
-0.13138060797566517
0.3383337935556827
-0.2308132686786416
-0.30181304790386515
-0.6546123531257334
-0.2903012863575958
0.03911471571788194
-0.3054075608537065
0.20381717877058006
0.12127721768707861
-0.20729860045529144
-0.2631736361303909
-0.4822181496028463
-1.029241075828789
-0.19034650989463778
-0.2590300227550674
0.16728594709811648
-0.14018142741247586
-0.16104819868196166
-0.11563752754848514
-0.4588158616265134
-0.19749287455197603
-0.5994760222100172
0.14900412869044075
-0.18511161996660083
-0.28890775088430487
-0.08741042526065435
-0.011741537696628727
-0.4360210161211438
-0.5901671473729138
-0.47142630935023816
-0.31202959070381
-0.14214143458795453
-0.13792322224420725
-0.4029444471762811
0.1688351405462488
-0.2397775847565203
-0.031038796676528126
-0.6481702265745136
-0.36225723939710214
0.6813978669137543
-0.31946120718154414
-0.11950634081984816
-0.11777543951558458
-0.35111150636229127
-0.032800065258052236
-0.0026075193379798676
0.025561977295987134
0.07730305711418045
0.09808932416108061
0.026048682107136237
-0.2589249369094687
-0.15768374389780268
0.1978692265984713
0.1162764661883122
0.1378213144015251
0.06550307651613393
0.35848954126497606
0.0225491359639123
0.036349702907003095
-0.09195017414041941
0.07055311767284608
0.09458482988332961
-0.20625083062489863
0.3587900881366899
0.08334524709747278
0.040766376736062135
-0.09479247710109996
-0.17711762459633346
0.3408039126586718
0.0019223510092318348
0.21987055788876306
-0.07000683819835221
0.15791289497470945
0.3265508402935089
0.07071388006903956
0.15780122222267506
-0.27356067247835264
0.2736927816030063
0.20608402457990918
-0.185064306882475
0.3391944026649824
0.5197197612292724
0.44724883354679695
0.5038753904658777
-0.20584438872542007
-0.12828102234528505
-0.06614494406156438
-0.3940604232445359
-0.28560327905943106
-0.24599288056154223
-0.3055616480833367
-0.4143725313962215
-0.17568741161944654
0.045450118158670484
-0.1250435955640546
-0.3429033785240413
-0.5441495771215092
-0.4910784358759372
-0.41895968229486097
-0.23875963978184342
-0.23008994423667944
0.03935223817606286
-0.05093906849116536
-0.897902857856913
-0.27885138397288795
-0.08982854094560061
-0.3292577750677175
-0.10564082265724144
-0.6289976319290835
-0.3461526966659377
-0.3145469081755412
-0.20995599245048566
-0.11060726307525973
-0.3514307444528642
-0.08034461455241462
0.01870805752785297
-0.08381231595043231
0.12490584100491367
-0.009199049936402992
-0.3544419262285035
0.028455264485895904
-0.11234706494728634
0.050715147609571534
0.11840627016157679
0.17002182816365077
-0.03249885417207281
-0.04553917863147925
0.05933117073667253
0.19627754734575995
0.15783903276310077
0.4131583468500354
0.5466172366993286
0.47428813211953647
0.7223207167678468
-0.3133226217870448
0.14045636078466964
0.2653433914475375
0.43756460304650624
0.4903088056029966
0.4624676066442583
0.4306708352156092
0.6938462529828355
0.2914705748189105
0.21457346914470865
0.2150474877744073
0.17741497431577044
0.26791268618545344
0.8021868612564835
0.5674649773890461
0.4624643626125085
0.059766985850716284
0.3312044543976931
0.3359944404162864
-0.20148364227818014
0.2626018899870687
1.0451618271666672
0.10834556020055802
-0.5890232796003677
-0.019967483338125435
0.021820239536896453
0.2614998084588381
-0.08248918187095328
0.1739117087084971
0.19178343299126524
0.17434564161431898
-0.9699838440271834
-0.26368165957039524
-0.19946062748767424
-0.24730300638589173
-0.08836028641978684
0.15731291754279944
0.14211258745055147
0.11484504964502454
-1.236434026198744
-0.17095516460440802
-0.03620282999002706
-0.411140171053228
-0.1268152779362448
0.34585525589862237
-0.0012428546741786268
0.17241253217659536
-0.992977560737897
0.013170879466323445
-0.23101916448192364
-0.38393268444073003
0.43713675727997503
0.42592634142337005
-0.16331814885417914
0.42200473869946203
-1.310477093979749
0.18523716874503657
-0.3169425650499314
-0.3276806626378155
0.10408671728487284
0.04885900815703437
-0.023239422806960053
-0.26249185254987206
-0.588693772318485
-0.3899035415389255
-0.8227657986128648
-0.28862545887097235
-0.3732480479379762
-0.8140823641259342
-0.08328439632309545
-0.20626061632193624
-0.2593408224048003
-0.8545157293758642
-0.6328846625431985
-0.2747581431481589
-0.4981132598227105
-0.8181044875603928
-0.21795095171989384
0.34740555775934523
-0.6545184244893266
-0.06381062378125187
0.17388721217406428
0.12467553958352308
-0.20296906364619915
-0.3009824948834704
0.16235324185411007
0.11972029804057657
0.002511373920923192
-0.15167958083432048
0.12178537837576307
-0.036320571975572064
0.0751450596888734
0.039387426658018046
0.4642925545304345
0.08394372272817191
-0.2187452810359618
0.32621917402939626
0.022581483659841337
0.15032586820982818
0.2364847454576387
0.18887590098954263
-0.14236476493170777
0.025276361218427558
0.21203480935717428
-0.031955120651278715
0.16762456211677212
-0.348845896181179
0.22649145354652872
-0.5184750689880622
0.3959577567385399
0.1579046599199089
0.1281931317359464
-0.22491519914416389
0.1747034749361209
0.17254048372583805
0.08899428229282431
-0.14834557191000297
0.4984006009506358
0.30404840202446737
0.33401541690431713
-0.2702550979807058
-0.16502421604840703
0.3609822124733338
0.27727694149601956
0.015185131832154959
0.36419941004456574
0.33060004843128604
0.3745482422491064
-0.15925356982002029
-0.3349845454264859
-0.09339566303259762
0.05500187539019833
0.17275708337212956
0.4744747539920395
0.7818811802453847
0.6217544783493464
0.06797990285663971
-0.4353974116970775
-0.24066450029672587
0.18691141679277332
0.49991305080081294
0.648213498835399
0.532050107086467
0.920808181775808
0.31477831728722555
-0.33138541567809304
-0.35353152610817096
-0.05203964178570182
0.45751635866629903
0.617773988780946
0.6109777417171489
0.1270628874045504
0.2928861740098744
-0.044616822891307174
-0.21137806701094022
0.047364191521869416
0.12149735662773227
0.32555982361791264
0.17016049469785377
0.3260189937077165
-0.044377825831331326
-0.31732896901346996
-0.6980137843255804
0.02312072007863026
-0.0003773052111193702
0.3481380808796953
0.24662063697321632
-0.31233235987499197
-0.39703947658126887
-0.043240195672041654
-0.589620592957438
-0.4060073225372793
-0.04123557113249629
0.4453050917472943
-0.026566957127987074
-0.46625843978531223
-0.13470232681056243
-0.018174591525223074
-0.22310683228744754
-0.3907222542107577
-0.09359468873772193
0.13769800193257228
0.031577834666329525
-0.9380220866657699
0.0034005841740938282
-0.04675213104009349
-0.4051283979014329
-0.610990621808313
0.09557572355751573
0.13835114288093608
-0.17539464302653573
-0.8268473251413389
0.12761451365178944
-0.06484639834725817
-0.15853144290484156
-1.0167476082672067
-0.2660240260887966
0.15476376718435095
0.21401018282089296
-0.5368174202951954
-0.4608802354534193
-0.44035604792016597
0.055810143433764905
-0.8466083813505056
-0.42929517897076147
0.11291020940835858
-0.10196254804811675
-0.17978230156670544
0.0586858835335917
0.22080313593573425
-0.14801684109424462
-0.12765832989188725
-0.3804137427723047
-0.49915096482460464
-0.2569902915571655
0.3795777492118623
0.020435732013080025
-0.035473742039431835
0.13480427035039935
-0.08293205858680766
-0.30163798841770856
-0.44603214519817813
-0.15363645547512783
-0.07081290858735774
0.22598455847407117
-0.0379812574899221
0.1706873254279985
0.19520763702501698
-0.17519083832102642
-0.3843120629377705
0.025635260846167393
0.3573595233873808
0.0024261449478694998
0.4429312974014895
-0.0727466235129867
-0.05024929591952046
-0.050200190798921934
0.0868319004281434
0.31815822833541024
0.3132924814291658
0.2916364598558268
0.1807935986370532
0.35261680047276595
0.08816310233501351
0.36512551127099985
0.025700031504796567
-0.020854915699182158
0.5246974371727311
0.10677349299650994
0.29311445765287325
0.18228777079245134
0.5922571016520873
0.256878346257604
0.37385525663821173
0.2645509017082329
0.20817718275831518
0.16482303171790638
-0.1965151518407657
-0.30745357200715706
0.02838319348708829
0.37609314240280434
0.7737670962862967
0.29992178864319724
-0.22268157985496403
-0.43860579749318707
-0.4440366324142769
-0.23290203986274724
0.04587511762037365
0.4211427357408932
1.003995255596888
0.4219889165100085
-0.5091615163893924
-0.6690051538762436
-0.3817582924359112
-0.39972272758047495
-0.10158493976503254
0.3867553065549935
1.2564699417897045
0.7642045752080319
-0.577024223313218
-0.5852956285974871
-0.5594629621971398
-0.5502899456247243
-0.23734783741412627
0.024416056963813597
0.578159479920426
0.12846260723051015
-0.3366372116124961
0.23625977834284417
-0.49572198965370784
-0.2573120719406761
-0.3707744610352529
-0.12996315490930868
0.1294718928919776
-0.3050882427387911
-0.03968830040461144
0.1744649865241136
0.035138968048280754
0.12301253491866378
-0.24269287802197592
-0.4197547705216253
-0.42655918169671697
-0.07373181177104962
-0.02174490683105603
0.023549978933439922
0.12577461249619687
0.27144026308345454
-0.1372301590265018
-0.6521972237742235
-0.4285730129822693
-0.11013641461618812
0.16027579833707203
0.4599261111317046
0.026659517462201045
0.5184536885628783
0.2890934292130209
-0.2289367178317041
-0.6393157613303084
0.38570333025954484
0.3954846089260373
-0.08251326686085043
0.04641046623290105
0.19123113548057424
0.28565639958930994
0.01588052070135295
-0.3767164440846858
0.5997722198524714
0.5198925609305054
0.6724957086018886
-0.009584819655184993
0.19575226297343482
0.1865258155053857
0.6291401229520699
-0.21903386236315006
0.07924889716999367
0.46774808719163724
0.7765512799155944
0.8503320422679607
1.0218273366269743
0.5170694980632956
0.007083848908011828
0.3986392346706143
0.3804602555945638
0.5670963687055685
0.49928232487197577
0.11601194295809869
0.3125301006330356
0.22109382470053127
0.4181704093062652
0.4173951801589697
0.14646394538468493
0.17045978488811392
0.3766106224314908
0.30887990864456316
0.4839072211961516
0.7032972603299713
0.7548982582669047
0.17602380362547457
0.3854043291188017
0.5723364278802222
0.23870210783632642
0.3261164044762766
0.08519573968664758
0.13779112486375242
0.18589311419991567
0.10526993162708996
0.15458959866440808
-0.016237256004229032
-0.04084074148796983
-0.022032787680622206
-0.10136607428397577
0.2966497530440449
0.1699991425694314
0.15240907735423223
0.009111908809561668
0.5680866251843358
-0.014957094582945817
0.0842078822446074
0.09469158687368402
0.06457722728944239
0.4405194144872485
0.20271264654268006
-0.25316281707279004
0.45146096295002613
0.12882244953173408
0.13219869239683552
0.02536527152672109
0.30199264805061876
-0.11172003510805137
0.2112030083127511
0.17911863810740483
0.38588050920003086
0.10619926316089097
0.23694652531124136
0.13112415281099302
0.24359238171725983
-0.06928004828508781
0.062347515063830065
0.13010767504046447
0.4420387328495691
-0.1088284844016316
0.036585397276491516
-0.10059472745460749
-0.1439661074427511
-0.08615426848730703
-0.398850401135961
-0.01653742405133264
0.1669373014170265
-0.08190362849350089
0.18292480798492383
0.13091155176578603
0.1162369893260469
-0.205557518351554
-0.3410522207303214
-0.052112668067826336
0.21474018868644779
-0.2746822313235818
-0.08086737197769393
-0.18308800726496427
-0.04233055283195163
-0.0627905906431401
-0.3525730588429133
-0.14681106475040887
0.05232931130817196
0.005166739303214987
0.08922334357569114
-0.19556021072816232
0.031307930554227655
-0.43891293816520577
-0.3671252806283821
0.072623160622413
-0.12093606460970956
-0.15108529772635093
0.048359858543414805
-0.0540449551616423
-0.07807562310313576
-0.8559235341498812
-0.09918613635493416
-0.20161713459927116
-0.2077409588208138
-0.19992148349480715
-0.0867100075904588
-0.2182018864383552
-0.2979975783714474
-0.44536014307494115
-0.3481081140538161
-0.325999493639583
-0.16130608864494084
0.00029786065075902446
0.035539674313290096
0.06589758212529362
-0.3113417334156776
-0.2759652943803647
-0.03766825831543595
-0.4232287829666425
-0.42540986498501526
0.12344231240808949
-0.19630752775198407
-0.2974699313076531
-0.4386980788820988
-0.7613317243059421
-0.2828593481341615
-0.1556072078224501
0.03354753609729838
0.3734073758180125
0.48771616923912475
0.48681547921532436
0.16630113561283058
0.33888693657807784
0.10226020766391643
0.2901292521848575
0.17801381330101626
0.431057187148613
0.34382478328588867
0.13345306838518353
0.37737234763291466
0.1991865449218269
0.3496546636082511
0.09494069380243342
0.1741604009871742
0.7477420731544786
0.34552998349350456
0.5746657106992638
0.05237062218541374
-0.023061734029517805
0.3587297765124703
0.48585780605424633
0.2699740341054955
0.12478593618983518
0.17358680946189134
0.3105373030632129
0.03199116839280981
0.02072815520763474
-0.05852180600154016
0.21015785676280302
0.6833482437989123
0.32772483918069645
0.08778747842915638
0.11567345799116674
-0.10565408231025976
-0.022888172735041082
0.19141953592209057
-0.17692325616699883
0.33512563816061314
0.06987642877895683
0.4302244591513742
0.24428511165476857
-0.06297889825131413
-0.21824259381994257
0.007945999450168358
0.31535688541920937
-0.04529920625548952
0.33656816890146546
-0.043559398536434604
0.2669421944140586
0.011207995483118618
-0.09512131914101295
-0.18656158388117922
-0.5322956907800565
-0.022524339534798547
-0.0784840700123818
0.31577251313092275
0.07780568358884725
-0.36270571138961927
0.3570148425031952
-0.0465244583450394
-0.12489594995804647
-0.42769902376904934
-0.11086111303775957
0.2570082031968492
-0.37300803820063977
0.47402399995792754
-0.0766498225405703
-0.6946496835180502
-0.35108028595802004
-0.15542280284169216
0.018612577756974794
-0.3284258831549674
-0.19405304713454619
0.10941272944154905
0.2543633756511331
-0.1919112932864664
-0.42826865036737505
-0.32679229840597424
-0.35918441759211855
-0.2453953674232874
0.1350622633070706
0.020392839144121967
0.22332791873972963
-0.30643797000889206
-0.4786487432602262
0.15301016189068878
-0.2994678857615657
0.14132255859032425
-0.16467776907773846
-0.008548295465863949
-0.3318818532580185
-0.18551684824009124
0.0547240206903562
-0.09868066623133644
-0.05296173741984228
-0.13838031341262985
-0.027403513298710467
-0.07005873031096081
-0.00886715994853498
-0.05551544276858659
-0.2624923947699695
-0.2599781432918667
-0.14163430867372717
-0.3720534677531801
-0.1307313460095971
0.06601595895564277
-0.033536434121560016
0.08752443687880268
-0.46634808474628897
-0.21143225912264904
0.13796741566006665
0.2322202701774404
-0.13748352735999708
-0.24025738480815614
-0.015530347903661227
0.10638991533421192
-0.22092862012709433
-0.3044747894819009
-0.12053796965721093
-0.2721641827422515
0.15483971256764295
-0.1358600558301015
0.054151601202266184
0.17965444425774119
0.11957175483311953
-0.3202469705682198
0.03592078074724225
0.4323669677509339
0.13080499163212433
0.47322213621788467
0.5074834212047384
0.30300940727122466
0.1403662723127735
0.10127975906128747
-0.2639233530996718
-0.06591791176366989
0.3389070458156636
-0.11900910505163585
0.35249862756265815
0.027971800631213437
0.15904040869793212
-0.14730834326500236
0.053688441584417414
0.4268594188592229
0.07716839389526887
0.2965158434753702
0.32167436075901473
-0.08818235678032305
0.2597268807752009
0.2371538802796686
0.1143337022655733
-0.0858849675113846
0.21276753211405797
-0.09281092324313289
-0.275784648024834
0.2737460259108298
0.13469034193889612
0.44816326022494474
-0.07700152767709276
0.10238066154413913
0.14453035131637007
0.1534066833353041
0.22621850283909056
0.30523055071954125
0.41601699746914456
0.3252733161163941
0.0376582863452725
-0.08376097686641874
-0.12242359809440621
0.24307829703514283
-0.21669181150084635
0.40110297117708116
0.31576320747509506
0.32800887088793307
-0.05905981972455169
-0.27159382072685584
-0.34395977526922433
-0.3755985530974493
-0.09705459908572207
0.23019550953954643
0.5702059790011346
0.49839162698002637
0.05420187837408223
-0.15548289682764296
-0.47246311675399927
-0.49178589513503296
-0.13978277701857206
0.015425486265359663
0.7424002478655661
0.6716135410628071
0.045231310571370156
-0.07549935577313313
-0.23338816766543813
-0.48416685311065394
-0.5478710738081812
0.2718556835074356
0.11057066602008332
0.13474660205007677
0.39403872841802456
-0.00964526327456277
0.009365229172290006
-0.33353724841657156
-0.641985017250509
-0.1826488069000096
0.4769611277371417
0.45158836073034486
0.18989891510384924
0.06336826810148541
-0.1394647155631951
-0.26350067842792874
-1.2768127246783851
0.026261948841408856
0.37311195707446065
0.040252029025341
-0.002763130130983315
-0.1563089850997925
0.10897300166651135
-0.2625361657543156
-1.333910732763346
-0.09542592445128713
0.11025206256379882
-0.08526978125217619
-0.09189897315284098
0.10759101946197659
0.04230643040620938
0.023620756188845238
-1.1983650548024452
-0.3208589165768706
-0.04903070572827484
-0.5995758840055473
0.20776194211099422
-0.29898538288801596
0.013372790407014586
-0.1325913113534626
-1.0647893981526173
0.08062212082865192
-0.267709198545639
-0.11680431013809403
0.29153417432639367
-0.02230227598421449
0.07244309587457717
-0.015304176741701599
-1.0842638447742698
-0.17221970259250172
0.06875195595768695
-0.3618882050203505
0.08941991050184436
-0.1747582068279379
0.050012575630713575
-0.30452714889498567
-0.6284608598881837
-0.6188283266917636
-0.38117227798851233
-0.04280181009404642
-0.16618598286471234
0.128612903133247
-0.0018349813374628151
0.41388170281712433
0.1474950686984392
-0.20328816076811182
-0.16598954652259082
-0.13178622589254915
0.5855515798406845
-0.11708543301750823
0.21266471541365933
-0.06379461392099209
0.2797721401933283
-0.29988849261734846
-0.0474806484383963
0.03097293845863282
0.4261285746217375
0.5820362367377562
0.11763531693925203
-0.018648256348715173
0.2740519036186449
0.2995602259065514
0.6824774250339092
0.34854802188022016
0.11682000471174442
0.03480145341015543
0.21441222634099819
-0.02073302273346143
0.30843984639644895
0.29556073686490636
-0.020930282607685292
0.5405759409680427
0.47023061505300057
0.26837719395014886
-0.03909188485762323
-0.10457208633565146
-0.26160212602783367
0.31965445973471834
0.42725522200600735
0.2259387701350633
0.17685116199522688
-0.2151476329371296
-0.24777158074155517
-0.43302609887264726
-0.4010486383686056
0.3757579589073039
0.571511233768083
0.3338881692379483
0.21082506590554603
-0.07701605801565804
-0.1175722918015254
-0.2471390066705895
-0.4557172932098393
-0.16958415598514712
0.20495705593546876
0.2221378395064688
0.29348495548063447
0.2926405677489234
0.1450627226286129
0.4130938438211183
-0.04321446618488245
-0.576014963185422
-0.05425195761253097
-0.035968226713118945
-0.029421061520204506
0.09033588158148374
0.23113991467611675
0.2908456924590605
0.4512072333706033
-0.4382819521053869
-0.8167998506574013
-0.8781200054957017
-0.2165010987063175
-0.21871290193889423
-0.1580827181815529
0.019669369632487818
0.41642391030789916
-0.1022176654540911
-2.189404688732596
-0.8086542441764892
-0.40422978151739625
-0.5495776197741744
0.20702408853416668
0.5407843423613117
0.3655027011274622
0.5730517723756143
-0.28640520719898716
-0.15572001126803062
-0.6277286195742019
0.11057874144838215
0.17133679717150602
0.13153458406380225
0.7286327347201428
0.3976996831717697
0.16072640212788492
0.2731712685273752
-0.597968725896055
-0.07283346563722436
0.05742406693614366
-0.1655841309008972
-0.14261610673516237
0.2889726536658076
-0.05504772308830238
0.2842564470035624
-0.2828674098703736
0.3642974847715214
-0.21552914221103928
-0.36592431237975576
-0.17534521625454333
-0.2615513072029022
0.14083874124242238
0.24532562484663265
0.09694689794962685
0.13198010586258602
0.19159718869965178
-0.18774081109772411
-0.18071841504734695
0.5040438390366062
0.6324346095256165
0.005889474831186072
0.26534011212654984
0.45637068579322904
0.027649272891539546
-0.008095191303204302
-0.12059681975271341
-0.5064121521686556
0.03638618213958199
-0.30282934594946276
-0.26534673698887923
-0.22484608861294628
-0.07304177973334952
0.3528460464051043
0.21695613136666245
0.07357505681424086
-0.25475498479459974
-0.15305386527257941
0.2501998727999393
0.2994725232492647
0.255357159391178
-0.09079173342546856
0.08614639748948431
0.4027295453236852
0.04042294731353397
0.2753962945945078
0.6284136618049575
0.129324625567341
0.5135531164602087
0.09689034146648842
-0.04731451133985657
-0.4936916100540045
-0.19325936471080693
0.03244501038084104
-0.03067678228664409
0.08149428895606299
0.10988585640854551
-0.08282475055128223
0.0005026152237687023
-0.3123426862767413
-0.06150498892453763
0.21843591217855857
0.28259557799895035
0.3540885789575023
0.14709624616609226
0.1288494101762582
0.31958112148708767
-0.35934157827423663
0.06657022137892511
0.19169937549109695
0.07531965949009244
0.325028335944773
0.20777676447195703
-0.09820650563017183
0.13420998755311656
-0.21266685715563488
0.028060453759127572
0.10940046492773621
0.19688083446079235
0.16548822175171482
0.30393985557169095
0.18863446770422734
0.3592384954796135
0.12228286609031452
-0.12138710663287047
0.03844474703741911
0.02631856963583109
0.20493190240346493
-0.05181529110757913
0.3306211015194159
0.009062257032377306
0.21233311332083105
0.12246035717279148
0.1336147579429462
0.07378441949127049
-0.009564304696735809
0.06279904386019042
0.13447737553806027
0.3656369627773979
0.02150344669696234
-0.1480107548259676
0.21618467577533865
0.2229034138466676
-0.07100002325472045
0.2505919860521916
0.05459941977022337
-0.07757506975268984
-0.4459216720919543
-0.7127930760756246
-0.22891218946268066
-0.16076785711431904
0.17315403616616395
0.012778350259553123
0.06023179449549467
-0.11438468367773515
-0.8799750435152972
-0.4923838310091807
-0.14796980507594368
-0.08162707582300004
0.30890947991968354
-0.04485087838564129
0.04318629412148378
-0.03772296425792701
-0.5925514147295835
-0.11074123333103023
-0.14277124827876453
-0.12534593300400615
0.07118587723055105
0.0699146922796455
0.023518472889724175
0.20132788888098577
-0.5113546301548593
-0.8051831593514029
-0.20974719350899235
0.01798909236505223
0.5103396924054209
0.2256792107830041
0.12071146038701785
0.18265732136913768
-0.4010959359765818
-0.3820922057151769
-0.07812203423709667
-0.21731409202383972
-0.11585390347238493
0.3625891256642012
0.019901442507764138
0.02967338661745896
0.5985983951867226
-0.6898686674972553
-0.8995664377511757
0.07965269702469867
-0.14444929054686226
-0.03497375781670599
0.20194025069781765
0.5270122094852656
0.37609131828333553
0.051384912585755074
0.03739736312796679
-0.5198631810037987
-1.0258121979001071
-0.24016857955408147
0.034804487428995966
0.4192774368219401
-0.5661608583715595
-0.6647108284108493
-0.37852914352283656
-0.7943180656860036
-0.2698922272367558
-0.4167032377741339
0.08672193099048436
-0.018098241566909673
-0.5622794491325555
0.4354379138230235
-0.15370124671838856
-1.135599121441065
-0.45205312579046286
-0.3818310656588772
-0.2031810437882482
0.7420061315846528
0.25644470263037517
-0.34726102389112956
-0.718867165268554
-0.17211556848655696
-0.4292422964829514
-0.19164574290439026
0.06405300938664464
-0.42693919268863745
0.4797834686313584
0.39933792615054375
-1.0485642250435998
-0.10273807539974723
-0.5021304446433267
-0.3815284107446845
0.06336161493822497
-0.05711151025029151
0.5558629027710755
0.010406802641752318
-1.0180431446169957
0.33070664465965693
-0.4042315211472806
-0.26136218043575576
0.5508599250645266
0.5390486348244163
0.9430322930794797
0.47303853640520055
-1.1777487982738721
-0.4542195605378839
-0.1740416408002872
0.1660121391291425
0.12217823979851677
0.19515732430840974
0.5196078264980115
0.5273858250566147
-0.7252831270981672
-0.2853023796192775
-0.9052054066794136
0.36467089918378703
-0.10045163622225795
0.005342164589123938
0.3091527851886446
0.6873215257168674
-0.4058990023795923
-0.24889801005788997
-0.32664938343187533
0.22553873338130404
0.3928389963546167
-0.011088882695940888
0.5970488189504817
0.46468444297919
0.009171753712548646
0.0023828011881385897
-0.3957950296462996
0.22202568941260714
0.3794375701815712
0.4714242199236724
0.4779513090667442
0.788534354752415
0.14062573933619107
0.36874975150601474
-0.1610586823827431
0.058183169134114504
-0.20410597108739065
0.1848822138775717
0.39019074257986647
0.04057933305988943
0.0211529836403594
0.17019181845139464
-0.11446783180067432
0.05089636589891296
-0.05069661150571501
0.2955649077131618
0.29770890293314123
-0.3528845811165622
0.03243355055282024
0.1721817239429452
-0.09116658532772225
-0.0019674653702892856
-0.2105080095109356
0.3512838201673832
0.17173430254431285
-0.1459330507922375
0.3200129935169158
-0.0023546418694785523
-0.29164411093560305
-0.018871050381998076
0.06912824738008105
0.1412639944807583
-0.09517165085704504
-0.06379305867468651
0.1668833888131089
-0.2836334262673487
-0.028703240399970353
0.0906741726541491
0.03695581625524599
0.25781513963174385
-0.7200244487537382
-0.0973910417078392
0.14311027798028264
-0.20039238900971856
0.44643422689283124
0.12321123562130352
0.03569096952679908
0.2594071747893052
-0.31771816114981344
-0.7869951665081715
-0.12639134136882535
-0.49333224591671454
-0.884715396136938
0.2024330476279248
0.14399532184686173
0.5508439556164966
0.2720941612155715
0.020916600975607793
-0.8144468093177949
-0.7402627802839358
-0.8945041996380428
0.10023114165073643
0.3298158772064812
0.7573147858601098
-0.03770431262889409
0.2898726268643808
0.04060797465754977
-0.8725372072728185
-0.6043743143836082
-0.45747623016313177
0.240058453248469
1.112689522792462
0.45624978252594434
0.3659539929706391
-0.507618203438012
-0.4467491186267593
-0.5239690688648541
0.279555714496419
-0.17281714116615085
0.4505615388016732
0.6556174851020924
0.5530226933645511
-0.572360527846811
0.17681413319338593
-0.7170095877238724
-0.10349084842112166
0.06343973317080928
0.3544980249306535
0.6239781574444574
0.40553299949477173
-0.2666499886405066
-0.21470571471352376
-0.23792111315390066
-0.22396863583610893
0.4569897959344406
0.4787233866265197
0.8674046062350502
0.5712825320668524
-0.1779099602792796
-0.5193076042911722
-0.5166778789898734
-0.7614207034307489
0.20466376035695927
0.36788643308725183
0.05082528055406074
0.11780431142091431
-0.12378841179078637
-0.16743675903831123
-0.44434103793385366
-0.4065307306876588
-0.3945008504558574
-0.0692750156063391
0.12059237169914322
-0.3373017360718753
-0.07713815197877825
-0.1601604062786961
-0.08122140199443607
-0.5403391213469303
-0.41351129814049004
-0.208192282761735
0.12408082499659485
-0.08926188142179481
-0.19281617230177514
-0.14074962768088986
-0.22317944553932859
0.21803902084956783
-0.4713920400056524
-0.4341922955705079
-0.1787738974888593
-0.04157172680355335
0.005080653216219523
0.017590209596785273
0.5254353595822593
0.17927609144468365
-0.16712624106420526
-0.26112148367982785
-0.11998872753777447
-0.25794837392219366
0.2416741035542707
0.21519952877766174
0.40357994605778663
0.3501402434493548
-0.39454728779286136
-0.22571989102960976
-0.11708637491751779
-0.5837183252595045
-0.11847792411859666
-0.244969668314787
0.10143373327934038
0.16451472259762817
0.15196899632121663
-0.22063261076879565
-0.2826338200020346
0.14880409777701892
0.15204194280303088
-0.260715003951146
-0.07547776263371493
0.0052045873477657234
0.34580505899688113
-0.0931179365134137
-0.3811499085611952
-0.2413155202983667
-0.2753914258785726
-0.29480341669075094
-0.03295197208011312
0.19782883158554856
-0.1478071177773468
0.30559327725531193
0.01080974065091647
-0.25439335763947307
-0.6029759455471446
-0.4647568103060013
0.37638912139745495
-0.05675252355286103
0.5218020539240207
-0.18233231719574003
-0.6583555285317463
-0.21070046405689927
-0.10808116785737186
-0.24275646330273917
-0.29080071798269785
-0.24270928456568736
-0.1839022798813981
-0.1812173112639024
-0.33429003498103904
-0.08237484983457498
-0.11656285961828432
-0.20073406437357397
-0.34385785283914116
-0.39885312111834337
-0.6345108894676571
-0.6739051620582219
-0.7496157652047295
-0.02093497931106802
-0.2499821430906518
-0.3556607124703142
-0.4829643977325212
-0.3502398994557002
0.18438560000276463
0.224415282647442
-0.29001086606394133
-0.4173129843323624
-0.504406652992047
-0.4958245953415878
-0.23770381942334867
-0.43717772679978506
-0.022979427103584086
0.201768065720629
-0.3471503402758904
-0.6260732300483147
-0.8503755465239636
-0.5046528285420916
-0.3666273897330644
-0.824393520246347
-0.07614535040329817
0.18738591776601138
0.06753006020216785
-0.2069104163849839
-1.4188874407461876
-0.6187512709192879
-0.4577618902162358
-0.9574118948679637
0.24243814424939478
0.11202801669743183
0.4215444404872608
-0.40757137721993436
-0.8657457118981685
-0.3048682493789421
-0.06051980912181114
-0.4887429148006725
-0.8269963025756017
0.7604114905046501
0.8053358764765702
0.5229172771847295
-0.1689462993409565
0.14749810025916293
0.3493483479458492
-0.009891343171062158
-0.6353292875842198
0.02107311394518289
0.8857791889620178
0.5834354467631324
0.4544452810554248
0.31947376938807465
0.4192336311465065
0.12146367320887672
-0.08916999311345752
-0.285133849818961
0.49112793183674325
0.33986355865910195
0.6108234619946603
0.43003155017304456
0.5119682706041604
0.12208464438030658
0.19493730761199313
-0.5054539332270803
0.5342451793016556
0.340447246703963
0.5517815448985217
0.34820910977775676
-0.22204701275169905
0.3375766334510854
0.2637784343065638
-0.2777813854216245
0.14405428778909507
0.31552119446592763
0.27064023621652633
-0.27143877767249597
-0.48418561541813515
-0.1119046371962504
0.28887420542636705
0.029240220385287775
0.05056125084443155
-0.32021461649415445
0.34522180314475187
-0.14459153646244635
-0.5281706926255217
0.19409710586368767
0.18885910228559732
0.5329162770847763
-0.258604745385952
0.007134878403872423
0.24560962476497192
-0.916720036357424
-0.2058705403092645
-0.37890358954918696
0.12256155618836875
-0.1986915589682054
-0.5087695429705911
-0.02487180090499742
-0.30772023548271105
-0.13699776720021944
0.031728882111098554
-0.5822606843787289
0.21888485991129314
0.12692885893392608
-0.23154338440361816
-0.13412370168782534
-0.2173752562087089
-0.5637724763027954
-0.392273260039964
-0.447296471758036
-0.3279907416262225
-0.005362416722627977
-0.12033901731999924
-0.021531525405253774
-0.3281960273251107
-0.26839561591254757
-0.49102502371507795
-0.2977676262127046
0.05107885953858118
-0.1937627550501628
0.49240050416119285
-0.3431696937216816
-0.06063344097370216
-0.5604042463906315
0.1760575304101677
-0.32966376275408227
0.26542517386944836
0.019336607483728084
-0.051850236667165886
0.12423421172483315
-0.24949838365035962
-0.349961618974151
0.056537919471565876
0.24088358640041976
0.17401127928840546
0.10714698554230781
0.18957623280293487
0.4076883438514545
0.05273487464559557
0.17607403295615395
-0.3005996244932918
-0.26225583421234555
0.17320356100876666
0.1873831885500166
-0.17013344109667664
0.06240662520965936
0.000329767485865333
-0.06937099456136522
0.17549604986260786
-0.12389017875315197
0.41437315582881973
-0.04248515967037286
0.5249743815530168
-0.1303445696379406
0.2791478927079214
0.08414877540481049
-0.12794485276538495
0.036367519429212104
-0.3914252619553976
-0.2779320864693011
-0.09561196830484746
0.0451831557427253
0.06127330034415735
0.4384724343080698
0.35076042341451846
0.171203729647826
0.01989128306070895
-0.6715850861905742
-0.8894578829181549
-0.3291826456531561
0.35383758952675526
0.37461107300407476
0.5395889819116867
-0.014829426458863837
-0.15966316282859397
-0.12141991432913984
-1.1089629375464867
-0.9331182212795001
0.31853365656259613
0.23331555435252205
0.4361901569242507
0.026558102021862148
0.1211898945102665
0.1851945522582124
-0.6718716269028175
-0.4388492627256712
0.32148031969000423
0.12733555267474475
0.33686705349146806
0.3500679577990815
0.30380303723724944
0.03636955143944664
0.08676325873855356
0.049362447495125895
-0.07770826291522692
-0.053232731447820175
-0.03400775264392487
0.17455435118977558
0.3648527271110092
0.29157281562095283
0.4346419583094997
0.2669637961389252
-0.09172663058409114
-0.2556860865159231
-0.7322039417018866
-0.15215681960990698
0.34530073955349355
0.1306476483417376
0.12217360916217046
0.37678915903138327
-0.0007037249343289937
-0.6498942614378233
0.2602794266362738
-0.4005064558516758
-0.026112755913011584
0.38682313422124487
-0.11366051159293453
0.2924785044363851
-0.47818161863239117
0.20997056281952048
0.21092920717688707
-0.21370830768851426
-0.4169214103692392
-0.030903691934755582
0.2857613773721673
-0.254297491768136
-0.17256963875800335
0.07288781068067263
-0.0017762315786413454
-0.0015242087174534642
-0.4453422515462973
0.0643036058980609
0.1907472231134893
-0.056860813735650335
0.058997684639627415
-0.02257538515952714
-0.20906420726818076
-0.2599184180118838
-0.6200059415046798
-0.7079963151983718
-0.34613814626347644
0.31972019756798986
-0.17513354400572823
-0.25173668265786286
-0.31574602255308065
0.03264594424524915
0.23875472200996842
0.2873463436503663
0.48364013098772574
0.35050956275091466
0.21056202302993635
0.17759651242993899
-0.11606327449849864
-0.026707244188050414
0.2433134039225634
0.5723366564981218
0.4788124003796163
0.05472583548520224
0.23334968845450632
0.1667912729325184
0.04862485109667959
0.42242147455043566
0.4022645589952689
0.5483239647852428
0.35839272148114787
0.4714008721130181
0.2520486077728977
0.4242205509478402
0.4664383600945787
0.2480808020056165
-0.09841658096765055
0.16832572479182772
0.5835380005317229
0.1416977560281825
0.33282878465279864
0.3826543250263478
0.46553486109545783
0.5194069434070095
0.3102744489365138
0.3190130777160639
0.07573702875550442
0.13419518998799637
0.59967455752273
0.10012236222820385
0.4762557506026001
0.5365679989829507
0.07584300187424593
-0.32554207722713246
-0.11292499973713958
0.05050326981027036
0.024134355662170058
0.03934747871337336
0.16931824701494871
0.14915636585237307
0.6821030041332914
0.6163535851060054
-0.35380893461225726
-0.7590266605167825
-0.1357373668940703
0.11268658856118587
0.20994559627497783
0.26363984718282063
0.00969262021214966
0.3633611102484941
-0.45548058841066624
-0.865572215765187
-0.5360074534076388
-0.39044799622053145
-0.12167209253900482
0.06966320451649419
0.40008114527916144
-0.05139675982000847
-0.32509834058701903
-0.5699300029549766
-0.10779681879024162
-0.3393658801772356
0.22675406493836514
-0.4076596098849024
-0.08852243662676594
0.3669869762230986
0.0457535639142311
-0.6049284097199866
0.2420251251651622
-0.22591876237639152
-0.39716044881332485
0.3477890185415622
-0.027123559299230632
0.266054808521817
-0.23675807795554513
-0.02620932852947626
0.1469685003986744
-0.32426447250959095
-0.12843336727286264
-0.44538851652413813
-0.05431818842729065
-0.10532221679715412
-0.06611988639853424
-0.3409643151213895
0.2953360926937783
-0.048507539143932264
-0.17146973784595812
0.18816923895263593
-0.27195042263480634
-0.22244581337711922
0.2930023643376364
0.041763803553194985
0.11143312151231172
-0.17371889088398523
0.2963698209417892
0.06263741192497818
-0.2172782441744016
-0.09656210210789483
0.0335680418241414
-0.03878245117034495
-0.3017137064138495
0.030130026331315157
0.3379022557376484
-0.022769272927175635
0.07672411777611955
0.21003107476949895
0.11741427988791929
-0.20565590786289814
0.2683342623743789
0.5034488503485466
0.2871273537758736
-0.1801404110132809
0.14801624981485056
-0.08621197676232795
-0.0982318863322886
-0.08615208116831852
-0.27806990436658774
-0.4735287356039164
-0.09228482879212185
-0.6706526709553705
-0.8181767310793839
-0.7240996798625131
-0.07316047961388537
0.27724687457991554
-0.09482583477921992
-0.10841500917599411
-0.20858842382360843
0.12564359727554253
-0.08221358239662029
-0.21798230021985293
-0.013272974054839475
-0.14249105501078796
0.38027401928705457
-0.20288674815001867
0.4299930016962981
0.29683593675391945
-0.0835493910942394
-0.26343601153043295
-0.08166750204925062
0.15774357364738933
-0.1552099267978901
0.3813160983881625
-0.047213238467472975
0.037590345147035825
0.1754887821680175
-0.4101027599108195
0.08752355452921101
0.30484429473093555
0.3767650748042732
0.0596196726886204
0.055471638493370855
-0.02452627168044922
-0.10495693474155851
-0.3042290203272365
-0.02578877531560637
0.07889599733545628
0.03745651636897511
0.13635214278141464
0.12552315899070293
0.0693469722320799
0.4167439117894002
0.09071773386687117
-0.24308395535571264
-0.4923004463741934
-0.43895934630542827
0.06546444755273309
0.36592296512650796
0.42643020964746225
0.33118107668638636
0.01259022412765183
-0.2908367777748459
-0.17241070444519585
0.05240648703592872
0.35223088866982266
0.24667141803693474
0.1622783316643753
0.3628330248765227
-0.1744108860260833
-0.4517937991209493
-0.3463900842690162
0.05442842005316914
0.23923473701129852
0.13340601409071687
0.24003080376300512
-0.4035011269862868
0.28112037364082354
-0.5003979554933649
-0.5105636106371516
0.20604744828121555
-0.07743294409162667
0.090933672608552
-0.06744580136927626
0.1304092463536707
0.2920772392897853
-0.06656732290116835
-0.26146954416433754
0.48956501526405266
0.05504681787552291
0.44095216533458675
-0.16021666682796393
0.15759536362114798
0.3254785099544428
-0.36013121120522384
-0.044604805838414
0.3107372371187322
0.11615464466202834
0.13806317904868493
-0.029175830306134118
0.3396671546808877
0.1242163020039176
0.2020519012093418
-0.03455742811955309
0.16731990560762677
-0.39160510805602455
0.08487640277334295
0.2582457867978723
-0.10189684001895279
0.40560731155264373
0.20107754188531474
-0.40543975008434147
-0.04722275221215355
0.228141993579535
0.2024122385469472
-0.1329214788566739
0.39595758207042153
-0.1617523979148213
0.26909251007748014
0.08162457341436133
-0.004209875830347578
-0.08959921611116226
0.11463388421757227
-0.11433260667769544
-0.05315135342055729
0.047108721326563005
-0.029386608952906637
-0.07651272120886898
0.2697365959997988
-0.11100285361649966
-0.09945732645667067
-0.12832459602346205
-0.16013820050515473
-0.18998544925337912
0.3164529572067016
-2.559279808668083
-1.9441520845751543
1.7573242694780427
-2.0620211285893917
-1.4533742321210497
-1.5991746189209357
-2.5530528980968925
0.8285350609797333
2.48823459388135
-0.4393203197319872
0.6100762792955573
1.8328556409322139
0.601580076207716
-0.6505583417240592
-0.5259668250431307
0.3856604654388699
-0.7926112938060432
2.041931185889694
-1.8554887300210836
0.7161552091249516
-0.035891908767898495
-0.9306270853220402
0.9178384625034504
-1.1081019403997556
-2.0452610332147914
0.48729821467409146
2.9746310562249856
1.877713665150309
-0.6705283879261241
-0.9692056589471765
-1.7297579941091121
-0.48894647808404845
-1.2027452946575292
-0.6783007039978474
-0.31721131771541633
-0.0833919659369822
-0.7489603704924678
-0.2496879200244905
1.9722905847665688
-1.1068746268497462
1.3703998561296247
-0.6315278689710121
-0.16579268485762425
2.435106043780435
-0.815744710376247
-0.5840476068267608
-0.9321332220522494
-0.23725055023779942
-0.3998806365330465
-0.36394625207045406
-0.8904186799348245
-0.6137658618653699
2.5982885091052
-0.8523043984826983
2.2857726521961728
-0.8216720640912845
1.8100108197553895
-0.593907792830553
-1.3007582563157143
-0.5207013487025934
4.859994296902896
-0.13470083889653525
-0.5498196022722391
3.652794478166231
-0.8683566546689753
2.433357367298764
-1.2456479607439361
-1.033755820730475
-0.25320573645531746
-0.8074809682358329
-0.7396588844221277
-0.695780070247736
-0.8526487459957974
-0.2099838705418613
-0.4394904870060575
-0.3090523685794778
-0.7526574230391663
-0.5486399946265896
1.6491011888311553
-0.6753845393856561
-0.6258463567371624
1.5282105270159418
2.2294747987198393
-0.5358100429485547
-1.1615993524551547
-0.4856079313103123
3.524699662865328
-0.1054082381392699
-0.49396450874443393
-0.34059539700907276
-0.6919516134323749
2.7202949857995615
-1.137253286944256
-0.6519586429695563
-0.20133459784134808
-0.5883581667648708
-0.7580414565979483
-0.6406698219960356
-0.6950602457959424
-0.20818238056124647
-0.2963607757332834
-0.3347995031195163
-0.9654734131685049
-0.6459684298416936
-2.588960465249449
-2.0568636906362463
0.464385614410459
-0.28166460721299647
-1.6254934882510996
0.4563354045117212
-1.1933598615925056
0.025349092294079906
1.270312630530987
2.2233847552500214
1.0511434329575673
3.0170216997281334
0.15673567834015706
0.3395955867527227
-2.590825395790435
-0.19305243443176953
-0.9321281987311603
0.1408040561312923
-0.5695815594396856
1.3955383217863562
-0.4398497740184487
2.615523336615709
-1.5008018176598843
-1.4361835768923346
-2.2941780235507165
0.21436010735157668
1.6948075782879535
-0.5746859886321579
-0.46125710906771683
-0.7113836734592522
-1.4653293926723965
2.488840038979664
-1.3106826703596934
-0.5774352123507385
4.15058280831507
-0.07039330328821118
-0.44956325429213534
-0.259162707414715
1.6503380351308312
-0.9262532222592497
-0.9135188302331354
-0.7949711254899381
-0.20979729303229736
-0.6041032821102585
1.7053024232871816
2.1650769530047747
2.4074477943462873
-0.190817956063849
-0.33918262413612094
-0.33809577837433946
-0.9714453001411473
-0.5287408186475197
-1.0912459587905674
-0.5603341281897467
-0.640706131934375
1.3596643634028782
-1.5535342030327965
-0.5983859992625128
1.1687455056291924
-0.6572130004784691
2.800278751386271
-0.124835129427006
-0.5135573242650466
-0.4279777178155225
-0.668252199036102
3.9644994118104426
1.540344340082056
-0.7448649165434064
-0.26295611969395466
-0.5992770044916265
-1.06051190881265
-0.7041233398353857
2.4273696434621543
-0.2401181732112751
-0.3482125815086172
-0.39330502283978974
-1.0487555091028378
-0.7743418818566543
-1.2855522890571143
-0.8184128119014739
2.254866189849353
-0.88673164499245
-1.6614431133279979
-0.5884367295767329
0.8957750766290652
-0.549277342975063
-0.3521518222624119
-0.06867826521234932
-0.6187088534599842
-0.3232330428042882
-0.8822616749807077
-1.184845548376236
-1.2405691355160169
2.6824792326116436
-0.20211417358014383
-0.8497529204226946
2.0199224834601237
1.9190172098463614
-0.7879739286010142
-0.25027320930363606
-0.4317214295040648
-0.40170346713530786
-1.1040513117682058
-0.6798065041933438
-1.160930822946395
1.5518863374230425
2.0968368534343944
2.0486342552101724
-1.7062709884716216
2.886047586176893
0.8377972219472973
2.1368117151992876
3.1053251894230947
-0.08497591474658257
2.9015526599125225
4.828164985882318
0.9371948739577787
2.6673843548202374
1.2089678592581317
-1.002908968232523
-0.34065854462745077
3.5579405176403287
-0.8961616988010642
3.8106708670548906
2.3519932005864645
3.1632564016329168
-0.5346288749761823
3.156493747667736
-1.28764124560405
2.7541472226068864
-0.2689463687781022
-0.2395569244119204
-0.12673331057762474
-0.3013865913845375
2.008666457175631
-0.14688644327169487
-0.3509234422012563
-0.09522127300411325
-0.05167405107637194
-0.013287037112994652
-0.13761873772363584
-0.044709432722729904
-0.1783461232784327
-0.32183623086824487
3.0472434541036444
-0.2549619835653352
-0.03156363174282949
-0.140834625140982
-0.16251553380470374
-0.17259857810809853
-0.16975248915611102
-0.04729686249285877
-0.08763435998053075
-0.10993301742336502
-0.22450131495649311
-0.18763091298557705
1.1530616668048024
-0.9025950879127839
2.5251051115556025
-1.0630141529619812
0.3926145231718885
-0.5995898526478062
-1.3732528937424466
-0.6339532980280909
-0.41768585397098784
-0.08438254598867276
-0.7476159784421874
-0.31045329083871054
-1.0443386161149713
-1.279711839942291
1.0804976145316694
-0.9339447808380384
-0.2424133528972794
2.108661072552771
-0.9644516456854428
-0.7820298617335097
-0.9407244869460546
-0.30718431911000144
-0.5301698328887464
-0.48873448394056834
-1.0493015829997556
-0.7608946861046635
3.6496888954228015
3.369799327408151
2.9010075670391022
-0.868869607217565
0.6268431451599313
-0.5360809071696478
0.9006203494707753
-0.4834477753665557
4.245752475587274
-0.12494234115931804
-0.6286971779723458
4.199152758554911
-0.5662365507394516
-0.8497533083828032
1.8953648210153025
1.9754243769315512
-0.22968639734076327
-0.5353825289006344
2.0502208525375343
-0.7023723638173472
3.5567001288894056
-0.21852797764042062
2.875909853107402
-0.3058538379635074
1.9875690151805199
2.463622518565233
-1.6622274954623506
-0.9549348771817893
-0.9963716665169704
-1.1490052465738942
0.19829404644580187
-0.757895224182467
-1.5637538229594306
-0.8383541993867146
-0.5885893222907053
-0.1110624480629071
-0.9172178996837875
-0.6394641623680501
0.8424520929985045
-1.6202945492360301
1.8651982144573755
-1.2431772058448085
-0.43513434030207104
1.9885654040806044
-1.076444260941193
-1.0422259632086794
1.2925347323750547
-0.45615139264663895
-0.9375206270556775
-0.6898320543793243
0.9551341659913947
-0.8861510474906011
1.1223421492570083
-1.7250601402785657
-1.647772562749916
-2.001847482861057
0.2612765783579309
-1.3728443089620295
-2.3531505223927756
-1.4875437197330779
4.063441146300013
-0.4658368162698459
0.5407114152867468
1.5022794226092373
-1.8819138406404925
-0.02874341114342486
1.4448870355858539
-2.0505330186749817
-0.7047578412741708
0.6392545523909052
-1.8427771224296454
-1.5747321135148251
1.5999545364554757
-0.7905621620797428
-1.2824468930258321
-1.2080643682996688
-1.9764191894662948
-1.4797137766311397
-2.2059463692486165
0.5534540430565061
1.9163629696352495
0.38600383237346686
-1.0993227732615611
1.476650570115363
-0.4686429494904674
0.8377027016895886
2.639137393657094
-0.37019968652679286
-1.3790807142571049
2.512521158409999
-1.8116487412245637
0.5030639474577872
-0.39378069235432794
0.4332791611733785
-0.815016387366774
2.0899627091736894
-1.756855433221244
-1.5066141696853756
-1.749177950362749
-0.8453887311465379
1.4389662696106094
-0.888042281407899
-1.9269140650811887
-1.1904336696817606
0.7858370678467577
-0.8785884300586181
-0.8177398859845286
-1.2099042509775684
-2.1009448833940834
-1.0189140592806216
-1.6369214868058433
-0.902448721373238
-0.5398581285948336
-0.14714205292718086
-0.8527972291494238
-0.4489688973928277
2.79040448534258
-1.5139895200816054
0.7251522925146147
0.9555539086236347
-0.4239970628384644
-0.9790247649710409
-1.254987579497788
-0.948065598571279
-1.089657570908308
-0.36989498505104745
-0.625556654380529
2.4352818490375343
-1.5157650780608904
-0.9666119107295195
-0.7071026949571759
-0.45414420500170377
-0.38343088268387754
-0.7084990956094211
0.7326791394282177
-0.43717664133012435
-0.926608708773719
-0.37168692329087255
-0.20106068537996333
-0.03977229994823721
-0.3866389318441508
-0.18439951622431985
-0.520764384684774
2.1680346248540143
-0.7118626699471797
-0.48343455037542454
-0.15893699812169054
-0.5054431760765581
2.3457523102962905
-0.5947070220663521
-0.49233071940164425
-0.15089919312765412
-0.24419585198668992
-0.2425145781077113
-0.7639464752628073
-0.4850344109889985
2.0279336235871703
1.7161026215964972
-0.8029556200855852
-1.2116905410006529
1.60130497665746
-0.8469678387922156
0.5203165856429526
-0.7234751116204314
-0.44411923171577006
-0.14228219416598442
-0.7953006177921357
-0.43137797088927304
-1.1990789834652738
-1.3803954838913546
2.3225519785598596
2.18702668154181
-0.43587001512704315
1.7551977781739763
-1.2652861311063688
1.5741822864222523
1.9395688415659864
-0.3716461122525874
-0.572617924334504
-0.5593143109178048
-1.1714432034228968
-0.7847399240147175
-0.8967143476481753
-0.4777859795631183
-0.4837142370676169
-0.7212887565170889
2.0609502799559882
-0.41407405510951534
-0.9897678300505217
-0.4628655638656548
4.658867024809648
-0.0734346586367241
-0.5244881255460297
-0.2621975902821053
-0.6612302401622716
3.1460513461225035
-0.9728886971572303
-0.49928405724493036
-0.16836758660541246
-0.5390040849901973
2.3266625024912946
-0.5501534101114774
3.5245931509255444
-0.18470827002683485
-0.3443030819092727
-0.3310087743734792
-0.6786942796063609
-0.41554524709885277
3.2714444290836235
-0.7014241632919673
3.31193727307949
-0.7341565798750932
1.3847222820653233
-0.5975697629224184
-1.2659160921798678
2.4191049541531218
3.534017466773707
-0.09654326885472038
-0.5411773132276232
-0.29572139995648544
-0.7085988917450028
3.1408036940566726
-0.9933139611629557
-0.8118331346757949
-0.18783527692951205
2.1601111814121747
2.3660438627136338
1.5110088245295006
-0.6714902797428376
-0.21290916097240647
-0.4012690106262144
-0.38667426188180387
-0.8199261788025731
-0.6808900394246713
-2.093906986942538
0.8343885029607021
-1.520705414143523
0.14733539432945755
-2.8168759515586324
1.1268750364830362
-2.483897869975668
-1.1111359099583487
-0.8135812330929892
2.9289181921534517
-1.1663478835448153
-0.6913371552004609
-1.6657869438701003
0.4612294513275098
1.2124323761780078
-1.6086527930911265
3.615901371833324
-1.3724665622730179
-1.7882945838005544
-1.4371329557119736
-1.736537883859953
1.937021734278327
-1.1069776079324185
-0.8186538884827997
-1.679029864942151
-1.1518625335538555
-0.8539014266977727
-0.47607391783165437
-0.40543170084944075
-0.6624840088795126
1.1522927028844816
-0.329030969786881
-1.0028190750122246
-0.2874300551866716
3.723135929482535
-0.08951240568516147
-0.3268958382772337
-0.13949933562767014
-0.5510411491952479
1.8721058701354565
2.002894478094979
-0.5557007312840989
-0.16250017948451395
-0.3705191773720382
-0.6376914935455148
-0.4966062204696305
2.0348331794008274
4.123790314512664
-0.2843574254812193
-0.2731274727388663
-0.5228516552689263
-0.33690187422940554
-1.0082575467313546
-0.5404839690562349
-0.4970793718440577
-0.4993832164930641
-1.562673218176898
-0.44465317797227427
-0.9730655318975447
-0.32515888662792175
-0.19414805305681454
-0.0334146743743227
-0.41418852651462784
-0.18037319580227373
-0.8542893777044278
1.8059147456459335
2.362182134410973
-0.5471350975761125
-0.145745257638904
-0.5483941369409627
-0.5922919711126218
-0.4612140198770073
-0.7123279536473883
-0.16892452333658706
-0.48629291033621846
-0.24102438370533913
-0.5577149331760834
-0.3851473815550617
2.5976515366123727
-0.2625552019233211
-0.3200223688599922
-0.40261194413829265
2.3487100392370714
-0.215143089129122
-0.7706376094729656
-0.22233903866135762
-0.1489378367740618
-0.0196936623818231
-0.27735419353093693
-0.13037469865311024
-0.3831058358401761
-0.5262951820944544
-0.5314975965649237
-0.42321467670962326
-0.08520876936797356
-0.329618787566575
-0.4349265607545325
-0.37732949998182985
-0.2716587318867598
-0.06920439885326808
-0.17540119526795173
-0.19269711344852794
-0.45179441185674374
-0.33497982044455726
-0.9732299212749912
-0.46140589820604905
-0.5636950815116344
-0.7883783232574795
-1.4775990487930313
-0.5058396088033381
-1.0653343205729955
2.700628862735495
-0.2866192405263063
-0.08094284062811764
-0.3854742311258976
5.565091647182175
-0.6867441393448459
-1.180467251724411
-0.9434325677988217
-0.5062069046679455
-0.18254417448941315
-0.4723718372101488
-0.9035459426811959
2.410519907594943
-0.5801434130009249
-0.21362328282687898
-0.3169523742006061
-0.3667745933075338
-1.0704461189905468
-0.7162960393145588
-0.9458595514402405
-0.500275171270228
-0.4514053361867128
-0.594829858165893
-1.2968388273545526
-0.3650974272902433
-0.9635808922844942
-0.4155736408082055
5.190089966589635
-0.05129371202607106
-0.42129218299989535
-0.2447015959736664
-0.6467265162811527
-0.8350166514647903
-0.8536043192006711
-0.5370870393947509
-0.1359861454275738
-0.4689176526263221
-0.6516457547153621
-0.5596371035970967
3.237074931342715
-0.16562598231558054
-0.3778566816136147
-0.34216975880850475
-0.6705882822711465
3.9303961189829897
