-0.182190134114
-0.22303117399
0.000979104048836
0.0174663600793
0.025387666493
-0.158838055018
-0.0432125809927
-0.0858439138675
-0.160333590662
0.0222984374019
0.142882240198
0.102113069757
0.0542493754368
0.0922699116862
0.117199373294
-0.00317004886116
-0.294142082086
0.0139390466262
-0.0122484220761
0.106449862441
0.140144124407
0.0906364754624
0.0422729882543
0.103940896817
-0.315688784452
-0.0117781205702
0.109159283954
0.180833633696
0.227018968566
0.171109360029
0.0709055389746
-0.0724475501156
-0.51747363247
0.167944502213
0.112164892481
0.210413157344
0.266185697365
-0.0238210630955
0.0484154143218
-0.0365125414065
-0.422138253984
0.161702384613
0.170555727258
0.198086449765
0.122015727618
0.00291100564267
0.0365243126905
-0.0955165051413
-0.216863709996
-0.0387297775892
0.164626943283
0.113671964281
0.0209872278908
0.0795610124593
0.118666431502
-0.0529718725442
0.255689009614
-0.229250499673
-0.117844576832
-0.0602761662658
0.183871962086
0.316396346772
0.342901713046
0.0793219956135
0.614609201415
-0.219804162051
-0.154691942543
0.215219531769
0.423308253743
0.497979296782
0.552505065008
-0.0114387195309
0.625862808955
0.0260668271845
0.0481961939821
0.0888760894279
0.37484850141
0.5966846314
0.400401307187
0.176314274409
0.28253341326
0.0387222281339
-0.16884134368
-0.171312127124
0.152288240904
0.198093649197
0.216135911955
0.536005982296
0.109709682595
-0.028305468327
-0.151834461073
-0.222145669117
-0.0584842706668
-0.0675396504391
0.15310182667
0.446840614714
-0.0396901565242
-0.235401258786
-0.0799285008531
-0.284593063159
-0.199542720599
-0.247336681785
0.133459862225
0.396630659542
0.211401038072
-0.0328749395945
-0.0403019984567
-0.31958579412
-0.314841755426
-0.318662514293
0.00761692963758
0.302412339005
0.107216409547
-0.0833726958153
-0.0927536084197
-0.214028362256
-0.427225136526
-0.301495175052
-0.284357646306
0.0639603804799
-0.0825130661363
-0.0613729015076
-0.225028088788
-0.344771317183
-0.373096901856
-0.307377920989
-0.169582285619
0.0284058302938
0.132931531451
0.0587876251897
-0.176081363346
-0.325304328179
-0.344819852936
-0.500818884156
-0.357505600279
-0.221985021092
0.0803132222514
-0.010231993279
-0.215128710368
-0.142680377171
-0.227827069551
-0.285703733472
-0.281204426862
-0.21702704123
0.0749705140606
-0.0660099984151
-0.171329417268
-0.180536638777
-0.147057573947
-0.202788445436
-0.326530890342
-0.209441938996
0.13338231618
-0.0744819024848
-0.214214990048
-0.166603457744
-0.243864304773
-0.234810678945
-0.229726629202
-0.260145846685
0.0154752630883
-0.133769092751
-0.161011027764
-0.111282392029
-0.255795707929
-0.387058943659
-0.312480478553
-0.381513691854
-0.0231225825089
-0.189464936436
-0.215379668756
-0.189092646687
-0.291322834215
-0.173533303678
-0.280383320644
-0.489516571159
-0.183040592566
-0.11120360986
-0.0293968375115
-0.0867581905855
-0.120358197608
-0.136336810689
-0.220879663295
-0.518503400436
-0.114648179378
0.00557090975087
0.0306822126405
0.00827920141208
-0.172326703774
-0.0145928111127
-0.075189379568
-0.216295615135
-0.211155669575
0.0404677815724
0.0405864926763
0.0699283466532
-0.0522901542591
0.014110372248
0.0849468084241
0.2482130551
-0.200411641975
0.0981826295114
0.192182799328
0.140877151562
0.0860569515659
0.0527980553672
0.0717545215941
0.513482583171
-0.08651123746
0.177748985005
0.303299531347
0.141290569505
-0.108103670148
-0.00262075532412
0.251417044287
0.648143345193
-0.0779494599844
0.222211404783
0.288580118287
0.266658152413
0.0692804663755
0.163395015206
0.468779724821
0.603614678238
0.0399960989949
0.265906329921
0.294404630055
0.29976647996
0.111065688905
0.270214929941
0.359267848299
0.375831285113
0.165309337589
0.290581397403
0.392855273773
0.138903718931
0.210229106335
0.251724296959
0.322847581413
0.254117141522
0.262533217233
0.297316685324
0.313812078281
0.247157803915
0.362847698355
0.241077279047
0.274138938445
-0.0244105874577
0.266228085601
0.502919299537
0.45678522801
0.537685702373
0.459144031184
0.23312603051
0.0515692013073
-0.236089567954
-0.186771952077
-0.167547712543
-0.161940005404
-0.0355331094479
0.0749383828581
0.0840786132671
0.150276583031
-0.0439029436772
-0.237011862285
-0.0864487045297
-0.0260413542979
0.0223373937199
0.0373042910807
0.121837198617
0.0608478437131
-0.0411507642913
-0.338479668353
-0.239390930673
0.0255670801491
0.0957978847151
0.0969811441947
0.174489676953
0.0509777424865
0.0275082585076
-0.351269911321
-0.0767976145836
0.096845422429
0.0278162048859
0.154499968738
0.00212948712878
-0.0634412551698
0.0028186599378
-0.310819307162
-0.0655672893939
0.131138782343
0.267809674275
0.131145283742
0.0383264082064
-0.0662533199652
0.0580870667111
-0.204452563963
0.0992564123078
0.218610033479
0.280136801301
0.0300368223118
-0.105235186218
-0.219993200358
-0.113399429413
0.165140412791
0.00246351457125
0.00890575550545
-0.318176993436
-0.418426936996
-0.332202756062
-0.3012619286
-0.568888754575
0.660578033454
-0.00402117605294
-0.530692457989
-0.769724003145
-0.483911236993
-0.438927661554
-0.303258711774
-0.790516410035
1.03009957673
-0.13286418051
-0.79609817776
-0.707203320381
-0.688542991373
-0.559228408595
-0.421695008842
-0.425104718658
1.25263579842
0.353437785704
-0.279064439503
-0.511556182683
-0.484197575263
-0.371823682431
-0.0720686770794
-0.149157856543
0.564440070418
0.160767940103
0.114759192788
0.0609525980427
0.0721811100316
-0.0207916679455
0.0298989324201
0.0422276722469
0.160295596951
0.0324311174123
0.116717163552
0.132112854178
0.126614293449
0.0473152291285
-0.0366195386358
-0.0824934926132
-0.113302856199
0.0969075442426
0.180703658007
0.137579850189
0.112498254975
0.209640512682
-0.0308216397448
-0.0880376936848
-0.183593179533
0.00167761928696
0.111787406739
0.244623987998
0.146084785485
0.140656741772
0.0172657490196
0.0441902571701
-0.198209709084
0.0576806753269
0.0707654460691
0.201965296581
0.167371599913
0.134374043398
0.102022083751
-0.075069966544
-0.19553759723
-0.0979537928328
0.0556346684613
0.209367125836
0.272278834243
0.363698294238
0.306821760603
-0.00842301126451
-0.16505282132
-0.218262954531
-0.404802744489
-0.352081092236
-0.22790791849
-0.101928606624
-0.255030834106
-0.155916341071
-0.142219105776
-0.205450608516
-0.151444350169
-0.151281818318
-0.199904949777
-0.0558291033232
-0.257507588145
-0.130260213737
-0.0931684538939
-0.160514987973
-0.0590933813571
-0.00488291189543
-0.0770792947093
-0.184113093798
-0.223931163371
-0.226221955784
-0.329843159029
-0.262503701056
-0.261919235565
-0.122313429755
-0.0699959681436
-0.077740815812
-0.10113427857
-0.2327537373
-0.421171595823
-0.372744870987
-0.364155293697
-0.231234198242
-0.138165037177
-0.0293872719613
-0.088515488388
-0.160278715761
-0.561645530528
-0.298132510948
-0.267405623009
-0.193163876785
-0.102749881845
0.100943337564
0.170540437774
0.0128440006597
-0.615495208196
-0.360555970683
-0.325560213397
-0.108321370386
0.0541476119534
0.0371034792285
0.241452264374
0.116471591246
-0.623801083324
-0.266520645125
-0.282353996495
-0.0101168907443
0.0779022514413
0.203944155823
0.0398951206554
0.18191611983
-0.364426534046
-0.0484442613606
0.0428844135379
0.0238600480234
0.12382313431
0.294062977154
-0.0440232158938
0.198029551252
-0.0255468307024
0.0974002362336
0.0369315128834
0.0357156333752
0.227989995091
0.193063870922
0.217665141624
0.139152663977
0.221082621536
0.0638484447069
-0.0294404848583
0.0283087689037
0.400061469949
0.320701251172
0.311072538641
0.0495754026994
0.415460650063
0.268939270126
0.163642218745
0.140450159834
0.336685786097
0.466383091408
0.246995699008
0.0564396752039
0.428918465089
0.369977852474
0.161091668927
0.160823544445
0.147286773446
0.292459990054
0.30661298294
0.282012001062
0.418386872366
0.336112264583
0.19521949493
0.0864535355204
0.247102188898
0.42254515934
0.273437631507
0.289284891943
0.257777707863
0.392352759341
0.213295238658
0.200923594591
0.186193609935
0.169235526802
0.323043624733
0.286575270367
0.129077788832
0.330153841474
0.495620952012
0.470678145903
0.221887242659
-0.0136888676428
0.131981654843
0.302976664981
-0.233745242716
-0.235872983369
-0.144412572911
0.0164110651317
-0.0601831849241
0.0134227827441
0.134776011216
0.0630478786331
-0.290045881676
-0.105335832106
-0.0841008873076
0.155238416768
0.0724432772261
-0.0483644698701
-0.042241792196
0.0190766851684
-0.26674730288
0.0576256990242
-0.0111419841118
0.0807390425384
0.0972071305225
0.0310189270035
0.115215047029
0.0980733659312
-0.227846769073
0.117143221808
0.167802541227
0.102027721285
0.113200152397
0.154613018838
-0.0349654835817
0.177919378031
-0.213675245702
0.234729348753
0.135546888762
0.238170852367
0.222006858864
0.0912635988054
0.0841893253079
0.311779902354
0.219560651347
0.302310995493
0.285497560302
0.141743071997
0.0811692002984
0.0654734010605
0.087584084057
0.22986585163
0.397113974193
0.467008535023
0.276079005172
0.228881416437
0.179506142608
0.115376108604
0.102113117388
0.181985731456
0.728704312563
0.480886099687
0.291005269075
0.0595084231
0.182114838976
0.176065695535
0.154196314574
-0.391779684714
0.834295856054
0.521028060256
0.274275804129
-0.0124581071819
0.0208009441585
-0.105081070758
-0.448315571537
-0.751419339335
0.597226754772
0.271933428403
0.106402690157
-0.272861612921
-0.421647352742
-0.594689108081
-0.570580597381
-0.368350328328
0.316953144983
0.151330848818
0.123840617879
-0.0175989999162
-0.0432442361537
-0.172133297965
-0.136253849836
-0.128389067346
-0.216711069119
-0.0974018186849
0.0504810866552
0.180535863738
0.0770812693205
-0.0102112766119
-0.0705825428986
-0.176564625834
-0.250069308889
0.00316075649977
-0.00877264628328
0.0968378943905
0.114700423393
0.106811021839
-0.07157186249
-0.064431030939
-0.392373872135
-0.00369202828418
-0.0498686387753
0.0904838006941
0.264120899705
0.142641925239
0.100520625722
-0.0170417561811
-0.260868154868
0.0215111125028
0.106059695305
0.0902062764731
-0.0336945873161
0.233912521546
0.120710072943
0.0266149598284
-0.224792490209
-0.232721911696
-0.107263097907
0.142623047189
0.210934540333
0.228511366965
0.202322176053
0.308675988654
-0.0926914230059
0.0536457917004
0.146885526097
0.312309408298
0.632255127652
0.693520389923
0.578725907047
0.351834532187
0.0187508748185
0.0729338611097
0.217851880821
0.138576942505
0.298382007705
0.464139254734
0.595769632995
0.640372726349
0.0196190174826
-0.0137855398103
0.0915167438351
0.229740383453
0.254879185123
0.293729574937
0.51309644962
0.447731835554
-0.0021342542918
-0.046809451834
0.0705019940887
0.25406028349
0.167744617363
0.181913208041
0.318902302686
0.377160284071
-0.133271023445
-0.0836774242281
0.0955207539332
0.11733403145
-0.00278167770235
-0.253783220056
-0.0857170167864
0.115206090385
-0.0526136082952
0.0651254927506
0.0126768358506
-0.121023587417
-0.229958644915
-0.556925272325
-0.363510170396
-0.121490812164
-0.152927201721
0.000253355499215
0.058351609847
-0.0229288685412
-0.216858667329
-0.428113820723
-0.359275496251
-0.302423839995
-0.0371768805374
0.214164844087
0.253472535919
0.298443639858
0.0996834692387
0.0177300941117
-0.204829038717
-0.213779458814
0.263121427052
0.42677938099
0.288437424844
0.19797135152
0.124429777161
0.067186201447
-0.01688513188
-0.195568900451
0.0847765029457
0.28528310869
0.166323221358
0.283388318946
0.221386750389
0.0366697073761
-0.304648077282
-0.39405645139
-0.0861762982504
0.165945445607
0.272956798055
0.171914958517
0.204157916465
0.0373343866761
-0.208739009475
-0.343405127976
-0.137974629263
-0.0372633326116
0.0880452932997
0.151671229286
0.024820846535
-0.158842937859
-0.239650169571
-0.283998850364
-0.416971224969
-0.245044336715
-0.214965547325
0.0812549481174
0.145949949007
-0.148860106763
-0.334728116954
-0.27602682426
-0.299068876878
-0.335733718129
-0.260412737329
0.0685719008027
0.0267187170267
-0.187978757061
-0.245871053975
-0.248680136385
-0.283184376271
-0.228862950136
-0.291455938828
-0.0969525122407
-0.107432969262
-0.06416181713
-0.129660805618
-0.200912932891
-0.339963189917
-0.346786532978
-0.263611506237
-0.281859831031
-0.206949241502
-0.248340041718
-0.155587926954
-0.148340773787
-0.18426105654
-0.0839081792752
0.137957390558
0.241392192869
0.339201896199
0.150536921147
0.125375643526
0.0803663368974
0.0589632688384
0.242039313565
0.277363838864
0.170180359929
0.0957123886609
0.0570016184799
0.112172001489
0.252607182101
0.0851575741471
0.256864893289
0.313899185606
0.214213992161
0.18981887041
0.182187915039
0.109148937439
0.107381532599
0.29755954337
0.210545141552
0.349671365383
0.394756389769
0.199874399578
0.186226893959
0.101835366654
0.0554394089374
0.150074727895
0.21702871384
0.288759494689
0.283783429748
0.39852808875
0.417140547504
0.0826774219138
0.0715308696047
-0.130174446738
0.0950857542077
0.176998712222
0.12923995705
0.261389799052
0.405827036875
0.410178088057
0.120963257204
-0.178352599356
0.0690764107498
-0.102600152238
-0.0200507093533
0.0679984672179
0.198025274045
0.347192111035
0.205329257226
-0.543778088066
-0.29604168826
-0.198135817283
-0.0919636975504
-0.106704100511
-0.0102911333621
0.169321724441
0.142889908534
-0.502708516287
-0.494020818316
-0.0466204482324
-0.318757806219
-0.0881390682331
0.205204318131
0.214727633079
0.217934701438
-0.365878264578
-0.430683373186
-0.18163682639
-0.0521152218549
0.0234250490511
0.240911785851
0.223549851952
0.277194674463
-0.0479273218306
-0.257268703998
-0.266092340317
-0.256058510362
-0.0592831112823
-0.0231139278146
0.17615349642
0.247005435197
0.0321264938759
-0.0481918143538
-0.257023800305
-0.10693940595
-0.164784955096
0.0418404662005
0.111442196163
0.179167330378
0.048452363208
0.0392674586886
-0.0251031786296
0.077235997211
-0.0239256532875
-0.0533066121514
-0.0908717140342
0.159108703
0.0764808532018
0.0122392152076
-0.0325474719775
0.0368201605571
0.0781193623094
-0.114506322284
0.08664425479
0.122464347153
0.0305532235611
0.150115531255
0.0759177724727
0.127475440249
0.0572912486239
-0.126013207024
-0.0296809333868
-0.0503450904306
-0.0242734459658
0.0789184876051
0.171937045808
0.317705765654
0.167797612603
-0.0708983293854
-0.0187466431813
-0.0740986135871
0.119737117185
0.129834980489
-0.0161971212996
0.0420442298141
-0.0993212972822
-0.216255797425
-0.168934495989
0.0213121033507
0.132643447449
0.0498620874462
-0.0479413321015
-0.0592874252244
-0.193264875271
-0.0934725729741
-0.227081104075
-0.112471457904
0.208650752321
0.0640647065353
-0.181170279462
-0.0729085053247
-0.258446897995
-0.166496261146
-0.162500190702
-0.0751768892645
0.242808798217
-0.17044676805
-0.169594206205
-0.181942550422
-0.236784375096
-0.186691521661
-0.264082832924
-0.151940870948
0.174399911607
-0.0803530045477
-0.2122961613
-0.32787385377
-0.371328307865
-0.411183858957
-0.348339035653
-0.281349478261
-0.0630117886696
-0.0526794863054
-0.172427183503
-0.266170415513
-0.330682082527
-0.37444449457
-0.32449756161
-0.355705576124
-0.0913851440317
-0.0880379767513
-0.0867799746107
-0.112101262292
-0.336107615533
-0.339346947793
-0.209635422344
-0.315635886304
0.059762149189
0.00877517058153
0.0198310736744
0.0172268277118
-0.0214862386124
-0.0566510199244
0.00500095882815
-0.181425424811
-0.0514139603257
0.0370463926008
0.129117589004
0.120739148049
0.00699515764661
-0.0148202466923
0.23317421548
0.0155206417905
-0.106133025496
0.103575292371
0.347929327602
0.123709063804
0.0731902527557
0.0398720499829
0.1848648298
0.149111880047
-0.108586094211
0.219890598183
0.390926687823
0.178181260586
0.205714024505
0.199196617827
0.335330560797
0.237143355516
0.00497130031053
0.449504493139
0.398634297678
0.261698297641
0.138681565451
0.112873587893
0.332562293772
0.358617275849
0.14048703517
0.397510705306
0.306042778264
0.184870340362
-0.0123128314695
0.0487500945124
0.339331792729
0.400131347135
0.293222270722
0.37762087565
0.301331758169
0.049118514613
-0.291797292348
0.0653937683411
0.345136458008
0.38464410022
0.239862148906
0.282538802412
0.252282811156
-0.127326519533
-0.436020637858
0.137948634038
0.312241877228
0.344767654049
0.138119696122
0.262735731431
0.0101717240092
-0.54855921778
-0.606785135678
0.199678396623
0.435617312721
0.456149641706
0.348320182156
0.799362679463
0.919983965859
0.577278973618
0.537969362509
0.601940525316
0.37742405077
0.202931201872
0.0855148173377
-0.0649127267079
0.198131332144
0.16311517424
0.326095430505
0.104076631787
0.0175968593746
-0.144144298082
-0.225542485047
-0.363666337455
-0.344142036401
-0.331451345571
-0.000396595291576
-0.183148110366
-0.227495584634
-0.207417969056
-0.392881377517
-0.554712323832
-0.664073319473
-0.70327712138
-0.55739927685
-0.542554668505
-0.402254224132
-0.244947921641
-0.450370903008
-0.614360669383
-0.612915885547
-0.43140730101
-0.430983759123
-0.358740333414
-0.191304307477
-0.0799411874042
-0.635202277129
-0.725123635126
-0.325658741376
-0.0376916645393
-0.107049057371
-0.270156694972
-0.283293291879
-0.274641831924
-0.284743621958
-0.248793428511
-0.137567844866
-0.0601578001128
-0.0343199526275
-0.11759477036
-0.432518030888
-0.339789687973
-0.16299330573
-0.129584907132
-0.126333792175
0.0827037331522
0.269834432841
-0.136882079166
-0.381601769217
-0.301004394171
-0.243172561756
-0.299385981311
0.00102002018794
0.242601573033
0.160292893819
-0.119535473562
-0.240077285286
-0.0892936425173
-0.242279462999
-0.225155761096
0.0783213140994
0.185512131722
0.330795968209
0.133036041925
-0.148589759561
-0.141096377503
-0.0999899967746
0.0492891312739
0.205254006339
0.36288499654
0.360748887921
0.0546193542249
-0.263946116642
-0.219766789446
-0.00181719457067
0.158832316116
0.192841639506
0.442396734343
0.38661217589
0.248962190869
-0.13334650242
-0.140240814676
0.012331274304
0.150277381289
0.357053753709
0.521789306252
0.451173709401
0.297548676262
0.206636352249
-0.06052588761
0.0103859113318
0.201722396475
0.3339735649
0.407490146428
0.465103635955
0.305152173114
0.0411813942655
0.0731715352348
0.0527048353032
0.045060703913
0.202473084457
0.387033971373
0.50136274126
0.355295913447
0.208541585761
0.218089468511
0.214371940641
0.0190313282713
0.217880905439
0.135707203626
0.467140473352
0.297576637297
0.208490250497
0.247988151241
-0.0111839758164
-0.00241210450723
0.0468254142546
0.0885535766912
-0.0337763964774
-0.027310256153
-0.0254882016778
0.0313805952389
-0.0640081173733
-0.13165224275
-0.161543990937
-0.191981073112
-0.166533413494
-0.106423842197
-0.0743411219858
-0.0585263257941
-0.153908988669
-0.210879864316
-0.178948273421
-0.192998874699
-0.16765779887
-0.206898505005
-0.126060056815
-0.0829605902765
-0.143679240135
-0.16617011103
-0.167782765883
-0.102532181054
-0.118480753039
-0.0210430229801
0.00900068699692
-0.0940230796651
-0.171130710753
-0.157889060226
-0.156692680599
-0.0216164942932
0.0171582419123
0.0614746253222
-0.0525047143267
-0.151040637172
-0.191986210859
-0.190300534276
-0.148844299645
-0.0496289560709
0.0567229138571
0.0265228462709
-0.0447099218845
-0.0559887217094
-0.2465649571
-0.233850093703
-0.198560154
-0.0172516051238
0.0646477752574
0.0914799775348
0.00277444707132
-0.0221929689066
-0.262229625513
-0.227958246411
-0.242017114863
-0.121103557246
0.0487022301278
0.0979360081645
0.0449672881259
-0.0296201908524
-0.2501007832
-0.251392918259
-0.283736550502
-0.183582404214
0.0305548127942
0.137270969765
0.129368081402
-0.00841770860986
-0.26138196086
-0.223650824381
-0.254420864929
-0.171814632144
-0.0543740602413
0.138494646741
0.164155525235
0.0610281536259
-0.120849894701
-0.145288141784
-0.1961393342
-0.214297640564
-0.114231483152
0.117153709133
0.0789114832636
0.0933218603902
-0.0239246724137
-0.102980466843
-0.182623864742
-0.187179477731
-0.112635620176
0.177311244195
0.170330386393
0.182388140435
-0.0124171391772
0.00837580906494
-0.0149271210513
-0.151596572213
-0.0263443346081
0.159957778396
0.189583185177
0.169733871651
0.0477586585439
0.111923058885
0.095770011556
-0.0360338143809
-0.0556135342351
0.0581281343011
0.182898361338
0.179505590266
0.0142429648572
0.127341648932
0.277623620826
0.292015869994
0.294500210391
0.203945817045
0.325723463856
0.15218960819
-0.0151420790245
0.0658267250904
0.367425683708
0.588133676016
0.617378965511
0.396675069023
0.245093623843
-0.0199874434783
0.104551315005
0.0560991158454
0.0503248414271
-0.0687464151263
-0.224994621215
-0.388216167239
-0.329140906804
-0.309784578414
0.0805060253688
0.0120539790524
-0.0712387199574
-0.10718627401
-0.208078542288
-0.342909926575
-0.237994305609
-0.214315868321
0.277383852709
-0.011010745679
-0.133640719283
-0.196740222495
-0.334899503602
-0.296018987886
-0.139962811378
-0.275892661215
0.217945396689
-0.0177713138842
-0.170237365836
-0.256200870778
-0.237228197704
-0.0812977736453
-0.223490208838
-0.40315592077
0.255659526213
-0.04788237359
-0.31506723645
-0.234087676513
-0.0884766337575
-0.140188216231
-0.304656157785
-0.468333559742
0.04799575516
-0.0548926656194
-0.0827554913555
-0.113232137648
-0.173159760775
-0.117377097003
-0.0725989752367
-0.167869529068
0.0153889831781
0.0804561656614
0.148270421827
0.102967729212
0.0251961562255
0.0498852885064
-0.0137665950479
-0.190307904162
-0.0239991685856
0.194603209403
0.238501023417
-0.0152803745954
-0.167899499997
-0.0867138628572
-0.0260448867169
-0.169909003149
-0.0678641471471
0.339071783391
0.42138576123
0.0204224934573
0.0117702721305
-0.0420565043068
-0.156106544198
-0.406765571526
0.101415897216
0.433396577355
0.347269137413
0.174483921396
0.0381820857921
-0.0996045780256
-0.213518309682
-0.469621771081
0.171183229791
0.334537314606
0.329814831956
0.275436570784
0.176762550862
0.0307103397354
-0.239855502736
-0.410249446804
0.0595478747297
0.386196854097
0.368746808905
0.301785128736
0.24116381353
0.0878408524439
-0.0754182554653
-0.297436466935
0.345588178383
0.235718891021
0.204299667559
0.18126948415
0.1589264544
0.0926436697318
0.0703375952411
0.0962110478074
0.324501499058
0.31737758526
0.107834462661
0.0128343808642
0.227251323768
0.221325482593
0.0908492781865
0.199572752563
0.469008458811
0.129018346103
0.00347251491625
0.0053063547127
0.0364351710348
0.131359339139
0.188186759456
0.246138441723
0.27869927212
0.343431795086
-0.056597508391
-0.237708413661
-0.306171487847
-0.0442549949533
0.0235195779412
0.136609597417
0.302212292641
0.229519352438
0.385788869613
0.0454695216406
-0.0724483389055
-0.0243557414309
-0.204221670184
-0.0755632960696
0.0536028633268
0.0561901318336
0.074226669111
0.189723588555
0.211332673039
0.0584334432983
-0.0379193485959
-0.0811348174953
0.0112122712364
-0.0123300904566
0.184081409398
0.226112636701
0.266241855002
-0.0573153510797
-0.100414077705
-0.149801053829
-0.0518690163535
-0.0859589300947
0.172314542551
0.382207973044
0.241703533468
-0.0973123762691
-0.112090735297
-0.227835242633
-0.0773065363399
-0.0898096248183
0.0317092960988
0.167654695578
0.144268202872
-0.0863375856296
-0.105298264396
-0.422075883836
-0.0758505589125
-0.112282966519
0.0112519750635
0.307830897206
0.315674633506
-0.14586516096
-0.282698518594
-0.472026033424
-0.347147207094
-0.213616453661
-0.0397026590793
0.164417817426
0.32776366664
-0.282991888466
-0.437953310525
-0.429806247959
-0.227651709169
-0.0721310183265
-0.147320871578
0.203122510737
0.302217869699
-0.515252418138
-0.47076377543
-0.343240747744
-0.105848966645
-0.195115524841
-0.189489902685
0.320933104027
0.153445263887
-0.527344633992
-0.485559188316
-0.346150743196
-0.0161629512708
-0.330333957351
-0.173199687632
0.2053222457
0.124096150661
-0.371393646296
-0.429971997534
-0.176019912926
-0.0327658331387
-0.386746593179
-0.210457537403
0.215071833881
0.115383353328
-0.341582407894
-0.379668619563
-0.174981656442
0.210258269214
0.00506995487174
0.0920339625018
0.30497874262
0.116880930778
-0.139318827752
-0.300203678184
-0.102810341176
0.222456058763
0.145218463894
0.17048169374
0.359568840352
0.289647847055
0.0344567823118
-0.187471596341
-0.305408870116
0.229640872167
-0.00808550113189
0.00956790129138
0.226753996322
0.260571281507
-0.0134331045062
-0.201193281829
-0.212098881805
0.259621962039
0.0011846636712
0.308385430654
0.213734185213
0.297469787803
0.247527960327
-0.0316284836979
-0.0547902512188
0.172256168159
0.250739717681
0.292661582454
0.109724306876
0.481607260483
0.472519559587
0.266079816686
0.0473258804824
-0.0658689541254
-0.0923951382028
-0.102379914638
-0.131179328855
-0.173156458256
-0.150745022929
-0.135195015328
-0.0920209786018
-0.0911568169768
-0.120877820548
-0.12058706805
-0.133871878383
-0.174557703249
-0.19520647059
-0.179827627256
-0.134447695372
-0.146865284807
-0.0329182890213
-0.083227416698
-0.179820965498
-0.171558546988
-0.210469800287
-0.147829133689
-0.0604303045858
-0.0452672239276
-0.101021359541
-0.0928239888161
-0.171798244578
-0.186607824736
-0.147551840941
0.0673126537341
-0.00919737246689
0.074700605924
0.125715860446
0.150244820615
-0.182508323601
-0.124531746922
0.0108316587531
0.129159274604
0.0123130900631
0.152694511318
0.200984396651
0.187513175674
-0.00940372778443
0.077754265006
0.0960651504897
0.372768489168
0.10071837655
0.428625369562
0.241523482724
0.344678525193
0.176006949791
0.237813131719
0.424699100673
0.376280051404
0.281574949165
0.162197252052
0.247456728223
0.362191130263
0.322089837829
0.410706178928
0.338788850422
0.462560158255
0.522011368683
0.149988839554
0.231732086813
-0.0878694798128
0.372571792798
0.461415046862
0.0700141905865
0.18174166518
0.475312086957
0.286323854906
-0.178654335352
-0.579934404199
0.00932078491176
0.15653454244
-0.4232556564
-0.380406012748
0.267514737245
0.222426655747
-0.425284116023
-0.672946982864
-0.212267466
-0.212299173607
-0.530158877832
-0.342054930562
0.0445543870523
0.227105658632
-0.45719450159
-0.591095330837
-0.370999340037
-0.353758041372
-0.402085770213
-0.356511725289
0.0272978967628
-0.00307642225908
-0.30973504018
-0.436023629733
-0.378515060495
-0.316349029928
-0.238892669111
-0.238727318726
-0.134131748516
-0.10182578731
-0.234357169237
-0.304179488087
-0.272913031277
-0.242129828068
-0.169188588426
-0.167167233705
-0.106122654154
-0.1187455919
-0.172786433343
-0.185795426008
-0.196042026083
-0.162852152665
-0.173807796608
-0.120864393542
-0.147943704727
-0.0622859980075
-0.110585884252
-0.139602858881
-0.155706097014
-0.167628187796
-0.114419127946
-0.0998309669517
-0.0820937652416
0.00597096725722
-0.0503458368207
-0.0835254735573
-0.0738172272109
-0.135133523136
-0.123624072903
-0.27901246438
-0.151469194733
-0.0449497891971
0.0283742823071
-0.0747798209268
-0.0890234307826
0.0212446193013
-0.0777700209679
-0.115242169982
-0.014725771429
0.118765353106
-0.0471728653166
0.113461485094
-0.0432919065096
0.0826942531905
-0.00497818320681
-0.201596063572
-0.0610776191978
-0.0141570196417
0.112305969573
0.092378639606
0.0379114973891
0.00813964353638
0.0574812549871
-0.134577992163
0.185305215205
0.151967659081
0.0427569689254
0.0327209435362
0.100838916037
0.137939074437
0.0744174044084
-0.0169314350069
0.147983560259
0.373282338406
0.105265852842
0.0594881894632
0.0122131427985
0.0582872085939
0.222461798296
0.0565071163791
0.206449026051
0.422829678859
0.18738913251
0.167677582258
-0.0787486338113
-0.0745884946163
0.098891538176
0.149353255743
0.333583858346
0.33326052438
0.515686902956
0.172253057847
-0.0223076985595
-0.566425314548
-0.117057711086
0.437078788058
0.610688041833
0.240135475716
0.611725439766
0.301738137636
-0.104286967037
-0.614188875179
-0.113864062937
0.49795614419
0.362415095735
0.233723074567
0.312930291057
0.115923582317
-0.127385694145
-0.69572962588
0.0726459647173
0.342691590942
0.458596996087
0.271582521816
0.131234007824
-0.084504708464
-0.485167890874
-0.734118618299
-0.0486254920907
0.101071564056
0.567355810201
0.289257527431
-0.093064237165
-0.263358004594
-0.835160555033
-0.814307416588
-0.158854406101
0.0100248037515
0.391957544655
0.188160461471
-0.184697669714
-0.286031145143
-0.744590093733
-0.569400918156
-0.333973133322
0.0205741073761
0.209365977202
0.134991736436
-0.194790659581
-0.419560971066
-0.835906267237
-0.51113162256
-0.311934465755
-0.106010972688
0.216316227276
-0.0361121951252
-0.183355470294
-0.428732017289
-0.688810757939
-0.602941913694
-0.341099626899
-0.0733148814737
0.0157461150522
0.0285106584121
-0.143683418643
-0.389915742036
-0.565332440647
-0.521915626462
-0.364476930547
-0.0930186959891
2.80858425183e-05
-0.036068501996
0.0228797273516
-0.0749833319628
0.107529886105
0.0755164849496
-0.0658129212074
-0.0812930736868
-0.174294271341
-0.18586637599
0.0229154943409
0.176199263509
0.159781466781
0.102293260431
-0.0501373710669
-0.0485171160951
-0.246915911648
-0.0738776794901
0.0336724746469
0.11760906673
0.239866690152
0.109894960546
0.106798270206
-0.083263165171
-0.254546233438
-0.0224208783185
0.212426853881
0.126662971759
0.269941538615
0.188136021363
0.0637287904896
0.0512485224651
-0.255106400745
-0.0784351373806
0.117962647696
0.260757542191
0.210335685044
0.214286384918
0.160222227298
0.0227712618329
-0.00890285195658
-0.148752525462
0.00659929273257
0.144748914592
0.267193909941
0.255683107178
0.290834118702
0.110540816386
0.310118957269
-0.0584349508052
0.0963759478605
0.0333002286874
-0.0883039005995
-0.224367027562
-0.00113067931429
0.222993688593
0.576555309481
0.329777610065
-0.0567855596058
-0.282123308363
-0.532153302447
-0.575115541294
-0.218957541666
0.106005968472
0.903353497311
0.418847916383
-0.158739206514
-0.375561868672
-0.751354687315
-0.609537170262
-0.544142013105
0.0537714611609
1.01536215079
0.433560304509
-0.0649269056161
-0.366376674719
-0.466405371206
-0.402544094616
-0.059086620386
0.109096006833
0.407345523646
0.299137035656
0.132642629451
-0.0206930275269
0.000810451026131
-0.0526861839178
0.063898172672
0.0203780895725
0.0590053564096
0.113340217933
-0.0295803401784
0.0495742915172
0.063911187196
-0.0208517132364
0.134826968832
0.100758865584
-0.250224766027
0.0932400888114
-0.0217240365934
0.0493515715182
0.141151264152
0.058682456131
0.0861961757835
0.0392139430657
-0.305059598844
-0.122594936526
0.0980131761758
0.057260015378
0.155987971283
0.154218028793
0.089691348419
0.00169308631195
-0.347378109084
0.0367307772388
0.133137774632
0.134540684552
0.0784335104593
0.118900980763
0.161351431286
-0.00643736091952
-0.2116012601
-0.00855701257293
0.238540540568
0.218108951107
0.20754338906
0.223712791575
0.0240609464405
-0.0582674372245
-0.183733113348
0.0622778365678
0.274205718413
0.524523325553
0.653144398986
0.734510543272
0.67353480012
0.245924354682
-0.122314779096
0.165098575669
0.24951329192
0.367598709969
0.300724644652
0.272303402704
0.360267539684
0.325977579853
0.118184078989
0.333006403674
0.24958496236
0.313655155549
0.265753861772
0.146269973226
0.392677481981
0.378591929884
0.211710021624
0.30804902173
0.386024465883
0.35218146623
0.266538684728
0.0893034297502
0.146397493448
0.349967149779
0.435043588918
0.113329582313
0.106903521385
0.297024079665
0.0824430854645
-0.0889194388502
0.227435112805
0.320006022308
0.45436888753
-0.0186040457599
0.17030307758
0.229635003734
0.116694141743
0.0414046466073
0.208674299602
0.288992217194
0.495590888894
-0.120889663497
0.0683058025547
0.231167001078
0.240632048695
0.0301911416283
0.20148656367
0.166695245839
0.288311338707
-0.116753965965
0.162978572452
0.341782673862
0.0999052192157
0.0306447288139
0.0604736175671
0.0506441127789
-0.0118654337561
-0.089030951503
0.11488424536
0.119511479702
0.0428727505442
-0.0576268394498
-0.158928601427
-0.230370595193
-0.264881566168
-0.205407050241
0.153962024141
-0.0263841828317
-0.0188831483135
-0.152158717788
-0.252745835234
-0.410574509249
-0.452752893643
-0.163808757766
-0.00877100437221
-0.0451540164726
-0.0663661287693
-0.227254597305
-0.35677394229
-0.503919835075
-0.481977253303
-0.156526392454
-0.0850321960863
-0.0697076942983
-0.183823537493
-0.213344240138
-0.379983880566
-0.443908415014
-0.44519834726
-0.11275457434
-0.0652544289197
-0.157021023675
-0.140478612143
-0.127830870481
-0.347710368522
-0.345266001466
-0.408067606916
-0.138670573982
-0.160355328458
-0.0944038095342
-0.148634252785
-0.214937381266
-0.417755883551
-0.327287373766
-0.318190105171
0.0207195687867
-0.205215624476
-0.10603652788
-0.142439564337
-0.213115633835
-0.186405599763
-0.342820209522
-0.219710042915
-0.00854527996453
-0.229028905504
-0.164409297563
-0.278939059893
-0.331211157314
-0.355974269157
-0.463693255702
-0.220614044098
-0.022635913159
-0.0121331736596
0.286876557971
0.280663821168
0.260768852788
0.216540207826
0.145923044525
0.0166837593077
0.0830471966577
0.196711454919
0.331873550387
0.227413701878
0.244270161986
0.168945240187
0.25998845047
0.024936646386
0.219504173722
0.342151596303
0.247142427492
0.239748882041
0.212015911985
0.139536588262
0.207562276356
-0.0439555297645
0.270949141343
0.325938661
0.258437031964
0.214324436812
0.220299189521
0.190736193011
0.0417469058957
-0.100760943164
0.152522393549
0.301169755802
0.174716656985
0.152458358761
0.252336608694
0.0596345023066
-0.0623407272344
-0.187521569693
0.123159590857
0.21586762155
0.055399520796
0.259610468343
0.172966511792
0.0201928409676
-0.0710397444994
-0.0911618318154
-0.0666541979606
0.00105758362867
-0.0121004890966
0.158406443409
0.148566014916
-0.0547864322279
-0.0994287274646
-0.0208957793549
-0.28404102819
-0.116721575285
-0.0584924426759
-0.0111524211408
0.094017450497
-0.1243362451
-0.0491766288771
0.0955654122998
-0.325046815987
-0.164139527411
-0.188101356137
-0.058266605169
-0.120107805131
0.047571237449
0.092951037903
0.0745927479051
-0.301994303314
-0.242212956713
-0.153435866811
0.0265330822605
-0.0483369785369
0.0585875749132
0.11763428728
-0.0698016327982
-0.2426383278
-0.255465657368
-0.194089708997
-0.0713039943437
-0.0129521711966
0.0780224227795
0.0793222772055
-0.146841498404
-0.205040003807
-0.165349921982
-0.0753239176015
-0.086869370359
-0.00545160271295
0.026674086897
0.0271053331853
-0.0685289050255
-0.137126700549
-0.193065619666
-0.0662481513995
-0.0180986462069
-0.0212472123581
-0.0516565704359
-0.209425876711
0.119540587604
-0.156571691327
-0.153860113081
-0.122954981447
-0.0341180021447
-0.0603467645113
0.0213788344712
-0.041242514202
0.125069038946
-0.0989943736415
-0.120627990333
-0.0888169782195
-0.0130712453306
0.0615798030817
-0.167737009715
-0.0655454260665
0.14094088122
-0.0723149831455
-0.0800217639439
-0.0835416404605
-0.11023420495
-0.089844230165
-0.0888718276598
-0.0226125489417
0.0167364690179
0.125955138484
0.0189185722326
-0.00911989758388
0.128167914913
0.257728842035
0.164048418629
0.273084268947
0.29109893847
0.0625779851746
-0.0218000597075
-0.178743225653
0.0247359787306
0.167944191855
0.174742446548
0.0690608274893
-0.0522702987997
0.227154906903
0.231074704532
-0.0196641471669
0.018226606313
0.168946509468
0.170512387424
0.122595466342
-0.0655405764927
0.0412951217363
0.169114588614
0.296575919357
0.126658202932
0.272496090999
0.20923755046
0.0194617797569
0.0165987168361
0.334416754295
0.126597199894
0.116109647962
0.227583673642
0.321633854185
0.264045821212
0.153621157627
0.239418103823
0.429249851604
0.287808832601
0.213521348175
0.0526432539217
0.0354840500351
0.121889412967
0.0969260847329
0.149279391432
0.653680972068
0.410718620749
0.157880038807
-0.0940686534018
-0.192016074099
-0.304180634295
-0.454231162151
-0.0114761559164
0.538380141818
0.638416087426
0.198466092009
-0.0866125788691
-0.322635437495
-0.443502633103
-0.682317470896
-0.635563557581
0.39978410545
0.646499391853
0.398097047543
-0.0571840774824
-0.178279151492
-0.507294704438
-0.672084181082
-0.738923446902
0.262403401292
0.47354596671
0.395980538565
0.0426695994604
-0.126250465927
-0.414682228081
-0.587581383131
-0.778428372454
0.3723683363
0.17692506685
0.221853940326
0.041375728114
-0.0631243150907
-0.385376077805
-0.672542691409
-0.936187594475
0.193189461546
0.117947493401
-0.0509938067522
-0.0799519949296
-0.147407819785
-0.526870493726
-0.610600012567
-0.838474235841
0.017494309969
-0.176871458177
-0.152002868652
-0.129292136328
-0.120034669115
-0.462583688456
-0.565208731949
-0.570210984904
-0.0753770866696
-0.174979988098
-0.106833012862
-0.132344818561
-0.163645938902
-0.330239199057
-0.537614305881
-0.526129336109
-0.177751876679
-0.142481791747
-0.183581959507
-0.203297296501
-0.100944975774
-0.187946404811
-0.371536201738
-0.376235075662
-0.0859019983703
-0.156833993273
-0.295908111085
-0.226862827337
-0.289730068417
-0.182605770833
-0.288371299576
-0.340803110475
-0.194937022096
-0.14800557073
-0.10746291557
0.156413231267
0.193780399888
0.165706143691
0.17451336573
0.176595392602
-0.0852898033192
-0.0174408286983
0.00147999162708
0.110736355461
0.0413794574904
0.0232612698626
0.115921448988
0.229026679292
-0.136941572408
-0.00123178976288
0.109074086235
0.159478515624
0.0908675654344
0.0974354227731
0.0471318075493
0.165348945903
0.0903702370185
0.127791853696
0.168611092186
0.0706780472302
0.150898804013
0.0473581859521
0.0971766208094
0.191935700051
0.136353107206
0.249493199231
0.283031524681
0.18354782668
0.0199311412321
-0.0723579285464
-0.0305807850541
0.0726556591013
0.215915562431
0.388619987045
0.225457171401
-0.0569623309306
-0.212503133365
-0.310807717419
-0.542767274184
-0.524239144694
0.294191082622
0.217524231406
0.229958310905
-0.0627842545724
-0.15488536857
-0.24425335652
-0.424237768359
-0.731348400537
-0.0328139511795
-0.0423819999178
0.225033048947
0.158337396024
-0.0763846449497
0.0352257058324
-0.105774801723
-0.21428027378
-0.674043368139
-0.282085336584
-0.0281012598286
-0.0272507964208
0.165528059469
0.23430109467
0.349564820283
0.478527966355
-0.900428775678
-0.609777331607
-0.488945612593
-0.281672555123
-0.0619222079936
0.186568409002
0.44735395528
0.707410361981
-0.767818266371
-0.536357502028
-0.491012752722
-0.422268140927
0.0403586881867
0.492261814205
0.541045342482
0.684205279567
-0.00375081313212
-0.146184376633
-0.117409200702
-0.00815236742754
0.228058968658
0.209093577703
0.315350380731
0.635722490678
0.129999558774
0.121197514492
0.0514239631407
0.0755364554597
0.0997090785865
0.130739235588
0.204782500481
0.158623349812
0.135506420798
0.163124657141
0.137726328804
0.167972934196
-0.0923608535597
0.0829476066592
-0.0126220019456
-0.0245522739129
0.105783875888
0.104736137177
0.114389011639
0.0680620066269
0.0718683573705
-0.0471503194644
-0.0183343336485
-0.00444468558714
0.379569677607
0.193301276353
0.219418989014
0.141549481921
-0.0253956939016
-0.192873540093
-0.17218273513
-0.169772895253
0.0548945402585
-0.137498329389
-0.278380236531
-0.302713619125
-0.273154746117
0.0714656743621
-0.00864890050704
0.231848319094
-0.0139435675181
-0.148583568923
-0.0169481988514
0.0921162104272
0.153137598835
0.0458142475934
0.074229472303
0.00257550908976
-0.12158633172
-0.21357658588
0.0835861572599
0.227281655865
0.211283754065
0.12655031727
0.10236290193
-0.143409736222
-0.234472759153
-0.116652363347
0.042130459106
0.169763910198
0.268355372078
0.159729628146
0.0512767206997
-0.293075177285
-0.141109827806
0.0164189795379
0.309956499924
0.397600505668
0.027542253556
0.247289007537
0.232290768519
-0.2065692294
-0.0594324123153
-0.0928303889326
0.159523684097
0.302922328499
0.397480758834
0.165265983386
0.219722342431
-0.0704538148553
-0.0867811690919
0.129273377349
0.127740866796
0.219287151968
0.186730148953
0.225488492966
0.314524855172
0.189291850654
0.0112479518811
-0.087799202691
0.116369491369
0.243202782079
0.168845513501
0.274874497145
0.142428095965
0.189094205506
-0.0660214237657
0.165211624981
0.184924765537
0.183328626639
0.167559380499
0.295799100449
0.191292109586
0.0299260492366
-0.282468689569
0.00425295639871
0.282234286797
0.0730262851845
0.241018946705
0.113863070038
-0.0763167213818
-0.343068497576
-0.507386089897
-0.260251711166
-0.16514379697
0.0318779885979
0.0305335196831
-0.0429126728067
-0.245194999636
-0.677416331646
-0.571411744363
-0.350314182996
-0.141796385287
0.125552307685
0.0631420190578
-0.0692094087778
-0.220573345247
-0.294197000846
-0.450296081491
-0.320197553016
-0.104865606606
0.0686095651667
0.124375664661
0.084324326423
-0.109180661654
-0.0137838592409
-0.421804898331
-0.365511597196
-0.0360338471646
0.200992467201
0.229383135027
0.127608358402
0.0248676910049
0.142081957279
-0.242304197023
-0.279960097672
-0.201637905797
0.173640419921
0.279882633366
0.123688030567
0.166733761135
0.343447299336
-0.101173172855
-0.406580599857
-0.371308124718
0.065585398121
-0.0698171908388
0.280183926274
0.307771018487
0.337354042273
-0.0987290981687
-0.160628010442
-0.292709010203
-0.359759651006
-0.360145109683
-0.188916035961
-0.00712670184373
-0.0370097407652
-0.175473486509
-0.163751228305
-0.358669277394
-0.378662684052
-0.384270824063
-0.211141225015
-0.038319994001
-0.0963430346891
-0.0964926154766
-0.128532559617
-0.394643379841
-0.462817753012
-0.434452476115
-0.229147293913
-0.100910603879
0.0945877867411
-0.0737248981923
-0.225031155631
-0.43979603303
-0.571611347796
-0.343666574255
-0.254137092035
-0.164794337957
0.233569965242
0.180018705749
-0.256199306662
-0.519642163724
-0.680656314288
-0.300477710165
-0.0922080628994
-0.117061627559
0.230763215045
0.360918738239
-0.259576829845
-0.496505172268
-0.60836707312
-0.280839971779
-0.0138012819579
0.00270503499166
0.504249447168
0.479218825685
-0.0745310632705
-0.587897162157
-0.498660962166
0.0945860364551
0.164188843195
0.235183532826
0.384355591168
0.452288823117
0.00630663835939
-0.515579585706
-0.426720281045
0.1152846688
0.274170027305
0.224932112883
0.237255988642
0.656411613472
0.0752604731789
-0.575684743745
-0.271130089328
0.179912618039
0.477129448185
0.298349279201
0.25927368558
0.511390561023
0.0596678726022
-0.111182514357
-0.219842228589
0.0827814779616
0.467734223452
0.587080798149
0.287973910824
0.133338732968
0.108673802306
0.20452010685
0.0406581310828
-0.0565066499371
0.207647722327
0.478823714878
0.352135757288
0.0209654024842
-0.110991217112
0.128133285852
-0.0269836551471
0.11482695355
0.17437182823
0.34592034715
0.205502413934
-0.0738528504663
0.0710639969259
0.180558581914
-0.0770009307976
0.00827650410313
0.21831584586
0.26667017988
0.127252286227
-0.0809312061614
0.0693951999981
0.0132499576388
0.100192169162
-0.0179427595911
0.0677507382876
0.218834400085
-0.11902136451
-0.226567941952
-0.023480774916
-0.07475706799
-0.0256233783248
0.0204770580509
-0.00653977819166
-0.00607590181065
-0.213599160655
-0.103226931944
-0.0983142443886
-0.00982975015157
0.134290518694
0.148811206854
0.0477921890691
-0.180004070277
-0.160068457071
-0.0606493181493
-0.112860513166
-0.234586946245
-0.254434716041
-0.272906358394
-0.17862925007
0.0138881968094
0.2082233594
0.103880755892
-0.143829688523
-0.253326140826
-0.234301055929
-0.293960658221
-0.156054219809
-0.0503595642497
0.357943187976
0.025857394962
-0.0683154165561
-0.222136296706
-0.328648830423
-0.325877627339
-0.240728942841
0.140584235905
0.546682928425
-0.00565820656364
-0.128647393739
-0.253165690284
-0.364008524622
-0.308784806622
-0.153432256353
0.255512962507
0.500911050499
0.264954656641
-0.0248274497306
-0.260882239668
-0.458053294318
-0.356657468294
-0.193478237565
0.212655081714
0.516729301954
0.511055363846
-0.0708961640658
-0.285371475868
-0.352325809333
-0.325307974898
-0.0473807482159
0.253016930145
0.408588780033
0.486955046773
0.127394864294
-0.204830609607
-0.353525919411
-0.365272298777
-0.0363462180587
0.290057861027
0.170999789686
0.226457819016
0.0573161857542
-0.0145013999854
-0.35263745262
-0.315972105815
0.0830672355557
0.163705635828
0.104350001715
0.0302260516016
-0.0740812682203
0.0615675632244
-0.129295155413
-0.194844629413
-0.0562539870872
0.0413265953585
0.0231469148155
-0.116453444033
0.0487462597689
0.00641835679486
0.126035306317
0.0435144064595
-0.0347025556671
0.0762986543504
-0.115810367089
-0.257337427712
-0.0471390074314
0.135082510956
0.318367940755
0.104534257076
0.0843747946255
0.0793308062034
-0.178915479435
-0.328310466296
0.0209008730959
0.186357810889
0.289782358059
0.264442023833
0.161831700614
-0.0457339168265
-0.207809150232
-0.286704647836
-0.0936309489744
0.105841728054
0.120701881436
0.118167269887
0.131248125846
0.051571440696
-0.224416559153
-0.0864828076802
-0.0854101252186
0.0543846288712
0.110073276583
0.141577619926
0.136103575824
0.0961856333202
-0.191949481608
-0.150414557374
-0.0793935051429
-0.0161278059515
0.0776767158515
0.139815724773
0.0534681677877
0.0305740532812
-0.0722854827427
-0.177556659276
-0.13112866158
-0.152564912733
-0.0498522667985
0.103409836907
0.00324351627943
-0.0511951726618
-0.130789421022
-0.0426080956031
-0.0642520183518
-0.0924567239594
-0.117884177671
-0.124941489274
-0.119284151489
-0.0944152458172
-0.0779090712893
-0.0544554560678
-0.0830697662145
-0.0996830143669
-0.111065969341
-0.109152378063
-0.109943906668
-0.112960371903
-0.116626770601
-0.128822715423
-0.126752470542
-0.133204225321
-0.151204190136
-0.157082213203
-0.12342089183
-0.152762382907
-0.148901509524
-0.11700247009
-0.207287869996
-0.171299251166
-0.200579854542
-0.207652486792
-0.229166538311
-0.150440894437
-0.0403687863006
-0.0989654622574
-0.360037115865
-0.284686234097
-0.290894640917
-0.408221243951
-0.341927954217
-0.225485706996
0.205491798802
0.0108751945452
-0.426070055143
-0.435833001545
-0.368362642223
-0.345079604335
-0.428003650821
-0.189438316156
0.542585204429
0.21971084815
-0.494812327011
-0.327950635504
-0.0878520767152
-0.191587980412
-0.397584644532
-0.0441605216642
0.867150997481
0.310275628524
-0.290802770666
-0.0623050972811
0.271385123403
0.0940771091283
-0.278573067827
-0.0670955732806
0.673769811949
0.198300527003
-0.0477097861807
0.246434018361
0.397135617071
0.25310728435
0.0693656569342
0.02660732192
0.333312466263
0.181650407966
0.0774818228455
0.345714426012
0.440279968386
0.241720694
0.243146779873
0.0637136992531
0.0803697539522
-0.0161003129446
0.175603755068
0.186337253276
0.166804594321
0.0237478427587
0.204191452801
0.13008589636
-0.0709625744022
-0.0463060593733
0.127366270018
-0.0621603087137
-0.120364046566
-0.157797710989
0.0673545605359
0.119506620933
-0.0588011966634
-0.17080825264
-0.00631666734685
-0.0933618209167
-0.133936626374
-0.100347791034
-0.103907243052
-0.123105082505
-0.207419727594
-0.152501688653
-0.0805805105393
-0.161565436438
-0.189184393523
-0.181849066522
-0.169009339012
-0.156278681472
-0.175660128214
-0.0640496607849
-0.103701097414
-0.142725803083
-0.147247922919
-0.14315611286
-0.128885727794
-0.113021582621
-0.084613169659
-0.0610599857765
-0.0858481722716
-0.109269537548
-0.121179044107
-0.12416295971
-0.10775097163
-0.0783717953765
-0.0457041589103
-0.0398826228907
-0.0893673291197
-0.144567029997
-0.164842479421
-0.16047493158
-0.14491276579
-0.0669142742792
-0.0362839921803
0.0662116250257
-0.127309899779
-0.153048784028
-0.109705865269
-0.0930317372456
-0.0535214454354
-0.0433939504111
-0.0820431751625
0.13003199259
-0.0486174822402
-0.110650791208
-0.129688091729
-0.108048555824
0.0373075033853
0.0283734419748
0.0550833943045
0.220262699626
0.164676139831
-0.0376119566027
-0.0969087993137
-0.150549585578
0.114607554377
0.204875420153
0.0159182044761
0.204048055477
0.195109584056
0.00625239927819
-0.0823680570297
-0.00536623235017
0.192856183844
0.332735600082
-0.0519125320292
0.0700128397169
0.248438658173
0.0890228806878
-0.0333325568185
0.115740644804
0.0843026640794
0.0475915344234
-0.28248848378
-0.258225184124
0.183654458772
0.288942934886
0.306940221871
0.161589519677
0.0828210601248
-0.170641465655
-0.370844310244
-0.683931810685
-0.158434273923
0.417180156463
0.353500977892
0.189233509268
0.0633301684782
-0.248821456513
-0.242133380137
-0.697525802241
-0.173956157364
0.218935210593
0.391547998737
0.256542211835
0.144962361239
-0.0951620599751
-0.268300678989
-0.387999600008
0.00164187688783
0.10664946119
0.185825673584
0.256741143011
0.24928526576
0.0878462079185
-0.138064521671
0.108955443884
0.0935305150076
-0.0803014744264
-0.163216404989
-0.0930100291201
0.0405085445935
0.132924009371
0.154338003602
0.214269270592
0.0101858294265
-0.188380201888
-0.32263210142
-0.178840983825
-0.0264554746402
0.0375617959944
0.0375453142223
0.258787127758
-0.0303428055763
-0.217031937685
-0.208084965438
-0.302488755208
-0.128716338672
-0.0142419909995
0.0264869875406
0.111834260832
-0.0668870145786
-0.190748889256
-0.153460220789
-0.24391035439
-0.151094495218
-0.021298032457
0.0678017445616
-0.0882124345492
-0.102791344117
-0.164258046186
-0.12120061116
-0.178342793468
-0.177748455441
-0.119135537729
0.0596815233851
-0.0596478118367
-0.0891985844007
-0.156303205616
-0.133862253216
-0.200163039656
-0.21223427302
-0.130218606736
-0.0837519853711
0.389121485753
0.209852259728
-0.0191399265529
-0.319452206959
-0.362890154821
-0.136142571828
0.191480516407
0.139755529105
0.450919362689
0.444664713975
0.297301486188
-0.0517105329945
-0.00499053456234
0.120730595849
0.153065455491
0.285924435432
0.348044515221
0.337002098112
0.343107408345
0.108937238572
-0.00186981646675
0.210052300351
0.191795470852
0.301564928997
0.382379727313
0.217056714281
0.230320729433
0.465496560906
0.27872873549
0.353652271803
0.228976147821
0.310135664678
0.18599447808
0.134819128847
0.228730619252
0.26349254317
0.344998570667
0.490016072017
0.374906381671
0.0963713872497
0.0262865575239
0.0785885310296
0.284038924786
0.198682116921
0.317173391318
0.482560076838
0.388196770064
0.128256131714
-0.344480773033
-0.183519626547
0.0111944666086
0.0700459549375
0.296494258049
0.438731852806
0.446436730985
0.307942573745
-0.629087776836
-0.371373990214
-0.206550104739
0.120743967184
0.229320072467
0.122753880727
0.213063803748
0.131269599237
-0.686805119699
-0.513965793116
-0.253745874606
-0.155063171365
-0.0458546857003
0.198728998954
0.0155659136919
0.0474314860825
-0.532692015418
-0.489343438327
-0.146056932965
-0.0844379886652
-0.0647912684333
-0.064311478807
0.113654365143
0.105622769718
-0.233443449572
-0.087843972429
-0.0283817480979
-0.237855307504
-0.147884419532
-0.20824070526
0.00949190626277
-0.0510364153744
-0.158795203997
-0.111166999794
-0.12987388762
-0.209157519933
-0.0632100486462
-0.158953162227
-0.0859363658285
-0.0875268534495
0.106009864126
0.00101127138616
-0.119887283212
-0.139469101626
-0.139033178736
-0.209914962151
-0.0926368274615
-0.0902727518561
0.127917946205
-0.0367439973664
0.00832790590638
-0.0301728714571
-0.110381094783
-0.111102991099
-0.100459222908
-0.112302084988
0.154728334199
0.015420551004
-0.0543729448322
-0.0404571635592
0.00260749147689
-0.149100979457
-0.1261711734
-0.123216141084
0.161055926175
0.14613951289
0.183787665101
0.10700333411
0.0530192031161
-0.0889655358196
-0.00726091445756
-0.00872176800843
-0.028696277264
-0.0545847919945
-0.157399784819
-0.161096230928
-0.205803177687
-0.309004178618
-0.355251981171
-0.230779824168
0.102723833856
0.0331379196537
-0.071684087796
-0.0960349143952
-0.0425194499499
-0.00504109033891
-0.154918465055
-0.185073634423
-0.00278354311926
0.158725776714
0.112540565729
0.0626429819455
0.117181657063
0.0525910284826
-0.056452572659
-0.154839326565
0.122913966155
0.203046765804
0.108925344341
-0.0252387035815
0.0806152271654
-0.0131823035141
0.0128000961889
-0.116996987538
0.21981395497
0.250467875739
0.232964074201
0.148516106767
0.0737447012601
0.0555195084371
0.0140413568754
-0.0967470576217
0.0459798475151
0.0462928794446
-0.0937590030176
0.131760883938
0.0596692637373
0.249606638686
0.133136040268
-0.0950110269514
-0.310869014319
-0.234825154518
-0.195826961594
0.228433505109
0.432571314285
0.467130365902
0.154266494584
-0.0284676305938
-0.32571267927
-0.182353796704
0.117482799771
0.261598785204
0.312404535081
0.376981901459
0.058171697807
-0.130072375134
-0.500655965892
-0.154001737849
0.25078587363
0.176700802175
0.109926257252
-0.00513652049039
-0.153569368964
-0.272733564331
-0.625731351958
-0.00676607509285
0.184161160206
0.0653993801587
-0.0103305716303
-0.13706668922
-0.0135046957267
-0.0348892944693
-0.192661892702
0.229725696479
0.164553777735
0.28377621847
0.0382267936675
0.00361559340887
0.0207819805824
0.105111591255
-0.121979699256
0.0634349957385
0.157792883769
0.0988260255798
0.102583313238
-0.0217491142635
0.179644195461
0.209211671446
0.035149331068
-0.0233121560444
-0.0850832330527
-0.101340041338
0.0183978939139
0.163551205894
0.22521562779
0.226865039961
-0.0755410721076
-0.045924755456
0.000122570494769
0.055080503419
0.0504081636639
0.161857517439
0.107065601067
-0.00150561118972
-0.0660684139585
-0.0313856184418
-0.0419653585731
-0.147134088681
-0.192877199986
-0.135092770442
-0.21333134785
-0.0389740479459
-0.14539750566
-0.161678886137
-0.164280013191
-0.112730119339
-0.114251081163
-0.154333529661
-0.190322038364
0.0307417753362
-1.14609364149
-0.546054855722
0.85872197962
-0.587630195217
-0.922260652115
-0.513025115372
-0.682987782751
0.470228384837
0.631468519929
-0.129361666562
0.352231309377
0.239079813836
0.430052514984
-0.678220169198
-0.523420073195
0.223297914474
-0.234047142258
1.09676369841
-0.534629768909
0.387296336984
-0.333936704146
-0.36136949059
0.506038448383
-0.269890963852
-0.451419298442
0.24792708922
1.58531168097
0.657662064828
-0.291349173345
-0.212471649057
-0.645753763497
-0.148397105152
-0.261888201599
-0.206871521549
-0.222110337566
-0.032711923139
-0.178650261309
-0.199322646708
0.660362098177
-0.535750076388
0.306870783536
-0.208965621956
-0.0599153775775
0.636765344254
-0.234386952949
-0.206425782991
-0.43157218126
-0.0973344916835
-0.100709378688
-0.0777328777152
-0.129545430228
-0.158856198991
1.1228215439
-0.254570866482
0.43498689902
-0.252534859299
0.869081008375
-0.238715187836
-0.344338521232
-0.185119142253
1.66702640117
-0.0619618111048
-0.202148432322
0.69350541987
-0.26427962183
0.850969314111
-0.526586160344
-0.341233882007
-0.0978342702518
-0.40062434955
-0.207778445578
-0.295784524591
-0.409763073937
-0.127657377441
-0.117020861839
-0.0886770600507
-0.155577192655
-0.208475463431
0.340916890733
-0.203818538446
-0.308053282594
0.631698458929
1.21810702903
-0.20112739622
-0.263109398297
-0.149730512952
0.67419306723
-0.0392584883132
-0.157242111199
-0.311957893366
-0.290312013849
0.92222314292
-0.515477279473
-0.223674687099
-0.0680619751717
-0.296934082332
-0.201984902662
-0.272346545508
-0.329966377835
-0.0974625234662
-0.0869407405085
-0.099372188017
-0.188483110622
-0.229984701759
-1.20919137545
-0.686675949528
-0.104691607158
-0.146710799348
-1.05059938781
0.169636375158
-0.370322669781
0.0174759998762
-0.311275814628
0.715567159099
0.683822891644
1.21317905761
0.0840198812984
-0.103598860779
-1.16846683923
-0.114302213611
-0.313225648129
-0.266960290562
-0.183999767702
0.918431807341
-0.617616616615
1.22045168848
-0.394438786068
-0.363370449825
-0.609841626997
0.0152933753727
0.363955508993
-0.205899179321
-0.21112358177
-0.201715862315
-0.577636297345
0.936470769295
-0.333836229373
-0.165003903552
1.15959753552
-0.0336474731808
-0.149868823951
-0.276638439871
0.396428501411
-0.434694465634
-0.415644198177
-0.249186395732
-0.0785300042917
-0.243881740132
0.571341973857
0.690503482939
0.628451165278
-0.113955671653
-0.094940456143
-0.0973512813617
-0.199331548837
-0.174882995714
-0.535332855709
-0.218160624743
-0.239747946751
0.398233477503
-0.629791010441
-0.185476695398
0.599617311886
-0.238136864127
0.297631188484
-0.0524926643667
-0.151673089357
-0.41257635831
-0.239067393026
2.20298870082
0.265401165012
-0.222347811574
-0.105062597029
-0.230645397744
-0.36953734191
-0.281827536917
0.501659619151
-0.123241178843
-0.119306730616
-0.0901566718676
-0.24585224041
-0.246532899281
-0.526865976761
-0.209492836492
0.718825657238
-0.157027668219
-0.573335563098
-0.173300275162
0.567594653863
-0.123101385644
-0.193861133839
-0.0273609468865
-0.139759380139
-0.194681857983
-0.22450903799
-0.436501143125
-0.466676264986
1.40696559427
-0.0710745331211
-0.37417522576
0.945374507798
0.605854221693
-0.299105004985
-0.0816435794356
-0.0710512572939
-0.0745398581306
-0.184549792403
-0.165364134629
-0.845643750337
0.0775605464195
0.159709447662
0.669845202777
-0.991991448477
1.0318880369
0.0564590125401
0.441136774344
0.163993752188
-0.105332890074
1.11634695383
1.6480814277
-0.026260849865
0.695794871165
-0.10747520953
-0.468206200474
-0.209336171478
1.35666853356
-0.490856116859
1.93459289551
0.338690256644
0.696427924189
-0.233238029039
0.940404016654
-0.455623865646
0.928899359032
-0.125086883045
-0.0602148210282
-0.0624445406425
-0.0596703710235
0.647438548493
-0.038183908606
-0.0697965282657
-0.0346144623365
-0.0725139945815
-0.00650916316364
-0.0323427956089
-0.0625993532451
-0.0449932161873
-0.172105378466
0.839923119723
-0.0450280781652
-0.0136274040279
-0.0594988930055
-0.0497399953237
-0.058098968922
-0.0914379021788
-0.0182383504086
-0.017341491051
-0.0190603834555
-0.0306299566741
-0.0454838742143
0.409299488214
-0.204503154437
0.980733724866
-0.205453687297
0.112190183257
-0.151742120955
-0.289682741611
-0.143891229592
-0.25041310028
-0.0294399085523
-0.178082180774
-0.210178085086
-0.221159534838
-0.470747786245
0.335912571679
-0.244964301481
-0.0683778240381
0.746989406507
-0.236879533707
-0.22319659058
-0.329742634758
-0.114245695224
-0.0855639050381
-0.0856098865957
-0.153493571634
-0.185995963576
1.38400778848
1.33714301857
0.478832295182
-0.402447843475
-0.391615667841
-0.345396517875
0.0810262238506
-0.344878496162
0.868889447595
-0.0911442132213
-0.336435037052
0.907372154304
-0.337928118358
-0.726506212873
0.0974676405968
0.424899696514
-0.162279043134
-0.459942978252
0.431923735701
-0.4810289274
1.04062213585
-0.184012855874
0.58122248391
-0.189116412979
0.644761098684
0.555989443371
-0.605358685543
-0.164175379012
-0.308943345373
-0.172279329922
0.228105200214
-0.153803813987
-0.328756586091
-0.177611136433
-0.241397934413
-0.0283126137803
-0.191070432467
-0.20764331274
0.387557862562
-0.576029770684
0.899545458278
-0.254093753092
-0.0729919927408
0.850005174871
-0.195376710767
-0.24576554226
0.350400810424
-0.167030717286
-0.188514850165
-0.101632523111
0.51934513859
-0.183262764633
0.689290311715
-0.420662145852
-0.598753631836
-0.479948512198
0.395129884749
-0.365013622636
-0.577659284239
-0.396850836615
2.36552004407
-0.126568592358
0.25972251191
0.123842096883
-0.536222389622
-0.229058170241
0.824425663907
-0.580956181707
-0.192645098545
0.0645658203806
-0.426052437987
-0.471836343239
0.702732758882
-0.270474550188
-0.30250269196
-0.21951345918
-0.356456005511
-0.380866795612
-0.870851129858
0.194298134095
0.762516840767
0.316209389054
-0.682043141566
0.621818849663
0.0177806518243
0.283038096567
0.626147822194
-0.10356935599
-0.394618720493
0.606650375151
-0.49874006827
-0.105070359629
-0.464622718948
0.179170549615
-0.240358813803
0.959216235274
-0.480001295116
-0.510527657712
-0.747886082711
-0.293911052338
0.630183055077
-0.192452851861
-0.431469347958
-0.333233415639
0.127852744229
-0.181794886018
-0.207021619596
-0.241776269891
-0.659402899522
-0.250698478969
-0.302134166162
-0.154446642548
-0.332564477677
-0.0318871200197
-0.160541408238
-0.26469254408
1.67893425433
-0.646768458541
0.23635121914
0.459690314049
-0.0914640363017
-0.326928094706
-0.311000144965
-0.246966250189
-0.371594854017
-0.113177022558
-0.110459564307
1.01124808865
-0.264076368304
-0.213017965957
-0.272712049926
-0.114185154869
-0.127859501082
-0.12125732961
0.287407873632
-0.0931706695826
-0.181175617353
-0.0872479727617
-0.167439883666
-0.0159673577079
-0.0716978724386
-0.152978103502
-0.109118823123
0.726608234679
-0.226382877639
-0.100770696341
-0.0413386253121
-0.135137040294
0.964503415272
-0.144874378871
-0.20513144161
-0.051181054416
-0.0483657626491
-0.0440607832547
-0.101124220967
-0.113765165244
0.786293826681
0.673582567345
-0.398312405636
-0.346732512294
0.888312874839
-0.299231844717
0.359787759403
-0.225614358396
-0.425005829501
-0.0582949465134
-0.244782855411
-0.350689757115
-0.47198873778
-0.666526039598
1.04708531148
1.02546866477
-0.120868693596
0.427009421735
-0.361096529404
0.482829907989
0.549528803912
-0.166151453588
-0.134030121762
-0.150334052539
-0.272633797098
-0.253576803192
-0.475251373768
-0.213098578444
-0.242726393142
-0.22006521241
0.843868018559
-0.156663941531
-0.275543734618
-0.177072398903
1.46163797681
-0.0460950322726
-0.154348447076
-0.291494205391
-0.231447298747
1.09742481822
-0.458862979523
-0.163959841673
-0.0808401410772
-0.233939423904
0.695365164415
-0.212505568691
1.22399416594
-0.125843099808
-0.128062589019
-0.0833609340422
-0.145704553979
-0.168312090686
1.50793807386
-0.343301225698
1.13134404135
-0.284311432921
0.356918490035
-0.225452491409
-0.413497005309
0.704275556501
0.660772970382
-0.0516621678999
-0.225359093138
-0.35790809315
-0.30109445054
1.24065907226
-0.521891401131
-0.302042888313
-0.0978687691081
0.387395824188
1.04058318088
0.218952328984
-0.460812434104
-0.141643343849
-0.139542250518
-0.12647130461
-0.229545301857
-0.297835746178
-0.769572330084
0.38684818573
-0.508219203528
0.133249260998
-0.987939226845
0.566943870532
-0.801418397383
-0.279191322706
-0.509278612975
0.833055881994
-0.246437336996
-0.409204996265
-0.378988457813
-0.0200747623931
0.5005362336
-0.397258543592
2.29500655664
-0.42721893945
-0.492472235845
-0.423688867668
-0.704749084623
0.540630237059
-0.208620786435
-0.137350494853
-0.299192635005
-0.248256619889
-0.34638850966
-0.127629948157
-0.164878719367
-0.166749696615
0.481332626997
-0.0903589002992
-0.219800933272
-0.0925688483863
0.617100616061
-0.0291684891866
-0.0972787435712
-0.149223868127
-0.130900478977
0.401747651449
0.489215689639
-0.117216607616
-0.0588837905913
-0.155984469998
-0.159895943892
-0.153645885945
0.356759735801
1.28075274645
-0.0640835092116
-0.06323801735
-0.0978615614721
-0.104961581812
-0.287750662614
-0.102262780631
-0.113868699945
-0.0884371082494
-0.368510388503
-0.0702177910958
-0.170601019798
-0.0630448527679
-0.131223049245
-0.0137725065384
-0.0673971745477
-0.109301825841
-0.139882478567
0.603899172497
1.04549381605
-0.0873317111075
-0.0323585388587
-0.13667720378
-0.0908193000731
-0.100138661821
-0.21933548218
-0.0529094255173
-0.0598401742108
-0.0373997284659
-0.0717997736068
-0.0685744599791
0.90241456393
-0.0677770760852
-0.12742226003
-0.0923707605354
1.24102924848
-0.062736047245
-0.115880501747
-0.064391990451
-0.136387386812
-0.0102046993154
-0.0720395984898
-0.10565321949
-0.0915922149586
-0.210130052109
-0.169748264232
-0.0845019304475
-0.0243988215001
-0.114530827651
-0.0913858627418
-0.098162852572
-0.145840217859
-0.0399456045762
-0.0351306997119
-0.0411331987489
-0.0759084051502
-0.106545441673
-0.417530651395
-0.150039253967
-0.170673209655
-0.252684703515
-0.519387127447
-0.143993347828
-0.264674180065
1.00924566378
-0.348758378298
-0.0272677145338
-0.124228573175
2.77811516176
-0.176577332621
-0.621051339117
-0.346501180752
-0.149521023846
-0.065830102572
-0.16266654412
-0.222554936293
0.809866335228
-0.292743315319
-0.0796536196478
-0.0662341116782
-0.0832290548153
-0.222663065943
-0.214771015429
-0.474676077456
-0.181272863947
-0.215392238133
-0.194621915407
-0.548491081899
-0.12823493228
-0.247266949676
-0.155706656082
2.12445506222
-0.0317883642022
-0.14478888629
-0.272862176696
-0.199163866441
-0.434601082937
-0.362788729791
-0.160943388238
-0.0615057380155
-0.21227183506
-0.210570019062
-0.205105992525
1.23013344369
-0.103039035735
-0.100511314916
-0.087870869127
-0.161565307199
2.17767900494
