-0.15107821493586193
-0.020343507857869765
-0.10683200864556802
-0.2199323005733885
0.050948273864383165
-0.13335794720673008
0.08493060517249364
-0.15857138514121608
-0.09203964994206998
0.047217496631338646
0.322168921086747
0.24682212444386178
0.10784023355461489
0.179096635689925
0.045750536392498216
-0.5532896679359408
-0.1803747195285383
-0.022259574134163813
-0.04289752803030527
0.07769582290933284
0.29853247277548167
-0.06256288128088515
-0.11519487466226738
-0.0533301351962808
-0.20567672370855
0.22234454782713375
0.15532981566504905
0.17990002823779339
-0.130297816528673
0.038235370225042864
0.0030861533777229258
-0.35070902784897895
-0.33213692277686124
0.2532672274769477
0.09531568166115442
0.18518298103574732
0.1634998294551623
-0.05788254756066076
-0.13577668114850105
-0.18124476980872473
-0.08445222974021548
0.07941896819038508
0.298401624231829
0.20027329715145004
0.09941368177626601
-0.08893202672061502
0.04681872059473037
-0.10093873156787081
-0.10247496600752207
-0.0894903271086584
0.2531430644552673
0.039863783148657156
0.08381203800681027
0.24443136109280889
0.08689551512715962
0.5309710187730792
0.07674574084689056
-0.2960291233327066
-0.20319887289530347
0.19949103944598706
0.2642186539030688
0.35675309233701813
0.31365438183656796
0.4860001968294397
0.4566081428143209
-0.22492055510285697
-0.058746096429908023
0.30369580581043554
0.3255855892896649
0.5430357597628688
0.4704749626158345
0.1301738736564216
0.6875592913926774
0.2200900190840441
0.15310863857076382
0.17829087591263787
0.3894832522075516
0.5533839813034043
0.4140147975184695
0.2405650769232827
0.6919784852047651
0.06453449470764684
-0.03555462270145576
-0.25284746704012906
0.2122107662285492
-0.008635090472063378
0.38372588236551547
0.4699822353767815
0.01822371270072878
-0.028312778944466144
0.12100189295820557
-0.3642348428540019
-0.21013986485717295
0.016076391535573796
0.49833938019099855
0.30790494805930363
-0.05231644788621183
-0.41400863344097344
0.41944354901039993
-0.4635983596231975
-0.009777135259212392
0.013959693860130169
0.41995584350837695
0.1773664879825318
0.15174032260850123
-0.2075678067574148
0.31405381837281976
-0.635951782865384
-0.15153935268591046
-0.1071589453923564
0.3140081620940985
0.32308302296182867
-0.1226202726461449
-0.19256000751977057
-0.015521053195853018
-0.2579059916472007
-0.001686086544622677
-0.24498966440303982
-0.23846422719846014
0.0052959061421651524
0.022773719483727018
-0.3007754383332916
-0.5032224396092713
-0.13356211073831173
0.15513244559990347
-0.10112084467230445
-0.43492107510780753
0.3458611747719503
0.18701216017311562
0.42953205443591913
-0.5213505153640602
-0.354577584049453
-0.9890801765608568
-0.7178562960609668
-0.5978510148396007
-0.22333181811725317
0.16475209671249502
-0.08291666044709478
0.008700097831187734
-0.0753932717084085
-0.2912382882072134
-0.4033682496455278
-0.42008295118894523
-0.04604533852641424
-0.007861108195182901
-0.17694714887212948
-0.3987603761184275
-0.3086522729283705
-0.43022949273801003
-0.6356306578794704
-1.184932686367507
0.5206163884411273
0.1760051421820797
-0.33149500745630395
0.3151024515382463
-0.3951429907612039
0.038168860221911814
-0.16911258606343788
-0.05688128830600216
-0.06610097730008875
0.007047601971804674
-0.05426136522956122
-0.3475889469616792
-0.12136600427978607
-0.13518291983848996
-0.39734858222967945
-0.38567964569350116
-0.3513310468845298
-0.15688396710026903
-0.36998130756641506
-0.3550118811035222
-0.3202065961692064
-0.27207520432546667
0.04630784828010949
-0.4082934275220959
-0.8806361620680238
-0.4683541461219636
-0.06795522934336166
0.3112326355763872
-0.09393499990941966
0.1554319069159981
-0.28233609965990786
-0.2647088878260761
-0.6291776244118292
0.12487282885312845
0.18786941341819863
0.13850576329260242
-0.09680727581823015
-0.12536169807322078
0.13651170522689354
-0.4388135687527571
-0.4401575994842124
-0.1518658771671105
-0.092246206842001
0.4637202090672606
0.0955211707507417
0.09892420694331168
0.11501462843140219
0.08836478790918066
-0.16044013228354204
-0.09965664657692089
0.3232224487585806
0.28503580656881444
0.4398995151643893
0.1557163068380367
-0.04689383019455171
0.20551208709964466
0.2584633401916569
-0.0855236329996378
0.41629450107420524
0.42635416885313526
0.04714667748084095
-0.2598582286143625
0.005079747321109909
0.34410475197176177
0.3652709009643873
-0.05139073845513494
0.22757101498274274
0.24504840217202226
0.4273458799752199
0.29618474581479654
-0.09706470610608482
0.5993562133209259
0.5122391789687099
-0.3698366432405227
0.33867550705455723
0.059768928621248496
0.4253902337726522
0.015558289419185795
-0.03536863439188011
0.7048631583934051
0.4098478856225226
0.4019752573591357
0.7216088561649023
0.0880154284893898
0.31506854110179755
0.17310155544501046
0.08385225299757465
0.3932541335190891
0.5651798472478394
0.3365300662283765
0.6515192390169086
-0.09077042037054842
0.24407038998813246
0.2837370045575356
0.10907495448690742
0.16050100861049477
-0.06593188337190675
0.661638412633879
1.2748789452852947
0.0364307590985425
0.6842042134543797
0.28515500646448055
0.3929925545090834
-0.19634626791413706
-0.02516855980525353
-0.2366892174759665
-0.28133397666415944
-0.38988881537051645
0.25293194885860565
0.1283772030420239
0.11725610484495934
0.2367117822846394
-0.17689759039454286
-0.24186315721310564
0.09764460571859686
-0.0010051360516996214
0.13882804455436742
-0.061665959604394006
0.2388649238733264
-0.0465106650178871
-0.266763967530202
-0.408188766410238
-0.43708904156477435
0.17543413816876438
0.4502883178316253
0.13458112459782168
0.10288742297313022
0.04574026547022898
-0.06321275943383362
0.0835080156209643
0.3127754370283759
-0.2812336534165363
0.13007597789008057
-0.03078777241218782
-0.2017128675431331
-0.16544930138018024
-0.21779736252457366
0.2706719299369801
0.3004556073730678
-0.013090080484520995
0.38962160856397027
0.014288031371702821
0.13478728112643504
-0.15009850354466858
0.3576199075871894
0.16269128291895915
0.782883271595302
0.18365178447527103
0.3499866544059561
-0.05354104071080409
-0.041813545788040724
-0.2340341804342361
0.22246051704595582
0.3219494847163482
0.011074854349862405
0.15038767297485203
-0.2767057113072869
-0.09960271559999394
-0.36946675164520865
-0.3141010113471258
0.0330276362864113
-0.022245289535389647
-0.1721766829989368
-0.7573724501388226
-0.6569342754899976
-0.28244430271971327
-0.15999883564052383
-0.1984793206012959
-0.30283763859469603
0.5003251050742832
-1.1109053143007817
-1.029988072130629
-0.4434125948351012
-0.8622257643641832
0.16599799717609973
-0.5907638736771192
0.2867448652642937
0.19450154093788705
0.09545244578545664
-0.1506065179825095
-0.6896992675029473
-0.5912176620473285
-0.5132320012437541
-0.15986405294606715
0.22208791134434414
1.4238040959583778
-0.08463072052231518
0.6097279236542675
-0.09331632676396677
-0.1553190927268055
-0.16497431196986162
-0.35799848457095884
0.48412870559021254
0.16448323073164153
-0.12337424240968164
0.6632931743518808
-0.18212416607842555
0.06945247154043466
-0.2744250449076914
-0.3320849426823784
0.03212411060893138
-0.02937976027927297
0.04114796313263983
0.7102058111200374
0.08384369645058518
-0.08131364291094703
0.12985275206089955
-0.8043880810392575
-0.06846132624593063
-0.10820646700101669
0.26235052516015206
0.4343808913156089
-0.5028734985597071
0.32824545639625097
0.1506599760187186
-0.25666481614156944
-0.05178155865458019
-0.059642397332553096
0.36906352564974165
-0.0278172848499388
0.11679230920626331
-0.05766616959033839
0.29812603206310456
0.02156415073286804
-0.4629094856044706
-0.16802930702854146
-0.29327775815456725
0.08154994406149634
0.20965260270645494
0.3888077528013593
0.13749428108712897
0.4593987854849024
0.12639811281591426
-0.3369810650580853
0.23216721460415868
-0.3578664147672725
-0.2073616351225042
-0.3420396466056937
-0.1973334913420584
-0.35785926805349116
-0.6248235068113999
-0.08056866974537304
-0.39283656026656155
0.016582248889190042
-0.4568450343804796
0.08149849997151928
-0.517857227343094
-0.2926335589668873
0.0003597805779514463
0.011384956163740804
0.1666574128180431
-0.24994302390143056
-0.2177152303936285
-0.026551869770151518
0.01318855388689161
-0.5608886050788849
-0.3595884225631855
-0.6849719378927415
-0.06813648385559126
0.07648282479763882
0.12237892014575238
-0.3323304975423919
-0.19328709634450278
0.32436897927723973
-0.6955158524412135
-0.856498374388569
-0.6054779779985974
-0.36806988183179257
0.1572668974395484
0.09228334774151699
-0.17751806917715482
-0.06598939442176627
-0.15737186999049357
-0.5774879269164288
-0.6892573040648584
-0.07309514029692839
-0.11908939861846038
-0.05185991798320909
0.06411071610902629
0.2611880118515587
-0.15023578538110102
-0.7869608493317914
-0.4628438904791126
-0.12265647459734759
-0.13962570810805516
0.022462882793403617
0.1635505193518763
0.15863149319599995
-0.1669653770733611
-0.7483792738571394
-0.5832693776516295
0.012821073601520478
-0.024167751445106724
0.25436198234962687
0.010125458490610601
-0.12760587213568877
-0.12848668051070117
-0.22383996943482629
-0.3720283847164948
0.30339856415669664
0.17738924635615855
0.3424631952937628
0.062153342281849246
-0.20770708623973597
0.12910369211995534
0.3108771342978701
0.22173261629681731
-0.3142902436428846
0.41903206079005945
0.2466644358204389
0.18922956590163573
0.18388677892827515
0.234160672385429
-0.06645261556123769
0.051405560940628016
-0.26182914785476635
0.13152927806698322
0.6077026203081661
0.09968244597316629
0.336643418535216
-0.09121249160660269
0.5233732487615786
0.17119869021359063
0.18386427346580372
0.0960185943653298
0.48663328022417746
0.6162661611283946
0.3629565065674466
-0.17850664520707243
0.45610084091602554
0.32928018477051707
-0.03867185236980596
0.17207922000400572
0.0416654907829049
0.03365820364633469
0.5051501937091005
0.4858358057000454
0.7093978519612584
0.463168416263283
0.2602499024654532
-0.0508977964236007
0.056392786124664196
0.535392079359064
0.4593979062580054
0.44112865369004634
0.4247905993342793
0.6796604325036215
0.3482745036913097
-0.00219256159186094
-0.1840861204522231
0.21664160892228704
0.43526470827213093
0.40835204206464537
0.2576749805116027
0.9942845785719239
0.7787841450923964
0.3894552858520477
-0.06687963293981256
-0.05722352359420983
0.4326628723973155
0.07890685544574229
-0.23575317865633597
0.007667834989847253
-0.1702656368746344
0.29336773919754144
0.07496083850212798
0.28329093554758733
0.411656078969856
-0.3679632131646975
-0.1665325157480258
0.03726880124826209
0.23847769366684587
0.022799122293384863
0.18218853843668592
-0.10417580287898445
0.21071132023161368
0.052193619610275896
-0.06629853400441595
-0.15016944195999554
0.26321640643333477
0.10384034765415973
0.25666289895679617
0.21943010710444172
0.2892654623408294
-0.2998583800841852
-0.06479986028042155
0.29283372467871494
0.25029276492372865
0.11507334987308984
0.01192429804321055
0.23901633496392566
-0.17213883419767198
-0.024898876048334802
-0.04380709463109465
0.2897319230318196
0.1324966714100218
0.3082138076365004
0.18618265675847093
0.09270866130763213
0.014980679742895256
0.2177957473561406
0.42963208001217956
0.23710639735579608
0.17532846490705276
0.2460296142094315
0.13479213131619458
0.10734150764732897
0.14958776223508702
0.3777491314029741
0.4156874397674793
0.7101889330821095
0.0687515579140467
0.2927695996057008
0.21477495721879253
0.27187109207476257
0.0837902497213874
0.7025294384976285
0.7413287455872662
0.5646982837630066
0.22604646923252408
0.08267602333440455
0.15129137643826243
0.2493922238840687
0.11275159331018667
0.31815056981487005
0.7733578555465476
0.686793421946561
0.08510983010760359
0.09106439029247371
0.03796730935132582
-0.030462286185022582
-0.36816491508056326
-0.04647617406859408
0.32109050826124436
0.15977785107126471
0.10351282983093765
-0.13333248837262462
-0.4606592944322849
-0.29474253151949364
-0.1023610402461044
-0.15123503713379421
0.8405547081076818
0.02453392647910873
0.13212289180034414
-0.1475436492174698
-0.1673439522202174
0.14493651566070262
0.036647455184939
0.13796569545660872
-0.21806281901927896
-0.06786895839210552
0.26533075021404495
0.028500610532740004
-0.07076234945298536
0.06473278274629017
-0.18717947043457994
0.09697354655610389
-0.18870131218900132
-0.1737894071201091
0.38666576967199723
-0.04922521395436453
0.12446292046694754
0.1667522776111207
-0.21498719824336204
-0.21780556370462828
-0.3012290897411892
0.00168245103728756
0.32650192404026745
-0.35619546213697306
0.2422520092648803
0.21331001536899408
0.05247323601209386
-0.17442178065579922
-0.4670362842647471
0.3465440053750634
0.019906588012994584
0.06735394034626618
0.09126702104958857
0.21667760104199807
0.13008173512765034
-0.42101430423605
-0.24779058390811048
-0.4574156521573911
-0.4108511995899503
0.37388464304176994
0.15985877812019517
0.14825731854409924
0.3251268655611366
0.08742070839296667
-0.19389861154260965
0.3535062009677231
0.5962322092203137
0.6669236872504177
0.9486840424693455
0.5693709717519212
0.9386541717374306
0.13133384397469947
-0.03459609034015802
0.306241743699869
0.35730803355702706
0.4351602263949869
0.46618403637315353
0.5737173915868073
0.6410269463407013
0.7591896508030774
0.16986702238609155
0.20499197370231229
0.5125202523669093
0.7510076981013981
0.5283855126079882
0.7623929664003438
0.6638073045473701
-0.018778396255325954
-0.2038326886614043
0.3423892996990772
-0.1973142517921198
0.27155972165189546
0.08294684674752296
0.1318334669425388
0.4408290472831611
-0.04169332721210048
-0.4086333699158796
0.15011017702728902
0.15571349915558297
0.014998130930047354
-0.22117074681453622
-0.3197423305642093
0.15060941983703602
0.08548539393707384
0.02616468894064765
-0.09496092719133954
-0.4089331500791278
-0.30692520048461924
-0.23911443213271277
-0.5712232572226001
-0.5757471294707056
-0.5359278603378571
-0.06713365323276504
0.01020141376309712
-0.09538025129077271
-0.1032460155933799
-0.3299490568967862
-0.39564900150440896
0.24174484303678984
-0.47720042331994156
-0.030839965916309147
0.26653669444079614
0.028174896325043598
0.36176598815573746
0.07940354079167614
0.14642144800272242
-0.22666139834161214
0.2732525345926726
0.3335266129520855
0.6404438222585022
0.32008648986390253
0.04869310512358581
0.11131134212398373
-0.2174106046879286
-0.2452502206316073
0.3266907872300622
0.13900131741347516
0.5274406304908984
0.15519881376798403
0.10487553810442482
0.1743478855269684
0.12623909937471556
-0.56725739933932
-0.36357847646802866
0.24275072464475334
0.3151445415431507
0.3677763520698894
0.3855876642025558
0.08167537417440136
0.3517996613986742
-0.5917524644666056
-0.23906966349462005
0.007212335985443661
0.1897593648326025
0.035688194835887935
0.3630285825517927
-0.18852955930659793
-0.1966047457477093
0.011020691483181775
-0.47402860761404886
-0.36547362998199734
-0.25715968370077624
-0.1510695834348775
-0.1419851896339452
-0.0719125857637958
0.23015942623540322
-0.20056080719505037
-0.6512252535913269
-0.40421357538731584
-0.4991111245903316
-0.4825225763483726
0.08074644182352357
0.23389639918118996
-0.3824844671852439
-0.07248482452556419
-0.9348141342584615
-0.12388928930791147
-0.6288337896353094
-0.2349883558208133
-0.21204416563080558
-0.10595670185105696
0.029125906281772154
-0.2631650413875863
-0.49032488826331594
-0.7493933962054337
-0.6592681000076934
-0.0592943292796892
-0.5097067740005549
-0.22287803577625784
-0.13750116974032633
0.049751891300572726
-0.5313382519414206
-0.26620548339657557
0.021763947993078906
0.47013012642328744
0.09214731902497322
0.5404844963297288
0.21528285165301608
0.010195196071822185
0.032469629266050855
0.3834838110046717
0.011738978576188637
0.28272348428115235
0.15996218960482428
0.1521489355513614
0.10792513530852621
0.34456868581321304
0.2358555873275417
0.09614922641902883
0.24944322715406034
0.42742039250166247
-0.0013469121667883444
0.5041243887840563
0.31794119175930996
0.08399670700997174
0.493873824881998
0.2935716745145927
0.5130313623345147
0.31305512395549945
0.4901162767352029
0.03899440708729776
0.14462706069737416
0.10920399993042886
0.1278824815877929
0.2716163677971327
0.5283792943069076
0.3462665466008671
0.5186258744964084
0.6609399534710395
0.21599812706184132
0.09451821196872734
0.007200183197622031
0.08957436949944828
0.17437559919397377
0.31501411919257954
0.3324236351836864
0.4294323907033696
0.06474668263310922
0.43080629948660487
-0.19099095082727083
0.015060038403484239
0.2865483424831762
-0.13047443706972867
0.250525463836518
0.03416526211630374
0.43714390268488684
0.23502574531475284
0.2976159098651811
-0.18083670273206826
-0.40464067841680895
-0.05455405701178646
-0.06338323291397036
0.1655557336531423
0.10357873231085528
0.6935247653530339
-0.12139060959421277
-0.6347038996083447
-0.15701206991189648
-0.020566024542155156
-0.14082599601957277
0.06969408219577304
0.6349338252824845
0.24290290292844596
-0.07575870726281116
0.12730917060835556
-0.3201604608881392
-0.26754711724029395
0.06794855748324681
-0.1569222732786477
0.07893881181671908
0.09571272675581918
0.26124685368520095
-0.9530126670941993
-0.3801954036068774
-0.7651853187488667
-0.18636293046677943
-0.07066459857152753
-0.026369235466915594
0.11947867258911034
-0.05409112982236482
-0.12644384761505828
0.05744912203772735
-0.4306660288446786
-0.2809735379801339
-0.18011336370991962
-0.18361606226629545
0.13123564621257153
-0.05597847161244503
-0.011556675291271001
0.09581911258721286
-0.06976724482236375
-0.0745731875066637
-0.21860691950757682
-0.06648672986685482
-0.1309776401322094
0.2667441872686071
-0.11745077698535085
-0.0965270754823838
-0.33683660705131857
0.328237273672754
0.2929321330093451
-0.4804489406150606
-0.04907057958224262
0.3304898056604157
-0.31902122258619076
-0.051587184629523615
0.524682671231143
-0.020626602605163698
-0.06448173027347134
0.08302334311780478
0.04680272645365434
-0.37078544071182845
0.11207696288132958
0.31723139875285994
0.23775816072800354
0.5167647157731707
0.21305610987717225
0.22596225518776697
0.11835534298792197
-0.256218952705705
0.21953434357074228
0.2868094865598274
-0.005302406917109607
0.1488955113749744
-0.7493862790383881
-0.08851430668501979
-0.29053003470791605
0.08178667782922525
0.23344875485977304
0.0716830461868193
0.13028581019140237
-0.12391668047004561
-0.21457345675311912
0.2273285757562891
-0.5356135268817246
0.0037948584375507898
0.10076715798984426
0.007201669875844867
-0.3426603508465779
-0.0001307229724533719
-1.065173713666023
-0.5431522258487657
-0.6903858113086002
0.3707901422186849
0.0791899532976076
-0.35272441601415316
-0.27632902166719514
-0.041851353035859996
-0.46805525977283263
0.23916348674213786
-0.2141566608884665
0.20632897715191512
0.12006708757498884
-0.39496611639927903
-0.3320224467611338
-0.6471594446764388
-0.32227776580368084
-0.5913427908711252
-0.7338942046805282
-0.8360326247104598
-0.1535146243781582
-0.24720395307015203
-0.0726790977432957
-0.4155444202398961
-0.2346519032358973
-0.22977362250680697
-0.4361462424320354
-0.29490679422557164
-0.5903230840452485
-0.2843733965316968
0.3935904149636252
-0.20581106041560007
-0.28859360849113613
-0.638332065937245
-0.3082611617053328
-0.6476646711426273
0.5030516602018867
0.025144502004757766
0.04508275321618019
-0.08189146820753197
0.31031369601373127
-0.024863786430225045
-0.2726651027452602
-0.2666625860389296
-0.27431299520532537
0.02460058520842524
0.34895039871308825
0.10894936933106424
0.19098560372148235
-0.16276547294852955
0.18164032560552162
-0.11774790060875055
0.039533646085279865
0.47524487080325106
0.39952524663100175
0.13775469237910243
0.14149598479537992
0.005944548902966388
0.04535814104066802
-0.26606915895736516
-0.22846619009313296
0.5354794339369812
0.4319159490629333
0.3350303947726861
0.14992338642495598
0.1468837762360613
0.3482884113421649
-0.020636879123927535
0.19324885257822638
0.5699119498481424
0.4616762577075608
0.2959296297494599
0.18717705637846174
0.15025043104021252
0.5952457442652194
0.43631164985821813
0.5461381586414388
0.6583523345571063
0.057829190205707766
0.24365475571285497
-0.022973754855533306
0.10627393760745138
0.4594422264147156
0.8028425808593966
0.08414727131237829
0.8158441574934348
0.3051398174431963
0.2408389852335088
-0.3065766807171137
0.058548119636987854
0.7484800364737588
0.6124299770401916
0.43391904151802757
0.5188964347873769
-0.16284990534536775
-0.11641041776612647
-0.2328111772739305
0.19600634454810364
0.3393816989116513
0.4056109613826534
0.17743809531086766
0.22248263912703178
-0.1505189830622097
-0.4538475963727628
-0.3978569786876743
0.49382396268956297
0.3382727014890705
0.9531932095719102
1.0689303438825228
0.8710711280921611
0.9537285442710729
0.6843400616206935
0.600802426047068
0.5670922968688633
0.2807247653455471
0.5270791145284935
-0.05829791040516339
0.28363132181376266
0.3076722880805527
0.29570946111852214
0.2961800499982131
-0.06293892399536488
-0.05203954775037221
0.2140933496233646
-0.008087997169098688
0.17655832523011392
-0.5904664606565704
-0.12219837682020011
-0.6291313459738422
-0.7186639122730129
-0.6314522149921854
-0.5853522670948531
-0.5052120644565193
-1.082229555504391
-0.549011629982378
-0.41856551915824225
0.21886037189472424
-0.08845201172674047
-0.07477248853231384
-0.4361090401500123
-0.5947093126610843
-0.5565138921540562
-0.567858600697144
-0.4591620020545671
-0.2915424623728822
-0.08553323115289757
0.20547989566076386
-0.1686302295574614
-1.6390071841713612
-0.45007899110865296
-0.12655908858906714
-0.18524969389752718
-0.28295317800646014
-0.3157901721893448
0.05899626413482655
-0.8925376250573036
-0.06311980170711019
-0.07332211922335534
-0.357227200522586
-0.31366639470650765
-0.029046062435501882
-0.5246036621521655
-0.9726130639320545
-0.6811075433809788
-0.6534436316403214
-0.3289144584813103
-0.0798390231300046
0.06420800085953156
-0.13455419845961034
-0.46099033310703014
-0.5665268412282245
-0.7842076430371395
-0.5160326230935478
-0.25513207426667983
-0.18425497958803855
-0.20684913239751196
0.09907202847680367
-0.24418304111879452
-0.3004520218594346
-0.6591167401320692
-0.49442789908331397
-0.2644327512238567
-0.06505003673217805
-0.023716961505297247
0.09608872941688039
-0.07460855992862594
-0.17493250987216308
-0.6621711813074141
-0.13614429723761068
0.04258697459127067
0.31883434785521714
0.625411820942087
0.1841308249260024
-0.31924089374616427
-0.08093810720555986
-0.3370602738419006
0.4179293779754521
0.02304834151860256
0.13425474428538295
0.1802491929371333
0.11479919351001741
0.25643208076926355
-0.2586363103977908
-0.09924285505490138
-0.12423954638495623
0.1388547241486418
0.23013879360261708
0.3348427162216536
0.36065654649217294
-0.17074849082342433
0.496630875534273
-0.12020618105107367
0.04522660517228238
0.40540598623592217
0.4006762323596665
0.404760444594497
0.333367899413221
0.26908187773983994
0.3261161053720964
0.07309129584537147
-0.03905190234459562
0.09298445812781687
-0.22971313999511264
0.10344841673456658
0.22927938236337028
0.41082111721982106
0.22394494074937024
0.08661007134086832
0.2364207822800415
-0.2540781110366758
0.2952887395860559
-0.2025966303362428
0.16450050424046006
0.38216794732766296
0.4004169581263859
0.6520172021957613
0.620023818317964
0.509247773127363
0.3037664002141255
0.0963460175425212
0.015881031066047904
-0.2640266478853185
-0.3084189912076464
0.4855575638855413
0.36494290572410837
-0.251220997375084
-0.24520592333330413
-0.5367006509045203
-0.03075744918930435
-0.32144937618297836
-0.21472813576532682
-0.5843478456673359
-0.9418082082221946
-0.22482057709271805
-0.6061699280074073
-0.3282422548603424
-0.7987313226397812
-0.3807992163663363
-0.3156157615140023
-0.22997866962960128
-0.5648189606681235
-0.2550017804059951
-0.22801512473153118
-0.008458624958642136
-0.07856017671924038
0.09975987564346005
0.3366664433140872
-0.47699314418727806
-0.2783514896795081
-0.3279538823475863
0.09766485843073162
0.20504874238959755
0.1836125915294134
-0.09370982646090478
0.35548226591526394
-0.3435035540767322
-0.2690210318191967
-0.1435542232503373
0.43470244134562586
-0.014041871973428668
-0.13543017426210635
-0.4475997589177464
0.2575902350071386
-0.3183880578182338
-0.6769789020609749
-0.35426126213360487
0.07468698454047754
0.5287501458417854
0.13423708254112296
0.06535236388567267
-0.3909149072715871
-0.04533608643001344
-0.6125445596474749
-0.7064002327253456
-0.3259608993804085
-0.15113546012513981
-0.1181419785337957
0.30564146708389
-0.23046562789028377
-0.32533902397035386
-0.3881874981600588
-0.8314767172449345
-0.6046260388202384
-0.12645183454629283
0.20838141177554687
-0.2387372297607571
0.3353298335327867
-0.4666462300054943
-0.49338518585815133
-0.6250214768409864
-0.4849170870761856
0.07876347523413364
0.1611712933808994
0.10059609405756287
0.132624187185834
-0.12649469448656997
-0.09893633358533795
-0.17694621088516094
-0.5764329276900172
-0.42467108159253064
0.1511883116190495
0.07267512028297056
-0.07614192552614084
-0.0774104587612159
-0.21191727203549807
-0.5379771745305485
-0.3965796513051472
-0.52952490832717
0.24776452694044465
0.12121973216885988
0.28478582754064713
-0.05942267511568198
-0.12521879927005405
-0.23673205937241798
0.2189685127316176
-0.383369086659095
-0.39565441139767604
-0.2879526449908567
-0.06506636506816425
0.2564574095875585
0.2657442716450807
0.34135850728880884
0.023453381335568724
-0.14955286404018256
-0.030216589537864005
-0.13409369484650643
-0.25108330910609467
0.21001761678676276
0.7767730145651457
0.2886056360285176
0.46793279016439937
0.5689114189222305
0.386246054680018
0.19306083061817012
0.2987118682763148
0.25153203832224624
0.08272883754864528
0.7595471768567226
0.5355095126099735
0.8999956203305316
0.654284487378538
0.3067935501486926
0.12721514952264706
0.11340138261465928
0.22968006396896185
0.07349486839824991
0.3458049849016955
-0.08889753838778844
-0.5792319709320379
-0.8645693279031823
-0.46913850720156974
0.05576977696760721
-0.09843288195013272
-0.18284869834412112
-0.2967258900894436
0.3705347344987287
-0.4606273326552664
-0.29217073124222875
-0.7318025951415277
0.29285384170219275
0.12480768381768853
-0.22725621981414096
-0.3727605189935034
-0.4314880381734644
-0.7397438419940107
-0.5521578759654278
-0.5584764475287696
0.2426951299048155
0.14847963511861448
-0.1301704730430189
-0.19708517957617214
-0.27034757742321586
-0.05770716395217508
-0.30717762488314215
-0.42303880942240707
-0.1949196869798319
0.14643460326852234
-0.14042713824204978
-0.3805531051392077
-0.1952452876652696
-0.170260288435048
-0.05795341671776704
-0.4043440388024147
-0.6876240088519833
-0.005285563628359373
-0.28577504128926334
-0.016228838762242803
-0.0010161101176114694
0.03929203999231099
-0.08089168075761628
-0.2354172659355262
-0.015206851692048435
-0.2872203721679705
0.13660386977203312
0.12202578240640949
0.29855062267838883
0.1898316538106029
-0.0026173705508571125
-0.3070836851287165
-0.11967504364522172
0.16771099011722332
0.20787947111932134
0.25583595217553945
-0.20187988101224044
-0.12709527761296496
-0.22221827088038193
-0.3484167628098998
-0.19863306086406032
0.0012998622104023392
0.5291563598553981
0.6254868635798687
0.17239222291899559
0.14354594253789793
-0.32028272327705903
-0.3686444065180693
-0.38613145154909573
0.1541382336858309
0.6299699781200435
0.20182791871160416
0.298905344275535
0.10009094744847222
0.07119729802558655
-0.3129947909590648
-0.289602616489793
0.42688472018445267
0.2934361639734464
0.3594991561222818
0.31154113620604146
0.16873645508252194
-0.1523174001793605
-0.23235916638918278
-0.06882935246818161
-0.053008959048507054
0.5720865613739247
0.36894069833308807
0.40406540967250587
0.2905520599939378
0.07190236925616632
-0.030394528834355915
-0.07341464656531901
0.7252936848380617
0.3272628952756437
0.25427600184923366
0.22686955459763244
-0.004831193177880329
0.19992356611184184
0.12362611435208194
0.4957804263129286
0.3041255870181264
0.5648764660065384
0.021664949802499615
0.21913137330225874
0.09236768680142571
0.29167563905870975
0.2774467794205918
0.5544353577109487
0.7285997360265231
0.19822662952260972
-0.05208181498113623
-0.043186301181594076
-0.17191816774667168
0.45539611008658715
0.3215143299905829
0.51483282591996
0.4272894967674143
0.3732762899075909
0.36053566456526703
-0.48660522237611425
-0.5163915965589226
-0.04557472631547143
0.4887399881812428
0.16038168002488135
0.5582422485980882
-0.030829531217799955
0.2342569589030901
0.03523840071722432
0.06175671175190436
-0.14585636595005108
-0.1458521019884601
0.05802407548356614
-0.18544149987265957
0.16176959721128162
0.10031269405018994
0.5636756051859387
0.12360270753731795
0.03851469213441992
-0.1391514713170384
0.31778313735211183
0.4946698335188238
-0.0283607247317699
0.8237943992536046
0.5211687597014306
0.14397348453612435
-0.63487224020269
-0.1155684076441364
-0.34107465866589187
-0.18451049010177978
0.3178584248177209
-0.056197372790078484
0.01733653319765824
0.42199846863123586
0.023210398102502215
-0.05645806383286674
-0.38646258031591957
-0.24327917351699352
0.24576319736369873
-0.1930268544281125
-0.03308940755416329
0.026774965056515155
0.0738533147323067
-0.184404700346757
-0.8004458043643129
0.10361566213234273
-0.08906322220979093
-0.1056337043567335
-0.09021260402474854
0.42484911044969415
-0.26531684410797923
-0.4193560347904208
-0.8006657660931875
-0.33783034042140253
-0.11508256609647845
-0.20387774929496105
0.2051314122499241
0.0991751199049565
-0.20720187308375876
-0.2567065447282676
-0.6090475982192085
-0.7383664860272631
-0.17594599833544988
-0.34321538449980993
0.17201318202269122
-0.13153296552767732
-0.22885658166536937
-0.0718339637102583
-0.6027084679178241
-0.3760483986485295
-0.44290615997397215
0.0713116047442727
-0.13969585731028863
-0.19721456726850362
-0.08333875831708315
-0.04396547544385183
-0.645366608519001
-0.43950707813666795
-0.5632723520331516
-0.3437369136052305
-0.07272697532355676
-0.11912291438668812
-0.4933020206823079
0.13184580581428337
-0.2356065495884107
-0.1252237473366542
-0.6776891263074484
-0.3472839454681985
0.4946432775227887
-0.20438281418048296
-0.20658484887702908
-0.13894753516537162
-0.25328571564587216
0.022222712240954158
0.09011610572049308
0.12241856565017557
0.18587873425762783
-0.05117733901473959
0.03502287113845853
-0.28762826573118067
-0.044749004773208714
0.25269888745653907
0.08350798532612562
0.19152475252148363
0.10788795224328013
0.48214265828605474
0.03863982599829876
-0.05410524759937687
-0.31182924098969017
0.05257120903070531
0.09856258904019011
-0.2693004171236385
0.32673216915026804
0.11829785894004094
0.04014688262883372
-0.04824028474274314
-0.20840235462257686
0.45443138931415666
-0.12351370149136308
0.3324891735414477
-0.06266568767440843
0.19074639303819504
0.2702824331942585
0.10782877035710557
0.07721763722490975
-0.2420528142115252
0.2682926892571168
0.20655916014330308
-0.11879240689416881
0.38508390219433086
0.5118721340654927
0.4542104090101045
0.40132608142296233
-0.21518495392997844
-0.30743402868341524
-0.013204698841581736
-0.1544626401471682
-0.37104454339012444
-0.24544219188006514
-0.26404771925420933
-0.4307740725177318
-0.21767242088659036
-0.14655620789308185
-0.20679172665291004
-0.24302249309414514
-0.3395254858889202
-0.41453996364121953
-0.6107210230098546
-0.12529193175008482
-0.3545045669900761
-0.112553803170274
-0.08524200736926081
-0.8462703277594091
-0.1374544478718741
-0.3018568457361943
-0.19543428136297167
-0.2890000761055677
-0.17381167925647947
-0.2796510737547383
-0.2588346903439255
-0.35709738342829195
-0.11243115215085403
-0.30395830216589215
0.007526807066409301
0.02439458821874195
-0.016772990502412894
-0.004942461013651742
0.2032389691435628
-0.40168117301072986
0.0704581539138519
-0.2008503785921001
0.11833496167059078
0.0921004753451513
0.1852369520845774
0.11639356055537772
-0.10837335419907461
0.03365890552948524
0.2157079390342899
0.15756769797190864
0.4302332622789928
0.5867895257077316
0.5533932963968472
0.5883291676298086
-0.18023202600581725
0.026188761095852973
0.317665675140331
0.46069405455360146
0.4602149262456654
0.43386413019200143
0.3474759126831669
0.6896591648733251
0.34356357277632277
0.22793829427142362
0.26149415497701795
0.17126807844493025
0.38699903567307237
0.9019232557511971
0.5503921423042962
0.5086683879054998
0.03516445168718239
0.3132492815733833
0.3974681318348165
-0.08263593832016942
0.15907725835689054
1.1197344003948517
0.2165184857700359
-0.509486065689406
-0.062594658632864
-0.06000976452836936
0.3244666575746961
-0.09027091773185876
0.13512921604668596
0.12338047016848466
0.18930196508556454
-0.9425038125874259
-0.2919590287372872
-0.22141198717097146
-0.24293163014421548
-0.16531194889951645
0.10196517752565565
0.05167400019131044
0.18076080201093075
-1.2623966797179254
-0.2008954045870614
-0.1285076465948502
-0.5320423262880045
-0.05824898285100085
0.09132836815285501
-0.0023613426170736897
-0.06129153774311619
-0.8901064622727526
0.10407378365719455
-0.3933285152878038
-0.3085072437099727
0.37882422756324974
0.33610040207619396
-0.2241170580514202
0.5643528538298768
-1.3169990904597808
0.2670077096719536
-0.31884186119719454
-0.36626364098824643
0.1338793360060645
-0.021177645969435333
0.1796429374681306
-0.16113199758276855
-0.5618121147127716
-0.47696935210391506
-0.8339096259198181
-0.3084908043853009
-0.5587445628601195
-0.8022048558223022
-0.3263472612921707
-0.025283311595130517
-0.26427615928157877
-0.8992598074406146
-0.8696332038802305
-0.4918596734482229
-0.38573598482839533
-0.7801208029760486
-0.21197823686967596
0.27546374075168273
-0.7991596840983419
0.07179491204596299
0.26062336724914315
0.1406190580765418
-0.3923005507187228
-0.3284237829046828
0.07613467317082336
-0.004866609075465346
0.13968734001475205
-0.18355325588347016
0.01623904407157041
0.024407429332096643
0.18723768048990685
-0.03469422791093598
0.40562249634723324
0.070714193125202
-0.1844917370708433
0.33912606463107225
0.05861784727587935
0.08640171491413697
0.2518125721312483
0.06461801447052666
-0.18872325941657622
0.01979141176658174
0.1308997124192787
0.030747414832273907
0.23858908121794165
-0.281001376710059
0.14376989609002438
-0.4785047943272958
0.4732787193298008
0.15254895135488725
0.029145827102081027
-0.27699819206296517
0.1596830835116427
0.15418769149030653
0.13950706209419572
-0.1472452465729073
0.5265535354229264
0.35782599583158053
0.31999098295874834
-0.27683470786155523
-0.19425876919915816
0.24305241939428238
0.23667240071046045
0.15470613508369987
0.21154498524423218
0.3860463788044334
0.41225185291986394
-0.12889343410832174
-0.3338248841370581
-0.061898363056602665
0.179777719007152
0.06282198953154797
0.5928349432472321
0.7623918608609109
0.5765134870712851
0.163627900758008
-0.2834388690241611
-0.3822884039424084
0.07191468834995406
0.578919729556874
0.6912861675002553
0.5218875910528554
1.0320196804374349
0.28714954136086956
-0.21111542180929155
-0.4373238744959318
-0.07605424040635997
0.5421579090704866
0.5557402048971659
0.581574230483168
0.13557335011859636
0.32065066178338536
-0.06489671643872713
-0.2760460182149449
0.05809479644702463
0.10062489411730839
0.4180225086461568
0.1686296041403555
0.3229421207376047
-0.014840388264858067
-0.2997773948229216
-0.7426542729933718
-0.03088316905521259
-0.0010857766396982376
0.4558128463274364
0.28218239397550615
-0.273588242580839
-0.4040582375673932
-0.1516636158697756
-0.6214809470492796
-0.40341667669770115
-0.004148417210500094
0.3727201215132876
0.02316871649971427
-0.48171735517947967
-0.1312480444541849
0.014410850098836872
-0.34444526008949083
-0.570683385339035
0.007712733119765688
0.038093362883421356
0.12900301858337435
-0.9014998411223331
-0.04418760330433161
-0.11586212975477193
-0.5436192442329302
-0.3137720713767663
-0.11044559418979645
0.21816719191409328
-0.23623501753491358
-0.7980051934845713
0.09786249032422328
-0.04165324685954812
-0.34906253049824004
-1.0248932519366807
0.049842965470209506
0.14908653701653868
-0.02117782193442299
-0.3438372556892261
-0.31977711632760364
-0.4403861819352283
-0.1527758354785088
-0.9046914436177158
-0.4791885922475386
0.311386611563494
-0.08781533600325933
-0.14718111873923917
0.06732833360604627
0.17495567406650087
0.027983582192574574
-0.2846698757987863
-0.2926795983822638
-0.4801733708546782
-0.34669115538761414
0.29785216085275823
0.0689597363472433
0.01725154182174378
0.030779336359160317
-0.04361291515478048
-0.1921851582261582
-0.44791352906947285
-0.15641036907658207
-0.006113707594775862
0.2404782258859403
-0.06386792933548308
0.234712265320897
0.1567698981275937
-0.17377641997701607
-0.4598910514644265
-0.15172054654525882
0.4132079021273765
0.0385015696808064
0.4924040898482355
0.00683017930416823
-0.08299640477378945
0.03325770933677817
0.13833821923058454
0.3590478177060448
0.16891663787087285
0.29220222057139505
0.22860925579749877
0.3379693997050518
0.12015497137102261
0.2996646746074618
0.009073850053221592
-0.026910592277865505
0.48269677351717255
0.10561829300411328
0.30691545795167663
0.14931658146236568
0.5349186651908555
0.36310848400296486
0.3383968458665782
0.29279359207457756
0.16504536704334577
0.18517865207441234
-0.1544374445918906
-0.36808635278277657
0.06592722214660122
0.26785208407766303
0.7868291202076486
0.24389755055368487
-0.16873364438164457
-0.433840221263552
-0.4756766223142061
-0.28441663232526593
0.01838398435179942
0.3840779419582652
1.0112457047559167
0.48695781916800723
-0.4199536437696167
-0.6258993401210634
-0.3767838965940215
-0.42222136974987023
-0.2633843107219407
0.2900065987215373
1.3460714004380427
0.790297998478671
-0.4345120383275545
-0.5894608836580023
-0.5722999974249634
-0.5713649628943394
-0.24360264034599513
0.10798746219855004
0.5608657489319538
0.2012255047130429
-0.2411203802601444
0.20060077113546437
-0.3459599901971797
-0.22303286882935977
-0.3760483093377974
-0.1156802710556092
0.1467557286450574
-0.3307245495091682
-0.0827241539831889
0.1040683882704288
0.08565926758630363
0.03587442376016575
-0.16885136714658355
-0.3372025858809022
-0.3953723971872167
-0.03308943429951652
-0.04759653673785796
0.05683096186902024
0.20407564623097355
0.17593710813529323
-0.11588576589308167
-0.5701072173535779
-0.47790115160755015
-0.13261532469543655
0.12774559489918816
0.5228395516290195
-0.11372294745785115
0.5285745709796323
0.24406013617735675
-0.11838429316930175
-0.7261846028045247
0.40146594820836745
0.3936060746368248
0.04038077041115146
0.10207730034810518
0.20563096252615928
0.183006901688508
0.08458005825725765
-0.27938672299518874
0.4248507623806284
0.6239321210021403
0.5758451583726715
-0.004650151754650026
0.23123723284166994
0.22586558112073454
0.5433568979055216
-0.2645315321815064
0.06265370982236221
0.5499931474326766
0.7787132272661811
0.8718212887399952
1.1253744568409885
0.5964001287094539
0.009418175714572862
0.3500194399717294
0.3398413146361032
0.523511380052149
0.6281109434860527
0.2889704908136842
0.18855052832478184
0.22374084284475512
0.5473176224894647
0.3042811236483074
0.213440640026069
0.1766240592003167
0.3442748160068178
0.2819896990220281
0.5620199068989673
0.7285052234534081
0.6990624319569757
0.1290213359883745
0.3758757020985928
0.5752375497365619
0.2727279313696548
0.3898493860765594
0.154273708303065
0.14571823197932546
0.24625377550171945
0.19884534404268556
0.20566127469361106
-0.03106236372501155
0.04594166393761425
-0.07063882016984604
-0.06607098514720837
0.31823711686805417
0.16953291574580548
0.17069229728613122
-0.06638915081800248
0.5186558350378906
0.028772404048509073
0.08710766223998113
0.12604548097084373
0.10309103707165206
0.4311825154057193
0.3052044644221626
-0.10888751616250332
0.40662935823206514
0.14153559637455831
0.20666370137841414
0.02116780568727922
0.1970061892250814
-0.03106435842279055
0.3006504187129161
0.04470266476072204
0.44589496994091526
0.192481734006653
0.16881002259640338
0.15591917830398014
0.20165988760255743
-0.20801980577195173
0.04233828892515971
0.20180528933481615
0.36350458079684306
-0.10088963209015772
0.005470846742253472
-0.08521203116641501
-0.11889042091201413
-0.11334523289679684
-0.4418394289061967
-0.05431493236753906
0.23265181637598834
-0.05957680808324038
0.23927921497748528
0.17039843845010924
0.0541312969439961
-0.3059104682400219
-0.4403977548681322
-0.05621905389253757
0.14151769168894687
-0.30569638561213736
-0.15891036076865372
-0.1346504294549765
-0.061496533922639776
-0.1569890954840857
-0.3586686022674336
-0.2200977325139444
-0.06600585637966154
0.06239412846494053
0.07454535334452014
-0.10942344466160613
-0.039713322199874695
-0.42198709222187286
-0.436423924162147
0.11859848641173967
-0.059430761968848854
-0.17876618747545245
-0.039827091690212126
-0.04296281007074475
0.02430811826488253
-0.7978832112190002
-0.1318252793408587
-0.2699522537013318
-0.24196835853575743
-0.23250382522328536
-0.1062012608952206
-0.21863651467804987
-0.3805663210841797
-0.3585939411111622
-0.25186954584717225
-0.3254025015329902
-0.2633119032473848
-0.007955001534284823
0.13295741126206492
-0.0595381972771543
-0.4232811860728741
-0.42403478810912343
-0.1637668745692082
-0.3457335000681259
-0.4308761215350354
0.057655629659334795
-0.21809136958887668
-0.34517500988403876
-0.41966652189155423
-0.7775467532674567
-0.2042472380889655
-0.16853642009505523
-0.04722816130908317
0.38838089588838276
0.35824369251214594
0.5489371751114365
0.18894686991890092
0.24359650790937457
0.16450981733475953
0.20243061098887533
0.24383895656300675
0.4393458490645261
0.3793863037029438
0.11689015264505703
0.25410247292227556
0.2511030269788186
0.3758039759781557
0.10152937239396453
0.1501815095175763
0.7389802227324365
0.5042053264951103
0.2799819822093103
0.16406342746391753
0.10744333172938304
0.21006606282526014
0.44471061221816455
0.3198194492602833
0.16067216970007334
0.26664300212870184
0.42619853389078866
0.23500319928827962
-0.11251268911656637
-0.04191133973660732
0.28867154198765216
0.6403875286139148
0.32992144212412594
0.2198698538346219
0.13746756908585164
-0.1013225033925294
-0.16156173851452083
0.2462184397823283
-0.1438846613366789
0.3511606221310692
0.19499904648211816
0.3570321973492866
0.23244161878186792
-0.18240393769419339
-0.1442098393204707
-0.0987397996184792
0.26700767049710517
0.019785241871119134
0.24350798666023935
-0.026329664543460307
0.36996488993899906
0.06252735966316167
-0.16378910682371461
-0.2293173435244523
-0.5551123122517442
-0.003312575567101038
-0.1080814429377842
0.3945834064784916
0.00543153408380442
-0.3727264425321762
0.2943175150872848
0.06242041106518098
-0.1803334253711011
-0.43440443256758454
-0.12470368671804433
0.06872754792215313
-0.2873486311992577
0.34327835173876914
-0.014777488191723422
-0.39179989024025297
-0.42198563640159886
-0.21976989746951434
-0.009507049132230175
-0.19341596509871875
-0.11331129751533402
0.0925542921595651
0.23099922195463946
-0.2828525198425298
-0.3972965364000326
-0.2684333457138333
-0.4990655339711218
-0.17738135363615604
0.05477207800982683
-0.029818344359328553
0.40345617762310154
-0.4531882771564138
-0.4859431216544247
0.09927610433276875
-0.27613476621951843
0.13668414637743068
-0.21474783196817768
0.11945264519275077
-0.5147778323818859
-0.15632225559624166
0.16159225780532158
-0.15975158025748926
0.024339230940934955
-0.26613805867288526
-0.022111634427021187
-0.24034296615620027
-0.14429599813098382
-0.030821023417030895
-0.3957188455214397
-0.32460317354292234
-0.2540641572348111
-0.18655618919514064
-0.16553811563422216
0.0008724923101709202
0.18619574448263898
0.16879588896699854
-0.3364204348776314
-0.3251474182952412
0.2634657997704845
0.20289114083116774
-0.08299356262501882
-0.2365678000613092
0.1111442968980165
0.1068806523535715
-0.12697497398616728
-0.2574114347923748
-0.16531396477214375
-0.20231743785014053
0.09840242256211329
-0.1821177457074533
-0.008893132860454149
0.2655580517628796
0.13951563804970102
-0.2770880515835488
-0.11366045581913727
0.454127552994337
0.15523320538289384
0.47933627284993235
0.48273341267954434
0.35660786800695304
0.06869533839420273
0.15108957841769222
-0.2613998475614179
-0.09149697923484333
0.29834592442393065
-0.0385939461084909
0.301280339913228
-0.04821126393502406
0.28596884118920907
-0.12633954024828628
0.07376192413113482
0.2923001194178735
0.15407608449417157
0.3646166224554152
0.19515550466950807
-0.044230772480093085
0.09512427036675246
0.27896807515684285
0.17108930921605967
-0.03003924494089144
0.15536400013687168
-0.07244488295024983
-0.21228276573702382
0.22490434599908932
0.22922811309165111
0.4072156956019029
-0.1059823969500617
-0.01624315894453178
0.2904281563684367
0.07351656087029868
0.276419965757876
0.25656872035453643
0.4652376618960655
0.37302390737273
0.030720837289690866
-0.06947784970241916
-0.11600548144288976
0.28296035723912916
-0.17234430566427109
0.4629865485885834
0.34002467146555565
0.34173648892632424
-0.02152869449815699
-0.24267732151753588
-0.5015206637874371
-0.2899433756340426
-0.11148981472718299
0.17829154261890973
0.6540689304355717
0.4644019182214266
0.036315586825024636
-0.14815409229784549
-0.4447220251648068
-0.40706964754864544
-0.2982056020180401
-0.12120575912281327
0.6612682558643206
0.8145162284185774
0.14664327529652005
-0.06108397954406265
-0.2755540396185547
-0.6041600619308832
-0.6315762602200646
0.1217171676506758
-0.007898910279520435
0.24696992036673018
0.4824936788255455
0.02945075032311554
0.014842873180676642
-0.2772391786459214
-0.7350197709261203
-0.113686603555428
0.5513922761832699
0.2990429911075078
0.28473228640725606
-0.08194106374118112
-0.04607486829379803
-0.1765975154432479
-1.3708514998344468
-0.020506048852925243
0.27289422424637666
0.09445304013843348
-0.036713719350756964
-0.04300998451790708
-0.023362982711062626
-0.253826636094419
-1.2409579044767705
-0.15829563026330104
0.1730441298013801
-0.1484302268908495
-0.11157678870211048
0.09508235186084969
0.05504819442542419
-0.043965808638699894
-1.2545921075985589
-0.27959092626906795
-0.05417349046987179
-0.47283020200304793
0.12371014439616507
-0.29554719719205097
0.032356581346561525
-0.04912936987503403
-1.184549292646199
-0.14239908347675684
-0.20165158005812267
-0.173965102648449
0.3134423776942999
0.027605941933665907
-0.07232648863836438
0.07050489392015519
-1.0508145114238696
-0.050860618710961744
-0.01315823491647854
-0.17596701888447322
0.018887056876924276
-0.13509342041786127
0.06556109992094916
-0.34544904753746164
-0.5984396558901429
-0.7509080693073679
-0.5517446223521837
-0.09944701451053924
-0.12664509949345343
0.11030149197867008
0.14588298412505227
0.2780373678196159
0.2959141565237745
0.0019688194485412624
-0.08645144886345099
-0.130555287682467
0.29765655900998034
0.11565355113204069
0.19073016428355405
0.05623543858424139
0.17882228132995337
-0.17597504571778838
-0.10098185571262634
0.1232898296024157
0.3796079377663618
0.5056387131336367
0.17105980774278567
-0.08071601398657172
0.30211852894107516
0.07212500001441319
0.4467050856980164
0.41920222476986757
0.1839818143311729
-0.02043916536740274
0.2477393925698377
-0.1614735210673149
0.3201938554176289
0.4240477017598747
0.03186004968646028
0.4934766631563761
0.4108728849108428
0.22535690007351078
0.03849376250062834
0.0034132751789484085
-0.2960666105282651
0.35363255366984425
0.32458059325205835
0.30028240367305353
0.18385132998383102
-0.07119405723408598
-0.15336094174244125
-0.3351147646494844
-0.5154621925689183
0.22547603993556103
0.6093833028636343
0.254437824526395
0.3349733099681705
-0.11297942862895592
-0.20822293416779217
-0.19283587322375215
-0.347996795974079
-0.5345306707973759
0.18367804797862375
0.2780320051396358
0.14467924909327784
0.43956974771051144
0.010685073642393052
0.38857313369218377
-0.1451185974243068
-0.5652209092421272
-0.22320594118749001
-0.14351806653860955
-0.0018155352514729584
0.08521552750996328
0.18373431738771884
0.28485870425551446
0.43095344109127653
-0.11114303684928895
-0.86307349758346
-0.8995071643762121
-0.21942245179715256
-0.20191794113776462
-0.1259309904540913
0.008534387217949625
0.34602645355271
0.21156281210996924
-2.2422731128942774
-0.8937429573215149
-0.5118918141757384
-0.6327658516233042
0.07390060257140901
0.7101461122830119
0.3555977362089161
0.5615070930730766
-0.07626195378728846
-0.2666437831051467
-0.42765316022930133
0.15319048790946882
0.2982557725631132
-0.015278632002081776
0.697873297163321
0.4520896137510066
0.11767287347574669
0.41452483123011064
-0.5102257021819351
0.02949367542776719
0.20401998811155794
-0.09234303506465084
0.04371008384716498
0.1994679791633626
0.028353034327272757
0.32104739034013036
-0.4272658987060713
0.300789133264646
-0.2183156483149912
-0.149570241752858
-0.2544156254604314
-0.16662229653251057
0.15054597515413665
0.15274420725065896
0.014008367131510076
0.07393440011284293
0.17082457167063866
-0.2588372900363999
-0.06529125440439916
0.5739880582970059
0.38628085139095597
0.14132590056011038
0.3633393105972679
0.2607168497988012
0.019604038622262322
0.07566433983916915
-0.2219316418182523
-0.6226427772303242
0.074977100174252
-0.3227485372898542
-0.32970356677322776
-0.24665057975342283
-0.1913039951456161
0.4256333196215297
-0.08304309047254486
0.076003087577225
-0.0805326215434226
-0.21848798350589393
0.14653339016881586
0.2551081759951283
0.2804663875568502
-0.20676362392528164
0.2025892688890848
0.3525731672166606
-0.09235094494714595
0.2513887126313147
0.5213325016870763
0.14473591312673884
0.4694993870734073
0.10807812381498785
-0.02363572844044668
-0.39176462009910645
-0.14215376454236112
0.0006396282347699644
-0.09605979429871084
0.2153534742369155
0.08550127207612603
-0.012300001307374636
-0.023677872345532074
-0.3839412714314488
-0.13706971466609286
0.12527624675082447
0.4625970146795878
0.3271744828812149
0.0016009954771718504
0.27336480293972115
0.37531982618365967
-0.3640391789423495
0.16858620186425025
0.136248944455386
-0.01481321268230827
0.4196241277123285
0.3509561166953877
0.013190859721530763
0.04239868453139475
-0.2422852468036467
-0.09144189871823791
0.23769277174450015
0.08752134402161876
0.15879972622593438
0.2767219102857413
0.26811748480196035
0.37431902483570895
0.10784553631135102
-0.08659133452400403
0.007441892453689042
0.06079052939321406
0.18507240636437952
0.00896893180648087
0.24608950953858727
0.09440505021006365
0.28844113944894134
0.08357065060424965
0.19591047324406505
0.07449711866807494
-0.014020239338456779
0.11938519237455292
0.1674366437965875
0.303145119604622
0.008489237388617373
-0.10644343596981003
0.15077261320835797
0.3313103981811845
-0.0988381050136729
0.24595251721452568
0.05897424485235446
-0.1591446000048239
-0.4279213324105207
-0.7410422818643055
-0.2980690916459406
-0.17890539045319628
0.2097488336741983
0.024651177086566334
-0.013186044618561992
-0.03169915584811812
-0.9519815444695783
-0.5744583638358968
-0.2889863268285687
-0.06670005299865263
0.3352943061007135
-0.02235446842047693
-0.04796264657409567
-0.10758416560452923
-0.5835231799764145
-0.3714068205067633
0.04160225129716643
-0.2387323264264686
-0.061638105966371565
0.09126377720000332
0.055542696686556765
0.23630340802248836
-0.6091264334301781
-0.6353457851373708
-0.4075029253925054
0.10011893958817338
0.5908150745014166
0.22272495371910694
0.13272983904451138
0.11839685109958917
-0.24332218976073455
-0.5337493577462404
0.10763202134027772
-0.25942420463031407
-0.2157686151005072
0.5614256806871999
0.05590418119081124
0.034610962972059435
0.6442263936685958
-0.19900139372132586
-1.0438726714954898
-0.10078670926956396
0.08357985624654882
-0.14215296952778222
0.3364858245872323
0.643001683882936
0.36529966640916534
-0.0022363074722494326
-0.013898322675891613
-0.5825097535386936
-1.1735760801735613
-0.44741626937350154
0.021605565955629586
0.49504233608778164
-0.5215960547302444
-0.6874465413031617
-0.12180434538701247
-0.8221860595539455
-0.4367865610794262
-0.32423899733911876
0.02816026917530083
-0.01731963567783548
-0.49940363507287494
0.41466348905652384
-0.19018661483104676
-0.824836632616046
-0.4962916474375311
-0.24430929792499997
-0.2322877560184881
0.6762689087306699
0.3414553321843568
-0.2950817015328248
-0.7835414916144186
0.06897359071800685
-0.5336914948686602
-0.34438260912711466
0.014990558701640455
-0.44168691436466384
0.5341053660244511
0.3186981234037415
-1.0566811092258312
-0.19977384204418233
-0.37664213691047815
-0.3965758307935444
0.03678266443619403
-0.13915057804769146
0.6221001911846227
0.09955842193182499
-1.040069523128324
0.2657288857943845
-0.3422334383082151
-0.344713148063239
0.36857468800010185
0.4746685270122923
0.870183650630452
0.5861646270126867
-0.9493793056453048
-0.5145361459967939
-0.2286393700125468
0.169777179672406
0.23862400034766115
0.2166613297112827
0.4293855468948504
0.45392567798576305
-0.5412925785138699
-0.3499308075501647
-0.8964647940661781
0.3048901317505615
-0.055945942297831126
0.13261591076518092
0.3897316911096285
0.8551765259305317
-0.3123552765880735
-0.35442802317564953
-0.4185420068762585
0.24347725851352167
0.4277660378536204
0.04611579449574491
0.40611811748482746
0.407511180091517
0.12096633050676128
0.17118116989978324
-0.5890704463470131
0.1626642250077842
0.4060802833744752
0.5104535153329639
0.5724173192016576
0.7232844099814092
0.1560306345778717
0.3286151722033544
-0.0745715675732787
-0.006297077587976449
-0.12958384351627786
0.3368275591455294
0.38410236982194956
0.1231084838586852
-0.04389177058258144
0.07763004133971607
-0.1486240683916448
0.06364403816417046
-0.034992506596008825
0.3232590317781932
0.38563728506080097
-0.30427017395977307
0.012009173324826946
0.32825773156309745
-0.09557403529436517
-0.15709023581520892
-0.07607858401930043
0.2608682405188601
0.22238842966273084
-0.15545103026922039
0.297395995928715
-0.1717671566469201
-0.293270073899838
-0.03418923366600428
0.049615884563131166
0.19702897988489887
-0.04456596794613158
-0.23907450225544163
0.173109581011681
-0.32226400926171045
0.03563700491885523
0.06867893572743007
0.07138782673202954
0.13814285296963882
-0.6127497485979245
0.20314700315832043
-0.03817486301869149
-0.20616900061590426
0.26819963822930865
0.22282750398424672
-0.01025901144341612
0.3297148417393475
-0.24831040542748964
-0.8994462334983298
-0.10507700849899068
-0.48925833629374865
-0.861995620081811
0.26396252811845333
0.2809816113557532
0.5495967534458018
0.34211222606273556
0.012898111203932732
-0.9007133798542684
-0.543900600379545
-0.8875432504527703
0.006408985487466808
0.27963605665621416
0.6583089849442824
0.21899502750753375
0.1511519033639152
-0.052205696425876656
-0.6920577516366454
-0.6370077647283919
-0.1942343181315586
0.19573699613065795
0.9541354272368623
0.5523687569578056
0.4240426193965571
-0.5910947895904227
-0.19433885010565677
-0.7764610793012173
0.22436481353611076
-0.132852785282105
0.44520991549369804
0.6466825037627655
0.5674753452245064
-0.5337167070123799
0.16648870294562143
-0.7748375806879219
-0.12570991766919326
0.01557086445525438
0.38434651813864174
0.6188936441323849
0.6391165774672194
-0.22910025563334682
-0.2951420664083626
-0.24832803132145584
-0.2113211445316578
0.37651464674904855
0.42054776169885294
0.7581121694950471
0.5649112286074146
0.00858163011439592
-0.6409147242365546
-0.44447895876550075
-0.7890696137270311
0.16784443954573158
0.3956256949458856
0.0930787041247681
0.15014184870649516
-0.09911893011863816
-0.11773086708979282
-0.4592099816130521
-0.4367267659647942
-0.3144502854014921
-0.004714018406430176
0.26482696185988813
-0.29704853085070143
-0.0694577538887722
-0.1474149721937511
-0.16549639105531974
-0.4349134017949831
-0.4607657119371012
-0.16118638877907457
0.08641317301301146
-0.07334673720610067
-0.19414104039596547
-0.12213667053129555
-0.2432897756204436
0.16106050743348618
-0.41996806684742105
-0.3938023260951366
-0.258320678850562
-0.00041378584117934613
-0.03859281064578149
0.016428741358538654
0.6015897542945414
0.08801222893577287
-0.15924023101325172
-0.15078102956587222
-0.057403206174987585
-0.2566556056195082
0.23466708155186963
-0.002092101249978575
0.3711276438928215
0.3999704188372825
-0.29689102588056315
-0.14539751293410902
-0.12883183532602466
-0.5240236875385792
-0.226020578052863
-0.10721092849287336
0.07469478415607499
0.10488414424753215
0.18457215265425478
-0.21593666438827275
-0.520858733137599
0.1544195185521313
0.08562510217692638
-0.28647741407040545
0.029706069401544268
0.03074194185680701
0.15377818907878352
-0.07594021874456615
-0.4130069392661721
-0.34637802772830295
-0.19782169169073366
-0.2807660542357777
-0.07009620643601065
0.22577699346009678
-0.243469419463748
0.11879169188325411
0.07522242122620987
-0.23417598802386905
-0.4239395417162419
-0.6526295693055886
0.3580143597096984
-0.22979583258564543
0.5805484699356769
-0.03201188104533192
-0.6190255479781498
-0.2195572573813878
-0.11331236302408157
-0.2237418280762893
-0.2485787687652019
-0.21262790933618858
-0.16325507326029645
-0.18092098527158204
-0.3703836562072362
-0.0607654522097526
-0.12413850705075938
-0.20020557052939617
-0.28057673065557226
-0.33886398955637426
-0.5578764401109494
-0.6243149428270414
-0.7187765189148263
0.01362611905964257
-0.2555575512696825
-0.2898407001169399
-0.530132667031704
-0.5001854078915736
0.2226678165165395
0.1983080138013091
-0.20550374805697094
-0.4409361765823791
-0.47483255764802623
-0.4776637465521788
-0.23847695695883897
-0.42368370268860783
-0.031728660285671076
0.23404978264079698
-0.2768081316696382
-0.6350246732779322
-0.7859371394811125
-0.41452244112611164
-0.46657367015017215
-0.9082289265500578
0.03662002378092398
0.06799673332486318
0.06667951663222356
-0.19884999705675632
-1.3345887702553163
-0.6610638926469544
-0.48573379131104644
-0.988437340189058
0.05348764877549873
-0.0398319933527145
0.640120293367773
-0.3819482537051012
-0.8730474818491102
-0.37583707861466037
-0.09057762490840868
-0.3661537956945961
-0.9850877419561584
0.6862097732718593
0.8923408544167891
0.5504983365513401
-0.060757762222067
0.17762685067352235
0.45118124968843876
-0.011153179607019805
-0.6818262444839912
-0.011309359421281367
0.8767158614075453
0.6689810746173555
0.3281580658103624
0.47938958968286755
0.45892524055956996
0.16070713279665877
-0.11932857154468805
-0.13784316046722864
0.4363008363283853
0.37776185400504336
0.6429157916667203
0.23506391207272798
0.4775517094044987
0.0431346738801163
0.37511079317065193
-0.4961148193709867
0.4191639913837011
0.2923585713035718
0.5479577338847185
0.3629384172803929
-0.09360691043767146
0.23340725104304175
0.07724088705719671
-0.2029909620271455
0.20723927392453154
0.23270016215629313
0.31309731961450676
-0.30523140834593904
-0.6363415760816474
0.08734970829461838
0.2640768757826055
-0.011366100429930576
0.036417287328097826
-0.3820166885374835
0.4221833195947181
-0.1562422128680363
-0.6044595640657425
0.12526791406820684
0.2864791783718584
0.4765848270449517
-0.21025746660204397
-0.03579855783649474
0.16973617099683969
-0.9159640769231269
-0.1375076193277345
-0.4680014963542157
0.03687289958883959
-0.19821493401023987
-0.5328839016848003
0.010129843505767863
-0.2861697185094502
-0.059172122565594364
0.04602549370589433
-0.6310989058669983
0.062067455169426196
0.10026756117450995
-0.18830634021728812
-0.1550721922724978
-0.2112196397774281
-0.500445768087055
-0.3080691423668475
-0.40113519290638555
-0.19559846607896403
-0.0850074651786609
-0.11188385653280992
-0.07113060259713241
-0.37129697385713634
-0.23732220998852158
-0.3631854335782962
-0.11256534786693398
0.09068766964537169
-0.14462018484180436
0.3459111765806396
-0.15000260374659852
0.022011583784780617
-0.6288517641519309
0.06353976200039733
-0.3949027155827374
0.23679643585360136
0.06238827270631158
-0.08112896416337721
0.19537032949073546
-0.25425946732288657
-0.40390730683920906
0.04986284970989816
0.10573246573144103
0.21917707905405778
0.08140543850751052
0.18985776006032745
0.36751930516136466
0.18705439099863214
0.01726160242249399
-0.36601065743692596
-0.27588295388460876
0.2716978919478489
0.06216591554845987
-0.1404033471295487
0.20606511502031155
-0.05747997483643533
-0.039448084223003194
0.07772610270650128
-0.29226548709918365
0.2744660293392447
0.001913262189716183
0.3924906545162378
-0.0627222123762452
0.5156283776800884
0.07738991940174961
-0.05348341332811007
0.08222729749217261
-0.36440741972123275
-0.10806382928972819
-0.25741847726739686
0.009673740713951651
0.03519496705819984
0.5019311808814921
0.3165472281022427
0.2024416624167104
-0.01418831441828756
-0.47895563597810414
-0.8255585715978511
-0.4207965816293335
0.2875903735058572
0.42515931410870184
0.3901237214064583
0.04505619456637793
0.047043769815806845
-0.2179653783507628
-1.1265961320593663
-1.152324506262088
0.20134930898184678
0.26315656238355756
0.47442801309194416
0.04356198947698541
0.10490997462565665
-0.010135178667813537
-0.4805438710800889
-0.4911837015661919
0.037127274047647374
0.22890967240479027
0.27897759423539475
0.2479610004814562
0.2688441819582423
0.2690390373562007
0.06585142424081017
0.24296278764227477
0.09303142409227373
-0.08706878268753948
-0.11478110743760889
0.1025056482784635
0.4324370497281244
0.1567495788684305
0.3433741228817966
0.25057635728170874
-0.05374982665748641
-0.18077505154625487
-0.6911747318542534
-0.008887714455195527
0.17411974730948215
0.26564762899106714
0.11947656043542673
0.4337591988705083
0.013548693938167369
-0.6867041106136441
0.4379097714594221
-0.4499690847496755
0.11907990684260902
0.25477792695572116
-0.006620093810172347
0.2847336926033747
-0.42900264267515786
0.18089530363071218
0.0921523541974213
-0.15685661515301522
-0.41500375074624046
0.12303402832930053
0.10986219963628738
-0.2806702130605748
-0.2127167626038979
0.1220663180159438
-0.13004274367753688
0.010648381642977127
-0.28487347778653066
-0.0187044717621187
0.21490118785049606
-0.1432802896431219
0.006964644901096206
-0.07388909091344156
-0.15783135948994265
-0.2405527052617268
-0.7387978784713202
-0.8285243647204106
-0.32165912930120943
0.31453080858123644
-0.0858494822900339
-0.23889163327256618
-0.3934067864174138
-0.1639924379836732
0.2208193658619411
0.31649664031514435
0.400857684157457
0.6042999446274965
0.16067839832044994
0.27997377159531006
-0.12087934455964232
-0.12168674175458224
0.24249050346238274
0.7016945295424297
0.2518919307788948
0.08708894605909268
0.4435646464391082
0.1863098988699884
-0.07117044054610443
0.4295497971796937
0.34820565289552763
0.37307630524480656
0.45859758058702643
0.3528556536933326
0.15021418425714939
0.5162256438998475
0.553155199607334
0.3118243478031752
0.028200991667355357
0.18384419700002874
0.5793174818768968
0.10456587000526549
0.5094689400826701
0.3447924376990604
0.41480712962037214
0.590416443577859
0.28193901480769507
0.5172372095718158
0.030735392886933447
0.21247582945750912
0.6434852555526481
0.22172366148478026
0.3499313481230327
0.5351607463287976
0.1536985562858136
-0.2486767441968185
-0.044127934524449616
0.10839456968509457
-0.11122473963951943
0.03738938644514133
0.1776284964541658
0.2691336920295794
0.747781024940882
0.5903224158986125
-0.1682143358605048
-0.758739488031166
-0.3121675479489785
0.13525890647343036
0.27434703848677877
0.26011368382430927
0.0056817524652404295
0.43871800502930414
-0.21223417417969137
-1.151165984962939
-0.5864305053424652
-0.48918342345222043
-0.24424518539230666
0.03652481177376882
0.4415434940288769
-0.10982062586677337
-0.3216018699908169
-0.3872006242125996
-0.2384744328485146
-0.3284361758545802
0.09652250107736689
-0.3591667557960376
0.020414043278620068
0.2334206038376028
0.08470180898127215
-0.5821428817818216
0.1935535832716252
-0.08233696527780526
-0.3549717709259129
0.33251486703562744
-0.27145404276334906
0.3366859794984966
-0.370507248776304
0.036612593897460695
0.12952097355249934
-0.2395659070297513
-0.17684663216203927
-0.42673486586294157
0.03584270890742587
-0.12400450155856843
-0.08069375783376957
-0.26496810851939206
0.16120110744499455
-0.2598562514133658
-0.03892811643294537
0.035612354924104805
-0.27356752023639225
-0.14884947247813543
0.2546176195199452
-0.06664709144459274
0.2708235316728215
-0.15190773371158411
0.23205277032971058
0.10476439715803332
-0.28891029206746077
-0.3112645459581085
0.1588732864246297
-0.053929152576957635
-0.2985590268490811
-0.0700544642318432
0.17114038650319724
0.060026455109299985
0.1384356396785268
0.10450047874860312
0.05936263114186149
-0.1310692660000653
0.13233344292925212
0.572011883585746
0.26236011258351544
-0.025927162501987316
0.06661973034440745
0.014226218404173525
-0.0017720108327440845
-0.1143064714952836
-0.3130258943004759
-0.3036932127030342
-0.18763878607684042
-0.6711994366867187
-0.8375592577127424
-0.8922853031316904
-0.13163080630688095
0.2174083400814705
-0.003786361284776152
-0.2349857471184646
-0.11647938109154267
0.031858506696090166
0.08950014589158178
-0.23376437588947802
-0.23814383862707
-0.21433264380276146
0.4987094799330866
-0.12671459530181256
0.31316317077564865
0.4064517647796944
-0.032774028608784575
-0.1690404057794675
-0.05118009751764175
0.31014751309669986
-0.12759828445837063
0.2416392882067893
-0.02585299320696699
0.110130981243841
0.002269981403037746
-0.3150960987361475
0.15613823599192247
0.2666233232941406
0.40782516190844303
0.15542227944094364
0.13045383518805284
-0.019318216977804507
-0.007716093649416774
-0.2276251980124122
-0.1636174161561803
0.12011282433231384
-0.05771738050046388
-0.0015346769110928242
0.23401234607503882
0.02077635222939251
0.36008371789144455
0.015750521655332875
-0.17601812842306272
-0.5078162573243017
-0.24332176546469791
-0.1342973530197727
0.2655156465293668
0.48137944816184725
0.33161339644485405
0.08756988895189757
-0.24546951074362733
-0.1965951703286781
-0.1489025852565294
0.38775347394703924
0.1273635835076435
0.2007335618278249
0.4699074383913165
-0.06318270917067875
-0.41065249844271595
-0.5260872775200832
0.12762624619241802
0.2384513252027066
0.14480076773706485
0.18922413379109784
-0.2685293871646612
0.2134634006086549
-0.6486857143684515
-0.4152503062673076
0.04886972339354001
-0.05053613327873262
0.09596257495366119
-0.061797559636725376
-0.01440797164468326
0.2647668492612524
-0.054553334233470634
-0.28198071656550194
0.5044320828908042
0.1185040738412103
0.51859197625404
-0.21212175810617007
0.2508604477005815
0.24804467292123317
-0.253962079789127
-0.12056352530549658
0.32336412439558143
0.12145597722664113
0.19550787145996543
0.08209936173758402
0.14549755809552034
0.14230129511390718
0.17527292676632097
0.19972203091270027
0.01677320131297187
-0.4022517841082407
0.16240931655205612
0.31363652517637847
0.005397601906348991
0.2760239769495953
0.251203556686506
-0.49898820581199493
-0.04961950014278072
0.20408947180440912
0.10195005237323407
-0.13026309767256808
0.3066624753649557
0.11469794241192172
-0.054922725842719726
0.12871853958190035
0.1414113700670574
-0.25416466686595895
0.11365661127817087
-0.16217119348837816
0.21611347266105235
0.03520234425296373
-0.14073579538105177
-0.1901268308321939
0.03983993872955109
-0.07799714670338656
-0.06564488972349823
0.18986934094992702
-0.36081158548751097
-0.2815189729666443
0.30853383121052935
-2.5938870223857875
-1.9604330226099216
1.729127732193482
-2.04277318956174
-1.4606402215977843
-1.5750747540770036
-2.4997651870514592
0.8364126310504372
2.4851470468823726
-0.4448876161338376
0.5653917419463869
1.8525217428020697
0.5628615114499198
-0.691435143417065
-0.539587153346686
0.36684085733192245
-0.748458682098213
2.0561395345582136
-1.8299089979498235
0.7161414072957407
-0.055078494899289156
-0.9453910502674
0.967272366978097
-1.0903280306504406
-2.0484131868323683
0.5032408929323071
2.9373566201863417
1.8323318273470748
-0.6637334944441934
-0.9640095308164562
-1.705529272460822
-0.4748804128986023
-1.1714832619809277
-0.6684980185246695
-0.27362542014717167
-0.06886468099518411
-0.7731770585114665
-0.2533041447761598
1.9128095607968465
-1.1492033839468252
1.3145812766557934
-0.6275304339148523
-0.17782007779931364
2.5212862414178323
-0.816313746506563
-0.58662435606324
-0.8947395213460696
-0.23378384571290411
-0.382887415119037
-0.32306929712983334
-0.9259602398618655
-0.6065411758696762
2.564145807098853
-0.8435104600290297
2.306155135795169
-0.7876131668150926
1.8020676697914857
-0.579762179843978
-1.2553509564543468
-0.5301743047628937
4.7941857377362345
-0.13233145046365077
-0.574577054389879
3.58710844123212
-0.8858552775638865
2.381175561911829
-1.218704975591339
-1.0146790523033102
-0.2413780692224109
-0.782662700322439
-0.7167099695276463
-0.6909193559651444
-0.8206471826675007
-0.21025493748157717
-0.39270701772873656
-0.345969792059274
-0.7534371389236848
-0.5697229729285117
1.614991548333685
-0.6754538242537822
-0.6082794568927324
1.5101156758758965
2.2067421495582322
-0.5518522867458188
-1.1955901945968312
-0.4898630442869686
3.4908816915331955
-0.10065767863966875
-0.49645827622570204
-0.3341400067155985
-0.7217789152739502
2.617157063695532
-1.126110848850906
-0.6552277260040693
-0.18651533478597912
-0.5735980569775901
-0.7429092025029862
-0.6556297149890614
-0.6901490437240919
-0.20526398028012638
-0.3073908607944728
-0.3580843130178629
-1.0247948940304912
-0.6765058584575019
-2.606042816883122
-2.065497873528065
0.5016561714293999
-0.30706867486284745
-1.6291257048338585
0.46177517525586875
-1.1552197429331317
0.013698359901688828
1.2586026528951526
2.172327436774429
0.9771277879623826
2.992485328173493
0.12550739413393022
0.24128876821291573
-2.5655512806146445
-0.19633047673825013
-0.9075084489719077
0.11875681562986305
-0.5179883067169
1.407219242552517
-0.4527476275263747
2.6103009646672195
-1.4528753648245387
-1.429981678909454
-2.248169884104647
0.16651681548922148
1.6405353364290076
-0.5798166567451569
-0.4378331911582988
-0.7107959810881911
-1.4520072410959504
2.4564138427743827
-1.3463365387449984
-0.6222350297690172
4.106889777982116
-0.06571806619660615
-0.4786428693734728
-0.26661351149520596
1.6248129233135682
-0.9569152165997167
-0.8980927022867843
-0.7975642438437237
-0.21296019065762556
-0.5918421052035415
1.6654172775936924
2.1319789021121838
2.368915030514925
-0.18842087311835812
-0.3173237312935474
-0.35988169520033386
-1.009050449192705
-0.5309857761362908
-1.1011309563447473
-0.5462750688325773
-0.60770005506137
1.3865399566999035
-1.5278554320357691
-0.5533353050605951
1.1767362711886395
-0.635050499630609
2.7471087525046274
-0.12339291431786573
-0.5342827973611773
-0.42942220929595437
-0.63148505922502
3.9104418424459064
1.5329779609124214
-0.716899655306557
-0.25308818412948436
-0.5620991490804726
-1.0503028706867403
-0.7110200377344728
2.439966566076032
-0.24572255539626067
-0.32250508003683165
-0.367152625734158
-1.0049731749602377
-0.7406616306072087
-1.335999834342426
-0.8015757121653371
2.239377920450066
-0.8417801041694122
-1.6501769008216793
-0.5871617022079871
0.9016657222860244
-0.534695326166567
-0.32578147674586294
-0.05711458684720364
-0.6122028099771245
-0.27650530111919525
-0.8865861099646231
-1.2431759654831218
-1.2738892886770712
2.6668435818774845
-0.20792564291743526
-0.8642275101845813
2.029391922161601
1.9064727797800758
-0.7544132039720558
-0.24903293727281814
-0.394179379011843
-0.3758730058736341
-1.158236274225408
-0.7348218452811996
-1.1869384081647274
1.5840398839124687
2.1299027706641604
2.0136730217820498
-1.6555842442461794
2.929346416951107
0.8824239318495942
2.0920623564866188
3.0894194001775834
-0.07896009353099329
2.8999779210281273
4.842901663094419
0.9463656272262922
2.5970798920067426
1.2021000550116718
-0.9013323730783347
-0.336028896375857
3.5947788982957793
-0.9286181820011506
3.8300970636448133
2.3883853760892078
3.206140633690112
-0.49669918019838616
3.156907874713952
-1.2650642645983032
2.739445832918417
-0.2661879613324143
-0.22522053132407863
-0.12113159501674092
-0.28132176560750555
2.0171312101571335
-0.14748413951222406
-0.3417737327813332
-0.0879532935636024
-0.0456911392090561
-0.011959628922788273
-0.1270808161947358
-0.039308809765860035
-0.2043909575210222
-0.328531050993213
3.003812058171453
-0.2309767870134718
-0.027942980820717275
-0.12698830109899412
-0.1461040754118864
-0.1497454855638397
-0.16192370300665
-0.053628427097366704
-0.0776228601339544
-0.09302342347004697
-0.1987965186910114
-0.1521993914384242
1.1219977653888502
-0.9226357704583474
2.5217500140208977
-1.0745437154570203
0.39547668505188305
-0.5747833798766756
-1.3569380290083561
-0.6088180351710089
-0.39258491511127175
-0.07392807926138897
-0.7839496717978441
-0.31020883747541117
-1.0374496147270476
-1.3129269368157872
1.0178060251996652
-0.9252329323565811
-0.24234346486648642
2.0705605355165253
-0.9231487738718674
-0.7840027286690489
-0.900999651892035
-0.309198558211046
-0.4881235618383622
-0.4860122328973312
-1.0467860103443871
-0.7782900925942967
3.620689354288152
3.3699814485868687
2.8853050721726983
-0.8862004448521262
0.6368129231655337
-0.5299455439331862
0.924025419249852
-0.48602962075553385
4.247656897578115
-0.12381595542202176
-0.6519386861994456
4.1389881175843755
-0.5713391704693808
-0.869982774417004
1.8914639290491633
1.9604813883602894
-0.21935886396217755
-0.5302584262462313
2.0945121535556392
-0.713502764266525
3.5864621165349115
-0.21775001681544232
2.9315192802422825
-0.3036789177555749
2.0108508427610965
2.4757835260348298
-1.6701553895459713
-0.9483738880843579
-0.9481041042640215
-1.0575731564592694
0.25234477094349866
-0.731061258856815
-1.5949291984986658
-0.8300529164194493
-0.5619810705149552
-0.10631186174799293
-0.8995098901472535
-0.6362805809023194
0.7508717450631199
-1.6487472699674974
1.8360362009973925
-1.220925230818295
-0.4221593298764506
2.029513645415879
-1.0569308528621504
-1.0382376747323185
1.3429303140711124
-0.4251860734849043
-0.9489492137973541
-0.6792789444521873
0.8137694713840994
-0.8845175500907083
1.0623169766620728
-1.6852272786199798
-1.6305473906648689
-1.9481015873909888
0.27927259421587936
-1.3511534860950007
-2.3502140781161023
-1.4630588115611303
4.064065202799162
-0.44188508876623417
0.5767125716382675
1.4777309927007705
-1.887952977676893
-0.10367401837674702
1.3839954835627266
-2.059592139344828
-0.7219480897231288
0.6282379370650427
-1.800809445353057
-1.6048143857599935
1.5557580970672364
-0.788070107366676
-1.2541362507355815
-1.133864209866979
-1.944423596512363
-1.4360966211164983
-2.247664513093618
0.5518642169231764
1.9226718060109196
0.3945205104620312
-1.0817209282133102
1.4396433825498054
-0.473939599544367
0.782877891994646
2.59752897391448
-0.35843767011743877
-1.4182379708589838
2.4607351543246283
-1.8299827130911646
0.43131458494630254
-0.3950077717400898
0.4189794546518975
-0.8117582386760288
2.0905979468019837
-1.7372023178008165
-1.5011825429550145
-1.7702715089035381
-0.8463160950716061
1.453029942654073
-0.8864352351438064
-1.9608034726162913
-1.1893319743194317
0.7030214939454262
-0.9107950484085802
-0.830651228622718
-1.2205875495196246
-2.1465670957839658
-1.0229480485867084
-1.610327186053856
-0.9051487499321413
-0.633796683952831
-0.16135008427373487
-0.8958334738603966
-0.5014551074720883
2.7695173442464505
-1.5945973818006935
0.6270760792208694
0.8873831128321928
-0.42193195712427684
-0.9681793800713276
-1.2381806487113078
-0.9420620696494879
-1.1382644221637128
-0.3835138061960581
-0.6227403279851295
2.396119441849333
-1.462093066523722
-0.9631715208903133
-0.7256057205291037
-0.45753689608223846
-0.3795836708833842
-0.7227903600812285
0.7668679816807068
-0.45392592747858707
-0.9269100624731991
-0.3533047430565035
-0.1974258709479117
-0.03733452704463723
-0.35985279251749924
-0.18552375068381957
-0.48745540704005147
2.1084295965432744
-0.6964335028646144
-0.49362817111922397
-0.15162189773459125
-0.47339801014740224
2.3450702015539524
-0.5847665913240692
-0.4767106217540707
-0.16886597481039656
-0.2382535440907471
-0.22893286336471036
-0.7748089727449126
-0.4767572359068682
1.995881398202724
1.7145104256428025
-0.7840816801055357
-1.2087584063069106
1.5826589386444827
-0.8377085683704496
0.6132365850855143
-0.7280835974248254
-0.44315685325933923
-0.14356465439386856
-0.8292838059185352
-0.4430461596852625
-1.1980968526593065
-1.3888034408266403
2.305958904793306
2.201170213839522
-0.4150304534171688
1.7432250972870809
-1.20501808211316
1.553023800219362
1.9694154145831435
-0.3621895204061338
-0.5508275068118991
-0.5354865304789977
-1.1982174826506287
-0.7637430022611673
-0.878092716032716
-0.4543033133436264
-0.4800195491070295
-0.6770254855922181
2.059849128507034
-0.4017944161968736
-0.9060303461252524
-0.4468090932628161
4.637209797874276
-0.06946317705229689
-0.4808404939022467
-0.26207450520173137
-0.6769198725551889
3.05637178076327
-0.9805039076121717
-0.5089704322169748
-0.1525347746976819
-0.5258905431650496
2.3252064582885623
-0.5390249327532776
3.577885200765109
-0.16015556522216226
-0.3272724848059126
-0.33408483202479955
-0.6161888855217927
-0.4191089348706958
3.248043274257675
-0.7023668798282756
3.329227976628326
-0.7463640525600234
1.3796114146478087
-0.5327639874204675
-1.247963184380039
2.3758017859307685
3.507073940309872
-0.09066098353627201
-0.5563250997345002
-0.29408164614736076
-0.6986011115280372
3.086737313704309
-0.9930583352073897
-0.8036137904889693
-0.17921918327499406
2.202387226198062
2.384547811842873
1.5028419513338138
-0.65656572236877
-0.21245897281250925
-0.377230692295504
-0.38463832522867564
-0.8965426197262807
-0.6858675178385768
-2.108880296899092
0.8047554494926171
-1.5097081750807448
0.132459026177633
-2.812266420419316
1.1280025602371615
-2.454962582779639
-1.1332454322724368
-0.817636034223947
2.9444475090607125
-1.1474727460298946
-0.6965530228390856
-1.6756655679382892
0.3645346777915195
1.1497588811912067
-1.5883413068464403
3.649019201405311
-1.3876128257958864
-1.743680452743203
-1.4023052714585758
-1.7294928237071985
1.8976084087579634
-1.0615208313751288
-0.7856968232394559
-1.7591910752193092
-1.1412269405945497
-0.9026539479012831
-0.4661410673215013
-0.3900878381343255
-0.6469445206467559
1.1481528925028566
-0.32959248181532175
-0.9570213357357946
-0.28390477956571686
3.6223365188469536
-0.07149828510781187
-0.340215513852148
-0.15201246228222778
-0.5940436948673175
1.7587651498871968
1.913743486855809
-0.559938245130634
-0.16911741008535244
-0.3665905514246446
-0.6329601413706596
-0.4809912544146382
1.9992077642132073
4.115703660742373
-0.24611609880208346
-0.28211007642326047
-0.5823852532616741
-0.32726838780567524
-1.048666829066138
-0.5523756125433079
-0.48713005531431136
-0.5053959880238971
-1.5207307653761017
-0.4470345135914752
-0.9493583664411985
-0.34213120315074685
-0.20323209394310318
-0.03231974887928842
-0.4076962816689273
-0.18517207125621157
-0.8419709862222823
1.6870434045134992
2.271619972082413
-0.5672348954235851
-0.1406465917689913
-0.533691988789859
-0.5674404890332785
-0.45446830594054527
-0.7217482663904191
-0.15315666461437294
-0.45008490663290124
-0.26214790187752074
-0.5608226198477897
-0.3649269705083088
2.642627846171052
-0.2725799179907102
-0.34591918707421065
-0.38213678881910806
2.405672271332408
-0.20745794374788873
-0.7150350906161681
-0.2253163859129026
-0.1432571775222481
-0.020381924055818037
-0.27855063662175683
-0.125275180352122
-0.3675416473277069
-0.5136318708370653
-0.4918700792302196
-0.36677955997730693
-0.08892686761418377
-0.2866754953934102
-0.42377166333523425
-0.36668714144528636
-0.25764541737218766
-0.07029256379123537
-0.14472037311547872
-0.20035135233896412
-0.4387979996020351
-0.3439221699802106
-0.9824671773229762
-0.46044264315524563
-0.5065318513267976
-0.7767143254776147
-1.45405838036513
-0.4888657878859828
-1.0336684191191452
2.6792199713183975
-0.29217290412293484
-0.0674193662414895
-0.40251070273997036
5.529101272606495
-0.6930535228699347
-1.1950298206646495
-0.9063693016125053
-0.5247595253690994
-0.1808878132083489
-0.4299200755812445
-0.9077328273788112
2.443694190099192
-0.5839374260060226
-0.22913052855953892
-0.31966281863014223
-0.3176417932394857
-1.0044898509609428
-0.7135860966107532
-0.9216867334801134
-0.4925622749701308
-0.4299274731526393
-0.5777593251366546
-1.259859511876848
-0.34164202479802186
-0.8929830885991903
-0.4070296546310834
5.184600035263876
-0.049612409401833826
-0.40094712910566765
-0.2445343876271907
-0.6629911193943702
-0.869544448219377
-0.8462763607576751
-0.5365458309256136
-0.12632744340843682
-0.44764109433109556
-0.6351409576609547
-0.5381018533335294
3.25663438512742
-0.1538921696807414
-0.3520222417125247
-0.3293629573113296
-0.6556664256064277
3.9637386517574544
