-0.013589088633
-0.0188319746221
-0.0278064898469
-0.0365728908382
-0.0392804868333
-0.0339331927377
-0.0219314767323
-0.0131505889971
-0.0205375054502
-0.0173390329401
-0.0198469070641
-0.0218909323015
-0.0225105653585
-0.0171481741353
-0.0164577281119
-0.0161200621918
-0.033896168182
-0.0206094183335
-0.0194465279235
-0.00944168402916
-0.0036493186444
-0.00533526345808
-0.0122330711084
-0.014339922834
-0.0481659161201
-0.0164818083687
0.00400171858958
0.0197532148333
0.0197052794603
0.00844887038909
-0.00325651771262
-0.0175933475833
-0.0671923794094
0.0218136197788
0.0485182588734
0.0607032533137
0.0522900756874
0.016128085434
0.00249063711668
-0.0154850677288
-0.0376492008022
0.0794791811591
0.0834846355735
0.0648587766868
0.0616144528564
0.0351489846488
0.0161250778465
-0.0210085910668
0.0430342854065
0.0814433372715
0.0286194530352
0.0123524392081
0.0493999893715
0.0621437105624
0.0325817366197
-0.0258488889172
0.111251976457
0.00292164826083
-0.033382880213
-0.0116497723106
0.0738482309588
0.111796112701
0.070326273395
-0.0243518238854
0.151360404928
-0.0312836806946
-0.0150955659777
0.0416293151676
0.123986206181
0.163546744515
0.101822610709
-0.0196627599431
0.164944062099
0.0104990744329
0.04379851524
0.080540444184
0.122535267497
0.162332095671
0.122233472452
0.0164068921611
0.11858318579
0.026220164886
0.0371409143714
0.0499045517197
0.0524242225587
0.074582013469
0.102421639716
0.07516925811
0.0637162410084
0.0156342227582
0.00949827686632
0.000434121178414
-0.0174794114385
-0.00668983939059
0.0448211031865
0.0728888902752
0.0105725607286
-0.0211337807775
-0.0152287384881
-0.0322369687129
-0.0447907107612
-0.0339664636804
0.00828770780247
0.0429716119681
0.00192184957931
-0.0170204280969
-0.0280717728236
-0.0443792932365
-0.0487433168244
-0.0417140828193
-0.0156598948945
0.0180963232386
-0.0107540035822
-0.0257547691622
-0.033137427985
-0.037927846932
-0.046421830468
-0.0378580859139
-0.026333353978
0.000849028099559
-0.0131490550747
-0.0266366296931
-0.0394254337395
-0.0465048149092
-0.0499927696681
-0.0377841815414
-0.021847989252
-0.00542703624018
0.0372563867733
0.0243825293725
0.00129983128073
-0.01969588676
-0.0269807896704
-0.0295198592719
-0.0197951338112
-0.010486629909
0.040487270951
0.0214395243835
-0.00350230572968
-0.0127096351683
-0.0220413008849
-0.0252716247933
-0.0218199580056
-0.0158969858906
0.0398473892627
0.0187589013322
-0.00548121474723
-0.0179694942627
-0.0265789048091
-0.0300317093655
-0.0287542708929
-0.0232544993165
0.0338451768595
0.0136313898675
-0.0113649181447
-0.0251942075501
-0.0354511393176
-0.0360805488417
-0.0334098575137
-0.0308193375662
0.0147442058151
0.00338345195671
-0.0186625261659
-0.0339083102522
-0.0449988090599
-0.0461217625425
-0.0413180030825
-0.0402216605446
-0.00504258126165
-0.00382462025248
-0.019376055265
-0.0332273993536
-0.0442395925519
-0.0405615512372
-0.0398401509798
-0.0430869108697
-0.0264216988214
-0.000780334966709
-0.00971536500512
-0.0263994598686
-0.0346211168177
-0.0290581658026
-0.0313858383598
-0.0397642270242
-0.0358844995364
0.0145788301379
0.00424925557502
-0.019017393019
-0.0273793081858
-0.00939110571715
-0.00883006480998
-0.0262574538314
-0.0452155072614
0.0235307541189
0.0222991783349
-0.00518798101163
-0.00487531988429
0.00823448865218
0.0140995811314
0.00235931993654
-0.0454493252807
0.026885950605
0.0387213646938
0.0169614072219
0.00886585107595
0.0135764396203
0.0188023685075
0.02655290249
-0.0369423733135
0.028351532835
0.0487611573016
0.0158101633877
-0.00754764878557
-0.00107487631226
0.0185016518047
0.0464186979542
-0.0234220292142
0.0317153970176
0.0463788903468
0.00638391994246
-0.0168683329444
-0.0119892600157
0.0283100876561
0.0625337482191
-0.00757586607802
0.0374152784759
0.0424924519994
0.00459905963507
-0.0166058938029
-0.00123200658443
0.0422718969424
0.0605033979389
0.00852917936608
0.040082734868
0.0412800659291
0.002752321653
-0.00640775950783
0.0196919701438
0.059168889987
0.0473219953973
0.0229875862088
0.0412961622763
0.042867887617
0.0201553463035
0.0267925128793
0.050355164673
0.0566567823
0.0186398433163
0.025442969093
0.0527948177345
0.0610367097491
0.0635730607254
0.0570674540647
0.0412746620002
0.0201897806148
-0.00240582664627
-0.00907702155372
-0.0117927337885
-0.0171181835289
-0.0199388040597
-0.0146284642233
-0.00626930923099
0.00114497066142
0.000711328100788
-0.0130540650413
-0.0081376359283
-0.00900251540351
-0.00410880027916
0.000702021281584
0.00558107080503
0.00758649816727
0.00430549588936
-0.0192329984049
-0.00635028775854
0.00485986417058
0.0123542578856
0.0200377546573
0.0159880277774
0.00935262179191
0.00734884286547
-0.0197397887854
0.00991663416932
0.0279435930389
0.0246202532291
0.0193380584801
0.00345145195364
-0.00254523552185
-0.000685226384042
-0.0138272449962
0.0414096616616
0.053794598748
0.0412024789757
0.0158655699991
-0.00208949847655
-0.0128937845457
-0.0148489809608
0.0233491407696
0.0711518839509
0.0397748735641
0.00673858674174
-0.0160692604081
-0.0276640220172
-0.0363411536595
-0.0380738248038
0.0704810055904
0.0418309839031
-0.0124239774996
-0.0408569689459
-0.0497928215882
-0.0466732510879
-0.0461837492319
-0.0565454247464
0.105471081724
-0.00536343719766
-0.0481054660911
-0.0655966767563
-0.0647743713952
-0.0515775645171
-0.0454580199995
-0.0595703998669
0.120864888995
-0.0385545820166
-0.058843258789
-0.0674173145012
-0.0646297786993
-0.0491035095809
-0.0462956460391
-0.0530705241338
0.128628050557
-0.026419123173
-0.0475439331632
-0.055858852981
-0.052084122246
-0.0390628739344
-0.0339849605465
-0.0335314117468
0.111998328489
0.00754254260422
-0.0191998753276
-0.0266205764634
-0.0193185110697
-0.00690592830164
-0.00442620854704
-0.00805880529501
0.0786975832151
0.0390440696609
0.013445026533
0.00852896296387
0.0131973330735
0.0208135358784
0.0158850872144
0.00268858232286
0.0351015493784
0.0390132811575
0.0284596759649
0.0140413487116
0.0139756339205
0.0201915952087
0.0121564745531
-0.000136401189466
0.00592447265871
0.0161207671919
0.0233678183526
0.0173020103714
0.00926600207827
0.00985836932836
0.00494428534071
0.00238118313458
-0.00645385009661
0.000673306237766
0.00482885042396
0.00672981936412
-0.00151910765591
0.000598793869914
0.00110993247814
-0.000918379914293
-0.00883238819653
-0.00975649908328
-0.0099941703406
-0.00602007596475
-0.00718537396759
-0.000836809105532
0.00408569085534
0.00200623319287
-0.00758659337044
-0.0128831679837
-0.0247776907264
-0.0252873082461
-0.0108447518019
0.0134952911478
0.0108213615049
0.0139506506946
-0.0121311522275
-0.016412845803
-0.0219081772756
-0.0156967217327
-0.0012767540963
0.0225112658487
0.0141594916171
0.0162158331257
-0.0187670066093
-0.0223955038816
-0.0253578909308
-0.0154420466283
-0.00251846438257
0.0191303556159
0.0174504477514
0.0139073982432
-0.0317655307688
-0.0319548648601
-0.0366963203317
-0.0262810152282
-0.00581813970251
0.0235348480375
0.0227955765965
0.00835205784494
-0.0487149002277
-0.0457190807449
-0.0496492883497
-0.0376145260217
-0.0149061144885
0.0182256871887
0.0215534721433
0.00123565473081
-0.0660073517316
-0.0541657835078
-0.0492100162038
-0.035016959248
-0.0113322774544
0.0232108507462
0.0281769170369
-0.00242430197613
-0.0810957965237
-0.058090848333
-0.0417134472885
-0.0273205914686
-0.00568343964063
0.026103876249
0.0303105168029
-0.00295055038315
-0.0862315305956
-0.042977154136
-0.0242561540592
-0.016501902752
0.00303362856157
0.0423353625757
0.035997264363
-0.00395557062215
-0.0750197765708
-0.0145214539518
0.00367825204609
0.0002533671148
0.0178177405283
0.0568586354953
0.0366035831783
-0.00919092007107
-0.0408213726029
0.0143401235244
0.0157604908323
0.00358318010413
0.0248825139558
0.060038296696
0.0400073420268
-0.0136955191275
-0.00129123610006
0.0147660640509
0.00630323123295
0.00129302836499
0.0343401064059
0.0665644244714
0.0422115423133
-0.018956485245
0.0423425266452
0.0275926276382
0.00662688393483
-0.00317754428261
0.0224264745743
0.06251390658
0.0415997556006
-0.0105276088167
0.066970427298
0.0307086733138
0.00128995256814
-0.00181855987931
0.0164839491649
0.0519362942776
0.0466863426642
0.0103669966386
0.0736742981243
0.0419122584137
0.00788811251016
0.00414490011306
0.0208826748647
0.0459800084942
0.0465960886495
0.0231439916499
0.0561572575697
0.0594950671707
0.025633964439
0.0186583278623
0.0201874424137
0.0296125042649
0.039945858529
0.0268538841279
0.0259491479491
0.0567136542258
0.0566781709897
0.0459724161716
0.0257766076508
0.0182200867631
0.0212834842915
0.0213722214183
-0.0162647104408
-0.0218923194021
-0.0299037496613
-0.0325032949069
-0.0302949667537
-0.0210403678136
-0.0096788796859
-0.00546080458956
-0.0263109727728
-0.0187373801386
-0.0129856253208
-0.00367276941521
-0.00447539018043
-0.0114818397752
-0.0120793093518
-0.00117271977403
-0.036125042783
-0.00251593673943
0.0140176201433
0.01925474854
0.0182481779852
0.0176258521736
0.0122643930706
0.0189797480461
-0.0386652746142
0.0252616005871
0.0477261413069
0.0434651234798
0.0425795238101
0.0355913232098
0.0244368802934
0.0472702970408
-0.0233344338918
0.0810232543003
0.0899167210502
0.0783593433801
0.0607528123307
0.041265218472
0.0317088937534
0.066757713206
0.0505157790718
0.113997830746
0.0800672660408
0.0431850516473
0.0333189144205
0.0335236028998
0.0332996216211
0.04820886486
0.112904038316
0.111553191817
0.0663422674779
0.0570566402802
0.084087274869
0.0863972241534
0.0588265023028
-0.00524205443977
0.167771439813
0.124676622064
0.116585682651
0.101401347475
0.0951275149732
0.0622943188703
0.00127091912998
-0.0892096187426
0.183990662488
0.101412412232
0.0828752639104
0.0313205714253
-0.00595895869789
-0.0321043949524
-0.0787431732942
-0.121881879675
0.157130434329
0.0533263840503
0.0042219713938
-0.0518611377645
-0.0700023523953
-0.0716938137185
-0.0906326178336
-0.0982871562563
0.112945972346
0.0800404706465
0.0406535394421
-0.00535598120552
-0.0200441540437
-0.0174822598586
-0.0270758709464
-0.0312011571781
0.0341083496408
0.0588438258974
0.0654314124799
0.0531632141002
0.0484181386934
0.0491195325307
0.0300294307868
0.00200635151827
-0.0110104515552
0.0350252517197
0.0447080708663
0.0445142433215
0.0406559280846
0.045239458157
0.027634236686
0.00144556003269
-0.035883147654
0.000200866768786
0.0106441460409
0.0217760950394
0.0254565173607
0.0264699571597
0.0153653144586
-0.0019313910441
-0.0322256276191
-0.0200276867076
-0.00622191156799
-0.00402045693471
-0.0106491587368
-0.00097246902879
-0.0015159075676
-0.00317287121954
-0.0216294645586
-0.0309165450948
-0.0307409882537
-0.021177779764
-0.0203879868557
-0.00886010520001
-0.000254724382114
0.00243410907282
-0.00483280864309
-0.00397289181883
-0.00240928059636
0.00993105223174
0.0294728117847
0.0389526670367
0.0361900521994
0.0177411017422
-0.00423216993863
-0.00116490993257
0.00468599663155
0.0122918836144
0.0161226832384
0.0205924980084
0.0316209855322
0.0310069580703
-0.00730671700237
-0.00430230789871
0.00385582304353
0.0142059077004
0.010139769747
0.00735477498076
0.0167533108855
0.0250529227221
-0.0122278092308
-0.00832404917603
0.00396233091263
0.0101175726873
-0.00195413516561
-0.00830713664762
-0.00347191920324
0.0102999050998
-0.0239520829085
-0.0158422433173
-0.000521403924662
-0.00270086175475
-0.0190504946882
-0.0292143329297
-0.0228953200284
-0.00867708007158
-0.0341764563298
-0.0180303735909
-0.0023588390807
-0.00513454448069
-0.0240650981372
-0.0355692902442
-0.0292872866986
-0.0217701019136
-0.0461787874912
-0.0216467831352
0.00133390974076
-0.00264225877758
-0.0261915357338
-0.0336320680782
-0.029499894519
-0.0285223461987
-0.0446250723476
-0.00942047813045
0.0121020759532
0.00594237329444
-0.0176225913697
-0.0165484496553
-0.0199278147514
-0.0257017781006
-0.0301528581694
0.00825078802145
0.0206719696442
0.014705706753
-0.00432387860285
-0.00425238478932
-0.0126574400512
-0.0271039970787
-0.0306988543193
0.00343246262097
0.0180168612468
0.0199007987304
0.0022645021803
-0.00774062997234
-0.0261029970151
-0.0374584116342
-0.0320456671281
-0.00891551313067
0.0112362646255
0.0104967808804
-0.00164880928104
-0.0157331820474
-0.0292915699088
-0.0397169075879
-0.0306404865062
-0.01836039798
-0.000210235987788
0.00473289851976
-0.00934613804209
-0.0242267155435
-0.0307854483539
-0.0354051443318
-0.0269473783039
-0.0198610896118
-0.00660635329817
0.00777216673222
-0.00180196514316
-0.018893142821
-0.0269906389971
-0.0259901223941
-0.0170064100453
-0.0152136710104
-0.00622715117675
0.0099899682427
-0.000971761342113
-0.0140882081647
-0.0194437476771
-0.0177047941294
-0.0100971982556
-0.00960524674086
-0.00479097086677
0.00625874016482
-0.00136950383083
-0.00907043788494
-0.013660798375
-0.0106320422551
-0.00716285690131
-0.00878543004234
-0.00572172503296
-0.00351918960709
-0.00620392322292
-0.0124495077833
-0.00925466564105
-0.00581655322889
-0.00433216012215
0.0130655552671
0.0484731181143
0.0746001924091
0.0828888134576
0.0686985217751
0.0473403903775
0.0134489351398
0.0101596204538
0.0442737091593
0.0664644512286
0.0506294275422
0.0521605906942
0.0568241421717
0.053871098736
0.0259133523867
0.0214107321913
0.0589116768763
0.0641545377895
0.0423328107255
0.0581578908418
0.0708955199413
0.0532003386547
0.0224596938727
0.0285425159095
0.0503484060992
0.0491631055543
0.0486393767331
0.0653885574331
0.0811697544382
0.0536167669075
0.0160800666321
0.00911600374974
0.0258417493546
0.0383803817255
0.0442154572965
0.0661117519521
0.086370255401
0.0551632724593
0.0122380462776
-0.0271334372193
-0.00214000377693
0.00896265542932
0.0217769099967
0.0460557504717
0.0741014862683
0.0715037325713
0.0162191367097
-0.0617306130007
-0.0254754941475
-0.0108356198444
-0.00223704474159
0.0094205835325
0.0472534966669
0.071122145497
0.0256096570977
-0.0922436062626
-0.0538606738633
-0.0342441646988
-0.0319729776114
-0.0266226277394
0.0203498736641
0.0686040796178
0.0368484406926
-0.0966179697947
-0.0580838341876
-0.0371069276184
-0.0447682699209
-0.0332309671923
0.0151261702666
0.0609019058058
0.0461938156211
-0.0869275876386
-0.0532806344917
-0.0371832557368
-0.0389539983789
-0.0290220110003
0.0134096910981
0.0514236857389
0.0489224813421
-0.0642537632216
-0.0478662934731
-0.0408786607354
-0.0426914795824
-0.0302843864106
0.0056848212386
0.0369430924525
0.0477577303237
-0.0352632527215
-0.0320548202116
-0.0388724165443
-0.0375070823277
-0.025800660492
0.00850823923293
0.0365065964172
0.0533828020948
-0.00262144489831
-0.00456806157439
-0.0168368852648
-0.0146055729327
-0.00771675535743
0.0185286170529
0.0447777415691
0.0582991130595
0.0176817225462
0.0185644182782
0.00178019803785
0.00528230190001
0.0165043366985
0.03268359039
0.0607375764086
0.0524989702297
0.019377881467
0.0408042987347
0.031373891915
0.0308434642089
0.0326041326349
0.0395883718972
0.0571679979431
0.0315065205127
0.0194149048708
0.055327197426
0.079087226392
0.089033769589
0.0762915129684
0.0592093508096
0.0431768924349
0.0119943776437
0.0232624297964
0.0116524841613
-0.00776142347858
-0.017069680141
-0.021899597613
-0.0184768003401
-0.0121108676773
-0.005263663253
0.0315540315878
0.00730015776531
-0.00873181350355
-0.0145461892347
-0.0201730463855
-0.0167989496907
-0.0156726331085
-0.010292014535
0.0370876032205
0.00434478401053
-0.014195614587
-0.0184744380349
-0.0257281862734
-0.0224927991505
-0.0204222517994
-0.0158688474722
0.0330399076472
-0.00265647762429
-0.0189933597274
-0.0270330140384
-0.0315801815625
-0.0275005220209
-0.0267939709229
-0.0229779259568
0.0195511663417
-0.00849713807882
-0.0283897996324
-0.0383399406241
-0.0404300146871
-0.037844840734
-0.0336302721037
-0.0313584967762
0.000446148000529
-0.0124218646622
-0.0288162902345
-0.0352456000074
-0.038532496087
-0.0361321701788
-0.0329913530027
-0.0339061653734
-0.0155905151534
-0.0134924466104
-0.0232423223183
-0.0305143449683
-0.0363764545098
-0.0320914813225
-0.0298446052076
-0.0340663649027
-0.0229402987543
-0.00533386506623
-0.013514935668
-0.0242428388227
-0.0250670503794
-0.0159368287259
-0.0170377088642
-0.029654584612
-0.0291782841281
-0.000399886932626
0.0020048215383
-0.00835172505466
-0.0079671562569
0.00144523851219
-0.00206769663696
-0.0230625959205
-0.0298144184914
0.00172992924296
0.0186929925502
0.00574475242106
0.00232339677188
0.0101911378203
0.00481037625713
-0.0164308573429
-0.0241427732966
0.0082999301896
0.0240763027309
0.00412453876944
-0.00157676323114
0.00631176136224
0.0105520642354
-0.00830634467523
-0.0130570514961
0.0208490209533
0.0228905270772
-0.00215207495247
-0.0147960368628
-0.00479215208669
0.0148369837405
0.00740523050585
0.000710570837084
0.0274178022838
0.0164973860878
-0.00706873543632
-0.0215437641548
-0.00770391537832
0.0195477352172
0.0223743465042
0.00913823675996
0.0271434434418
0.0109566344501
-0.0134218760757
-0.0249069358734
-0.0080042998241
0.0216584118758
0.0310017106328
0.00926648377166
0.0193834114858
0.00446404946373
-0.0157767890859
-0.024825469157
-0.00607913098297
0.0203499605325
0.0304330326182
0.00729174797419
0.00747647509265
-0.00864627978566
-0.0247580322007
-0.0280017842371
-0.00773359467676
0.0183286541172
0.0285842683776
0.0110311678274
0.0525712601201
0.146158976206
0.185689024847
0.172100914778
0.0856729961969
0.0182695759401
0.000777322900445
-0.00214803088086
3.39899639155e-05
0.0367499705964
0.0534620375445
0.071633282132
0.0202274544001
-0.0111050220962
-0.0150421278045
-0.0182143751096
-0.0259380211598
-0.0143557780502
-0.00713499827485
0.0168183833795
-0.0138084291703
-0.0282671028624
-0.024770099467
-0.0302096487771
-0.0380105838006
-0.0333637933122
-0.0327925821301
-0.0132427366162
-0.0326956413668
-0.038913530302
-0.0325032477863
-0.0458800853747
-0.0510458188643
-0.0442533808522
-0.0352317762927
-0.0202862064022
-0.0400746629277
-0.0414400412796
-0.0379870538341
-0.0607982602755
-0.0593987981882
-0.0370508154011
-0.0164016862871
0.000609772788075
-0.0333372947949
-0.0442570453598
-0.0422737571891
-0.0681235531661
-0.0561424415218
-0.0245247569183
0.0109583625628
0.0348475516112
-0.0233787202569
-0.0461613634285
-0.0435230439057
-0.0716286235061
-0.0487624570091
-0.0132514658513
0.0402969251251
0.0794293988923
-0.0133225713909
-0.0453242459193
-0.0416262070815
-0.0736500883876
-0.047694513059
-0.00239585075665
0.0733548317788
0.109059950314
-0.00369984637541
-0.0414540451048
-0.0411973281069
-0.0698767949698
-0.0445771892448
0.0100692352676
0.104339338195
0.13796571174
0.0127108713151
-0.0414167541612
-0.0465962647751
-0.0592315763428
-0.0378316483524
0.016355857146
0.123585512433
0.15139385058
0.020507520541
-0.0434481641959
-0.0512533456312
-0.0462345683106
-0.0311106826238
0.0217740732917
0.123480213283
0.140829688936
0.0343402293837
-0.0356175137639
-0.0448626687663
-0.0334714478969
-0.0196079724938
0.0373077656463
0.11975748308
0.139597806118
0.0501065674783
-0.0179069677219
-0.0316185836532
-0.0224944968835
-0.00648246684587
0.0493295925161
0.110736131836
0.138739266572
0.0646324865409
-0.00624740299981
-0.018138722657
-0.0115349921535
0.00183118252197
0.0545196882507
0.104939693411
0.138542594375
0.0834199773352
0.0187809911626
-0.00429198846009
-0.0015819314114
0.00555259906857
0.0517259002524
0.0915457595045
0.147227431621
0.114954647365
0.0409708743035
0.0100940459088
-0.00324120824007
-0.00429037548739
-0.00850568525164
-0.0125313337086
-0.0154723117861
-0.0117542157417
-0.0077737768889
-0.00434384859066
-0.0064197877671
-0.00873325194135
-0.0133799358625
-0.0160648557408
-0.0157609417518
-0.0122998903923
-0.0100546524725
-0.00859873642635
-0.0112904332986
-0.0136075745462
-0.0171336129906
-0.0196035864711
-0.0192262590393
-0.017465126331
-0.0149936473873
-0.0132417123128
-0.0166407794188
-0.0178659857017
-0.0218858087873
-0.0236154764596
-0.0226378343802
-0.0175714082332
-0.017120796145
-0.0175843944188
-0.026166038583
-0.0253573127308
-0.0293408160197
-0.0297535399148
-0.0266336034499
-0.0214874912826
-0.0219195592328
-0.0232043686432
-0.0363556702675
-0.0322378309455
-0.0315741085204
-0.0298282059809
-0.0260484848888
-0.0211535114435
-0.022226313041
-0.0234267204958
-0.0463647731204
-0.036192378631
-0.0316433166401
-0.030674539695
-0.026874282205
-0.0198908742845
-0.0213335709136
-0.023837197119
-0.0505520065932
-0.0335652088798
-0.0306045688861
-0.0348579676785
-0.0295430718661
-0.0165897192028
-0.0182974713586
-0.0236266992808
-0.0511644339195
-0.0325039892305
-0.0306944698796
-0.0367713425239
-0.0296690767046
-0.0137193122131
-0.0160359972767
-0.0250497025966
-0.0487623737648
-0.0322754581607
-0.030426547123
-0.0339055422948
-0.0285749143681
-0.0124853757239
-0.0162590445565
-0.0269304304075
-0.0412142174384
-0.0321884427289
-0.0308029749913
-0.0333154882944
-0.0288699812273
-0.0141506865088
-0.0180731626836
-0.0271432388363
-0.0311442676331
-0.0280475055571
-0.0293510395871
-0.032525171594
-0.0291698354383
-0.0140823399189
-0.0137238241235
-0.0206604684974
-0.0212534374339
-0.0203963208412
-0.0227467718289
-0.0276026312788
-0.0246964261555
-0.0119886871375
-0.00888836698968
-0.0128803788949
-0.0127616167442
-0.0121296627643
-0.0155391648944
-0.021325612592
-0.0217183946398
-0.0107156336842
-0.00461295158957
-0.00670695150887
-0.00781950855254
-0.0064624177863
-0.00653418751106
-0.0104102132651
-0.0124525878535
-0.00543455168128
0.000408604690269
-0.00258567470886
-0.00491200155628
-0.00521795307024
-0.00243269824897
-0.000320431192476
-0.00164960068027
-0.000286667093644
0.000629288843358
-0.00298830150907
0.0191465906353
0.00832726619393
-0.00754510255448
-0.020254501281
-0.0259415083468
-0.0234769090638
-0.0154245714525
-0.00915071958259
0.025849147593
0.0091934059002
-0.00836565823225
-0.0160918508518
-0.0213698843996
-0.0212227974525
-0.0157834800742
-0.0108704112037
0.0342438420406
0.00864782956811
-0.0123167585472
-0.0214388511975
-0.0269800591974
-0.0235562168404
-0.0177949934955
-0.0168098609916
0.0322094108887
0.00358854299074
-0.0191846772354
-0.0285203885836
-0.0286807756276
-0.0204276377057
-0.0224200445222
-0.0253511760919
0.0217102207061
-0.00577499573674
-0.0301487818289
-0.0347430596924
-0.0284410426414
-0.0244268592473
-0.0284704911492
-0.0324984454141
0.00428358455235
-0.0101849739937
-0.0249332734344
-0.0258606091416
-0.0226653094742
-0.0178007947692
-0.0208690123249
-0.0290000415442
-0.0118850412123
-0.00451567205152
-0.0102606346647
-0.0104102563271
-0.012553855747
-0.00951511166677
-0.0198079995969
-0.030191825138
-0.0224140675869
0.00655292293855
0.00492033808626
-0.01082855375
-0.0150348118565
-0.0116701509403
-0.0182479081186
-0.0306887595202
-0.0236114094741
0.0225067211394
0.021529881888
-0.0021958931324
-0.0120949761465
-0.0119624178788
-0.0234845689458
-0.0382607143304
-0.0164297170875
0.0259321908475
0.022626020726
0.00505874823564
-0.00900656810406
-0.0139742666352
-0.0289876035004
-0.0423479795295
-0.00469195052945
0.0232703105365
0.0219514798018
0.00915948371598
0.000145838160372
-0.00825098033151
-0.0287053412492
-0.0417569486216
0.00362429682349
0.0225396121003
0.0186685500454
0.00660960916053
0.00170047821445
0.00103936880863
-0.0137751400196
-0.02886063102
0.0153133034429
0.0196197395589
0.00915236418174
-0.000499263123263
0.00252436880286
0.0103047904107
0.00654758537908
-0.00218857991422
0.0194668245475
0.0183695309041
0.000347876858054
-0.0100680240353
-0.0029302538164
0.0125872997261
0.0151665353678
0.0138770332801
0.0199517036844
0.0107755467024
-0.0051320781177
-0.0134832051108
-0.0129960156701
0.00298644828119
0.0148660124971
0.0179378388977
0.0130703105432
0.00759430961159
-0.0128688177625
-0.0219853816123
-0.0256932596957
-0.0115932003333
0.00637244477746
0.0163937811599
0.000397397336836
0.00747161261553
0.0530850639165
0.0795148154599
0.0544905468124
0.0170772830276
-0.00834390930568
-0.00636764108118
-0.00654480824199
-0.0019951938333
0.04289264541
0.0860100132691
0.0652252664706
0.0155161685275
-0.0144722516286
-0.0129018035062
-0.0132513053831
-0.0114845118306
0.0322340343391
0.086835496849
0.0703375107091
0.00202544393179
-0.0229796441759
-0.0222705876152
-0.0214795211536
-0.0220777162187
0.0174412156788
0.0880906881351
0.0745816884098
-0.0123952403082
-0.0315941271746
-0.0308956462553
-0.0340159285314
-0.0342986787755
-0.00418278983836
0.0806560705141
0.0701207117638
-0.0273559147967
-0.0392441106607
-0.0408380727039
-0.0474929076924
-0.0456070370966
-0.0181417128243
0.090333754158
0.0806448268882
-0.0376877030638
-0.0439472745386
-0.0436093676651
-0.0632880148717
-0.0522241720021
-0.0219036621095
0.0969316643255
0.0816414723062
-0.0487252565158
-0.0478666371811
-0.0440877709781
-0.0671814471409
-0.0454874051536
-0.0242785123753
0.102748886064
0.0721548972259
-0.0520780751329
-0.0456910726801
-0.0422127167022
-0.0665794740071
-0.0453880418585
-0.027647309635
0.113906170774
0.0661914536591
-0.0479753825076
-0.0455414796194
-0.045025655163
-0.0599002541368
-0.0474739935177
-0.0266348524235
0.118107354595
0.0712462561581
-0.0390636525418
-0.0472384274946
-0.0480736712025
-0.0499253847829
-0.0484779191712
-0.0233127050079
0.113047441193
0.0727637803502
-0.0322834254186
-0.0485362359958
-0.0513124399824
-0.033693119994
-0.0371157616659
-0.00867919625342
0.101000434447
0.0738718864067
-0.0228707965223
-0.0415673703167
-0.0415989454028
-0.0214820024363
-0.0237387338909
0.00807856272735
0.0883553212323
0.0858250639853
-0.00975124976298
-0.0327700520042
-0.0317302251534
-0.011434493223
-0.0163537049738
0.0162004203053
0.0732179526286
0.0891880289263
0.00420780410615
-0.0234362236328
-0.0198339879131
-0.00377762067439
-0.00761245950265
0.0280153726958
0.0654972269201
0.101163731011
0.0260055691736
-0.00937614291185
-0.00865291761122
-0.0015828977345
0.000826613668756
0.0290201662501
0.0567625094138
0.114270797552
0.0657369534201
0.0118972706737
-0.000483174722077
-0.00741351958493
-0.0124405949427
-0.0216032875499
-0.0291504881313
-0.0309180461641
-0.0250098311596
-0.0176327910771
-0.0103844444972
-0.0124086116077
-0.0155101977181
-0.0216856665226
-0.0258859476589
-0.0274969028212
-0.0248578061847
-0.0214100661388
-0.0159987150364
-0.0197355211616
-0.0201409112902
-0.0274022364606
-0.0328620302948
-0.0345696760303
-0.0320651401807
-0.0270766920713
-0.0218500430289
-0.0253677677676
-0.0271832736087
-0.033566571987
-0.0404154252853
-0.0427782941378
-0.0362376684021
-0.0265011478319
-0.0254584473792
-0.0207310300428
-0.0262712825976
-0.0259415578434
-0.0418290553485
-0.043325013136
-0.0275014765238
-0.0118583674191
-0.0179079207588
0.00542020953682
0.000920987000065
0.0223595658776
0.0070243089951
-0.0034774570356
0.0180813046009
0.0397526027817
0.0141777027076
0.0573406213826
0.0511634926256
0.0761287126155
0.0621383278704
0.0519362225834
0.0732147491262
0.0714230762777
0.056631109347
0.0595733616959
0.0624523704897
0.0386520988788
0.0646156440706
0.0766811722382
0.0521052246786
0.0419327597723
0.0890438958444
0.0642327116768
0.0516031561034
-0.00559960246748
0.0564584065597
0.073192442773
0.00697297264636
0.00472491199113
0.103365370839
0.0554508516636
0.00733430711347
-0.0371613927038
0.024958360273
0.0337679672498
-0.0282950697603
-0.027819370204
0.0886386211027
0.018480438433
-0.0384734982783
-0.0558758669449
-0.0223804115275
-0.0215105671228
-0.0438075217802
-0.0440816948233
0.0276389129575
-0.0168279229194
-0.0548911264344
-0.0565729684275
-0.0494831055488
-0.0473692509684
-0.0446849070768
-0.0445870150598
-0.020032035161
-0.0301703021014
-0.0444741119772
-0.0465607822753
-0.0464104718115
-0.0448515707708
-0.0359077383906
-0.0349116574971
-0.0308252796796
-0.0258148317843
-0.0328168073998
-0.0365146527319
-0.0377000211232
-0.0379145501913
-0.0301487679432
-0.0259540785087
-0.0215093150486
-0.0172222222346
-0.0227881889629
-0.0267331704185
-0.0286384303573
-0.0306140113856
-0.0248408302856
-0.0188570520985
-0.01331248434
-0.010232083671
-0.0176839935019
-0.0243908144321
-0.0280863954887
-0.0311671404245
-0.0238436148746
-0.0144032798082
-0.00787765100651
-0.00910141143977
-0.0158414347364
-0.0260466580938
-0.0320020701209
-0.0340625074654
-0.028995185738
-0.0232375309261
-0.0142706842554
-0.00767723093705
-0.0152926614877
-0.0257986726144
-0.022347129852
-0.0148441716571
-0.0163332908505
-0.0166543773661
-0.0136959568849
0.00539142284057
-0.0158575069603
-0.0154893426423
-0.00872280024466
0.00117754596838
0.00302962456256
-0.00644598787017
-0.0107386587634
0.0287877175911
-0.00751304086566
0.00157368742789
0.0148640845625
0.0175963763517
0.0263744897895
0.0145327214801
0.00994167030832
0.0805106608289
-0.00132982239167
0.0229305058255
0.0393545455547
0.0590138163851
0.0653895362766
0.0445130243377
0.0298635569817
0.121572192995
0.0186887218795
0.0566731056443
0.0614033991203
0.0670323860034
0.0696018852005
0.0577390260557
0.0587463085454
0.130003563021
0.0610945696789
0.0863808312871
0.0555344137616
0.00213385295608
0.0190323847057
0.0757038129588
0.100817037641
0.119672336405
0.122927976827
0.101595476673
0.0110295514189
-0.0727946150743
-0.0236201800562
0.0926034254708
0.140703388535
0.113056557789
0.170730968149
0.0885058070117
-0.0284691635537
-0.0857372733045
-0.0336302115585
0.0971207927876
0.165156931948
0.105423622862
0.15317181505
0.0395343893594
-0.0479651784921
-0.0769909717971
-0.0318637590595
0.0656538194403
0.181333462701
0.0915086521274
0.0790670754618
-0.0229896146646
-0.0717684153594
-0.074824257584
-0.0473074601917
0.0151022387221
0.186261307665
0.0817894509742
0.00749145052862
-0.0704962910081
-0.100727405702
-0.0934514511648
-0.068756791899
-0.0198913753261
0.150582419939
0.0467724325734
-0.0317958586019
-0.0764560023723
-0.0870642316272
-0.0790573998722
-0.0648829529594
-0.0261791243522
0.0870852078821
0.0152504646803
-0.0430356329481
-0.0672608626411
-0.0729031281051
-0.0658781022064
-0.0533733426429
-0.0283431108
0.0394977953298
-0.00543401093467
-0.0370197110038
-0.0502024417519
-0.0521538193059
-0.0522231377547
-0.0431089266354
-0.0239597156743
0.0088671588494
-0.0105875522597
-0.031264695568
-0.04492924187
-0.0503000761022
-0.0503733486441
-0.0374097407427
-0.0194688865841
-0.00398483976716
-0.00723344332965
-0.00580803243274
-0.0119597307235
-0.0130327536915
-0.0146916162568
-0.0177158975115
-0.0151550757682
-0.0140940189339
-0.0129895845221
-0.0047772206502
0.0068633573475
0.0108299669109
0.00611603418947
-0.00151336560925
-0.0139302953745
-0.0240164320059
-0.014022228548
0.0123670831321
0.0292372681655
0.0370660048601
0.0290232339184
0.0260061147432
0.000908187552051
-0.0277828229562
-0.0117971747761
0.0359589117561
0.0460135480548
0.0425639031456
0.0417228772572
0.0450863708485
0.0356266076032
-0.00910288769439
-0.00456597323182
0.0568964813129
0.0629136852408
0.0517865506194
0.0484244963398
0.0601354301941
0.0723401136878
0.0503760210045
0.0114816633375
0.0599395470421
0.0407123960386
0.0172819983805
0.00192627688822
0.0252098211132
0.0652764960459
0.131812671664
0.0496403564284
0.0440101236382
-0.0153206695139
-0.054416395457
-0.0720818089357
-0.048901813788
0.0149902354285
0.199459791212
0.0968099207686
-0.0105630293799
-0.0664642987232
-0.0944506431382
-0.0968590788812
-0.0759883455227
-0.0368861181436
0.231784064905
0.120772588839
-0.0537718925966
-0.0776723957383
-0.0980686562872
-0.094308183203
-0.0728904075172
-0.0230117838407
0.228744871866
0.128651635555
-0.0572696959345
-0.0732372131808
-0.0806701137662
-0.0749995219992
-0.0309291983279
0.0446166252637
0.177481577379
0.127378084562
-0.0165168797793
-0.0329870865671
-0.0347393457021
-0.0152624395812
0.0455792369428
0.0929355344664
0.087633370121
0.0996717239792
0.0243997638073
0.0178554473475
0.0224643844913
0.0461820540617
0.0844027477163
0.0762070520868
0.000634325132046
0.0589452815034
0.0375421466334
0.0324881726415
0.0355524671416
0.0498879207275
0.0579300086086
0.034312225566
-0.0327849519614
0.0210027257471
0.0313772418401
0.0307128505511
0.0308437565218
0.0261004461075
0.0259566805847
0.00179367518707
-0.0371383774936
0.00152075807507
0.0108368329652
0.00408665430379
0.00304449122736
0.00519786244374
0.00601744376613
-0.0150798237795
-0.0222679130034
-0.00585528235632
0.00273356293
0.00150725920732
-0.00135360246887
-0.0105417158298
-0.0175185719983
-0.0178489399269
-0.0139580235506
0.00719052003508
0.0366979984029
0.0594030516968
0.0760623242426
0.0860174903324
0.0844857337643
0.0450601501495
0.00475667676287
0.0233222401686
0.0467473942423
0.0517574582766
0.0312760795502
0.0187920792709
0.0502615831858
0.0681001926586
0.0277802710683
0.0293492421529
0.043376995224
0.0415802249202
0.0116356519286
-0.00610480530023
0.0158526689222
0.0670848895138
0.0441801133576
0.020314503132
0.0453327766618
0.0366121723745
-0.00357507674715
-0.02280151114
-0.0078114390962
0.0503728193469
0.0535880261511
-5.75302714655e-05
0.0313405675453
0.0233998561215
-0.0205420076569
-0.033154721872
-0.00475053096903
0.0342270585266
0.0435466315161
-0.0215414653574
0.0288218154305
0.0275609372094
-0.00524414718763
-0.0107393522826
0.0135529066766
0.0287625515572
0.0249280856436
-0.0381778442407
0.0262869711612
0.0405982942168
0.0147577266579
0.00626192400631
0.0226946279512
0.014818406989
-0.00191143907361
-0.0449868415308
0.0352692996228
0.0508231508076
0.0109411324377
0.00268841287994
0.00817095892943
-0.00600226025802
-0.0268425688122
-0.049072548066
0.0337655066319
0.0413603325645
-0.00109488868552
-0.0188328604575
-0.020706359365
-0.0323164837585
-0.045700324528
-0.0480918526429
0.0307733285979
0.0322700927054
-0.0118657891511
-0.0306925361703
-0.0319697948849
-0.0441686303337
-0.0552750733815
-0.0402843864883
0.0208783355696
0.024436950795
-0.019412204404
-0.035787806161
-0.0393852889056
-0.0504594727258
-0.0589464159318
-0.0223820419749
0.0185771265307
0.021327291204
-0.0225540643892
-0.0370374382009
-0.0404680704686
-0.0469838175537
-0.0513746295521
-0.00626743710967
0.0206918972173
0.0232817992227
-0.0129745429117
-0.0295684261638
-0.0344235016931
-0.0378338963949
-0.0375965791378
0.00396345153271
0.0220876138629
0.031029548509
-0.00398304361924
-0.026682858151
-0.0317911767638
-0.0302220434742
-0.0251589496015
0.0127983177129
0.0207619854492
0.0319165653411
0.00169398291498
-0.0208457181554
-0.0237218391832
-0.0238174277436
-0.0147256247446
0.0129080501317
0.0153770215314
0.0231522918432
-0.00562658252324
-0.0253099299549
-0.0253763240646
-0.0196868383436
-0.00889149110898
-0.00239775596579
0.000219012895728
0.00567814109602
0.00387967937866
0.00109634616843
-0.000436912211338
-0.00127696225558
-0.00385188481853
0.000682800863142
0.00866370197397
0.0086197822883
0.00033698424623
0.000604666668304
-5.6783137355e-06
-0.000289556991918
-0.0064745194444
0.00376174447981
0.0105348019091
0.000827368291285
-0.00431827138413
-0.00237175886405
-0.00291149046745
-0.00551024233069
-0.0122384829864
0.00260097974717
0.00492715001127
-0.00480965249849
-0.00768613652066
-0.00415635827116
-0.0059491556109
-0.0123090786194
-0.0175931946853
-0.00776500582473
-0.00649852043549
-0.0154843679867
-0.0147665980555
-0.00921918228246
-0.0150736471035
-0.0202314637979
-0.0228483214453
-0.0219708595706
-0.0150838174554
-0.0183244217857
-0.0120626161982
-0.00950401428861
-0.0183426388158
-0.0216185096574
-0.0229082188031
-0.0403086782873
-0.0264575385499
-0.020240937738
-0.0140923000814
-0.0126723370121
-0.0198841344414
-0.0224125909821
-0.0225181086527
-0.0512117567961
-0.0291546679812
-0.0223276560126
-0.0207517655656
-0.017309417678
-0.0172589770493
-0.0170703080333
-0.0196410509484
-0.0544476345991
-0.0316997094048
-0.0267619636888
-0.0241890585719
-0.0214699610147
-0.0118726979571
-0.011315109538
-0.020829062197
-0.0519660956031
-0.0336275854363
-0.0266180598127
-0.0214480059509
-0.0186415415416
-0.0104590733327
-0.0117389867318
-0.025636676611
-0.0454137429002
-0.0348752096075
-0.0277414342708
-0.0227751176921
-0.018325637218
-0.0104999133607
-0.0145047707018
-0.0271974660212
-0.035490690966
-0.0304419270221
-0.0250212834423
-0.0235733619847
-0.0181622772311
-0.0117448189329
-0.0133782588727
-0.0188371720511
-0.0246659433066
-0.0240621044291
-0.0196320484489
-0.0182714324034
-0.0147458751315
-0.0101373655441
-0.0121461840893
-0.00718680387798
-0.0168217177437
-0.0174021038555
-0.0162816559744
-0.0141055383148
-0.0113019507332
-0.00623529996103
-0.00538611301491
-0.000296880264631
-0.0101561476963
-0.012173985955
-0.0115083745083
-0.00996234024151
-0.00647063752654
-0.00704521582958
-0.00104618354845
0.00324016207558
-0.00620295741237
-0.00901783994786
-0.0104692938735
-0.0112403378277
-0.00912257006635
-0.00405101160042
0.00116958972245
0.000355257788882
0.000342585059713
-0.00401814393696
-0.0083182794769
-0.00724834658058
0.00385955014886
0.0175012475637
0.0300899450256
0.0288442967963
0.00424586275044
0.000608069523738
-0.00214416733625
0.00214080269555
0.0143951358954
0.0192225311935
0.0181734032039
0.0203747195963
0.0216697796861
0.0114224405757
0.0055469271266
0.0102878917955
0.0209766632733
0.0244684438685
0.0250652218576
0.0260240033899
0.0402393062219
0.0181733546987
0.0179196656145
0.0220237715994
0.0329725700963
0.0310749276619
0.0288528507454
0.0348351842306
0.0714184265961
0.0268926845531
0.0286153298472
0.0397924874117
0.0439888499503
0.0365137156817
0.0321572534572
0.0440466379612
0.0892233955853
0.0386421154331
0.0444924065636
0.0321665119405
0.01457844524
-0.00683126834192
-0.0159704320691
-0.000246698712502
0.0919116727329
0.0634272780542
0.0493430848972
0.0120867583701
-0.0226843168132
-0.0436942808598
-0.0550730927873
-0.0439343497938
0.0785283727517
0.0921521757399
0.0485010774153
-0.0134809416913
-0.047750842629
-0.054364328873
-0.0595690189131
-0.0661625611197
0.0662075157396
0.108526831779
0.0513632247038
-0.0231869684751
-0.051674624073
-0.0515280727503
-0.0574353181864
-0.0722779149161
0.0602869759851
0.094921218983
0.0447244110025
-0.0232559894073
-0.0422344267782
-0.0446083396764
-0.0584776411322
-0.0780943659226
0.0671271570173
0.067162938456
0.032605831976
-0.0232308270971
-0.0356575850787
-0.0444837249109
-0.0644567244222
-0.0843953015643
0.0701040477102
0.0555671870295
0.0203204097468
-0.0295823724268
-0.0430226997
-0.0473284071854
-0.0571518189722
-0.0716099010874
0.0571919573444
0.0318844079439
0.00754989329604
-0.0283518388842
-0.0381959703395
-0.0405671452588
-0.0436185409586
-0.0468554416643
0.0373327471036
0.0192856807636
0.00311678204983
-0.0241192464985
-0.0350563448815
-0.0338819801994
-0.035217165012
-0.0322898732571
0.0207333910394
0.00993119369423
-0.003625174033
-0.0190172674329
-0.0271443001804
-0.0255748247902
-0.0244699431623
-0.0185943268654
0.00997393439351
0.00248306541631
-0.0125934002155
-0.0233137923853
-0.0303417334896
-0.0242403761247
-0.0167449615045
-0.0106932970022
-0.00735345987707
-0.00831414205952
-0.0127389872786
-0.00643392076665
-0.00240175557901
0.00312110379829
0.00684957687279
0.00549636816921
-0.00658218786079
-0.00230131428522
0.00391755606402
0.0103160886685
0.00942631787671
0.00950382020244
0.00769775682859
0.00627649718472
-0.00181858473914
0.0153062047481
0.0227339322871
0.0208082166868
0.0155769089579
0.0141483153774
0.00665867928653
0.00685861339025
0.0164096135679
0.0314127057603
0.0267739059947
0.0155701919137
0.011940133482
0.00681865218563
0.000100470511781
0.00388134627111
0.0312306196011
0.0311827993602
0.016077561696
0.000339892464918
-0.00967293853713
-0.0167992181801
-0.0216482872392
-0.011189013935
0.0277643996312
0.0267319017777
0.00699191235524
-0.0180471062415
-0.0316303613448
-0.0356971525087
-0.0386831903574
-0.0339333792387
0.0010047553545
0.0240684109705
0.0301764508702
0.000425279187539
-0.0214341831586
-0.0296484576426
-0.0373015088203
-0.041709815084
-0.0432291714789
-5.74737453766e-05
0.034302075019
0.0356092166172
0.02022676288
0.0145807340236
-0.00374303256808
-0.0248985841221
-0.0783298785
-0.0351656095379
-0.0136794750761
-0.00353605472431
0.0225867884834
0.0446117645073
0.04421179661
0.0170099635423
-0.0839860093416
-0.0532775655924
-0.0422684099914
-0.036360082081
-0.0156433040291
0.0186034235185
0.0426548144872
0.0516242717669
-0.0693934038587
-0.0519876816019
-0.0446832031935
-0.0425406465843
-0.0240007184385
0.0107043504252
0.0355996874608
0.0655358666968
-0.0329730848175
-0.032579498864
-0.0271170534142
-0.0197731215752
-0.00176984613921
0.0190923226465
0.0358367391687
0.0610319243715
0.000181115975423
0.000164087152044
0.00459990543603
0.00500044176852
0.0110379126336
0.0291185244137
0.0370630244063
0.0367533239827
0.00859752699786
0.00892022306883
0.0110069661408
0.0113138210562
0.00869428479501
0.0210558837022
0.0184490030451
0.0115080333596
0.00764420179004
0.00638033378677
0.00718593856655
0.00449502982341
0.00206801015786
0.00529448529827
0.00482314164595
0.00265373424153
0.0112210078272
0.00771947680873
0.00490625492994
-0.00163911121101
-0.010147201062
-0.0107406991005
-0.00669191947839
-0.00469134561477
-0.00207477766412
-0.00441283229677
-0.00902654199701
-0.00564397437541
-0.00213206752913
0.00242542223128
0.00155436289859
0.00249206212814
-0.00571768356815
-0.00564340693007
0.00194048573513
0.0130882790231
0.0157601209386
0.0085417845131
0.00399174793166
-0.00519674268651
-0.012661707918
-0.0110909460171
0.00655235549616
0.0211810103417
0.019743939977
0.0148028335342
0.00236778502949
-0.0137143324856
-0.0193768958082
-0.0159841187401
0.00389533525171
0.0210284184201
0.0197392504082
0.0143414105882
-0.00383558678229
-0.0199907493845
-0.0240928583782
-0.0175754023588
0.00497234231248
0.0266878248758
0.0165811910143
0.0150402288897
0.000159904270549
-0.0203768125619
-0.0329671953756
-0.0248529800843
0.00372748877544
0.0402739453957
0.0401887573662
0.0203162376519
0.00466386798267
-0.0138125595723
-0.0294752510999
-0.00662407202162
0.0202355316581
0.0476057918129
0.0459598437483
0.0309080619886
0.0145359945417
-0.00230823105029
-0.0270151044291
-0.00254516161837
0.0234449412257
0.0510166374229
0.0462072267142
0.0369558907293
0.0127437350241
-0.00414343250673
-0.0319557253663
0.00707794440102
0.0294112077416
0.0495316908971
0.0520013108514
0.037546074757
0.00856639051663
-0.0136303882238
-0.0545207025221
-0.0133883659417
0.0156128698266
0.0349442241822
0.0517318008207
0.0205935084783
-0.0161609148476
-0.0369763988437
-0.0640629601664
-0.0382282016017
-0.00955767516811
0.0248007366047
0.0402612911846
0.0108110181172
-0.0314635616769
-0.0515990066895
-0.0552915461365
-0.0422658749294
-0.0167776678876
0.0216120350376
0.0358528611657
0.0108600957722
-0.0250893356371
-0.0371147716603
-0.0415664811596
-0.0365565305508
-0.0161191288119
0.0200185209854
0.0354308141939
0.0177405403738
-0.0116737725515
-0.0178617311978
-0.0295621690031
-0.0294569121845
-0.0136659667015
0.0198479448325
0.0314948130768
0.0234944962166
0.00129803260838
-0.0056359518369
-0.0181472750076
-0.0216126189779
-0.0134951274928
0.0145290233047
0.0224279566938
0.0200704644396
0.00690988536303
0.00130254239082
-0.010150164297
-0.0204134551594
-0.0193817557575
0.000548955136527
0.00579512469249
0.0166893094296
0.0135282534831
0.00520287637285
-0.00718811351261
-0.0128609880739
-0.0254136858645
-0.0339644079495
-0.0358319920474
-0.0269066322889
-0.0133466611745
-0.00348560012672
-0.00661571198694
-0.0157831166383
-0.0274548620519
-0.0319850644039
-0.0343565739978
-0.0272045689778
-0.0134277430584
-0.0005888015869
0.0123792347006
-0.017517735897
-0.036216845303
-0.0438383553369
-0.0464505632271
-0.0339121792437
-0.0163370342578
0.0225748866228
0.0402805745701
-0.025863852062
-0.0493575008964
-0.058805012337
-0.0556794592797
-0.0358319579278
-0.0160024380589
0.0496741324894
0.0930427651318
-0.0377305849745
-0.0684525441372
-0.0781360522406
-0.063169320434
-0.0288595847648
-0.00579046361979
0.069787403396
0.1228396845
-0.0542514687546
-0.0718807307125
-0.0705672989007
-0.047694684018
-0.0076624269702
0.0117913253045
0.0884062263874
0.125326522258
-0.0603214488628
-0.0698249283691
-0.0655429503425
-0.0281337888168
0.0140043821565
0.0310742935483
0.0854481303061
0.122030299733
-0.0485374042687
-0.0642145797103
-0.0619967235505
-0.0173891853343
0.0364036539254
0.050875210744
0.0747767521143
0.117010844093
-0.0259274707592
-0.0557399270036
-0.0411924749083
0.00877376481428
0.0630801147684
0.071527791155
0.0613582983914
0.0977822317813
0.0119613902646
-0.017904103025
-0.00367991733288
0.0358643543189
0.0742970727525
0.0914591556396
0.0568462618935
0.0660223987517
0.0410769907935
0.0325465262364
0.0346284469474
0.0370081199527
0.0544051787097
0.0820450198383
0.0521982427266
0.0311443415766
0.0380029463243
0.0421385418352
0.0341731284236
0.0267875366963
0.0307738569313
0.0476548155601
0.0338926062158
0.00496177362317
0.025455941479
0.0283518044453
0.0162882422602
0.0057052419072
0.0127226572339
0.0158855252847
0.0153427532239
-0.0136708390511
0.000771102979541
0.00799536804945
0.00480587539642
-0.00602778965493
-0.00573959984196
-0.0062779221315
-0.00562506979615
-0.015472520171
-0.012849236994
-0.012242893969
-0.012022463098
-0.01757939802
-0.0155422641068
-0.0138883811246
-0.0126841458973
-0.0123874729064
-0.0170366316213
-0.0191284152563
-0.018692477182
-0.0223819270521
-0.0186725681157
-0.0152442830708
-0.0103732582542
-0.00254906792989
-0.00967119813254
-0.0191628615695
-0.0252509502989
-0.0262117495886
-0.0197088841192
-0.00943955809087
0.00704634988327
0.000965419681327
-0.0103606118355
-0.0179318219163
-0.0208044474612
-0.0221986070961
-0.017458846052
-0.00864770705634
0.0176312384688
0.00641516557957
-0.0111564081499
-0.0207971175062
-0.0256457403486
-0.0270405439218
-0.0224742057042
-0.00665498234354
0.0299795914722
0.00874401555199
-0.0144171012365
-0.0271782741152
-0.0332020248805
-0.0331059723284
-0.0250345928656
-0.00238440853525
0.033291465564
0.0160076300359
-0.018092369278
-0.0357584601934
-0.0434381917991
-0.0410869619382
-0.0309345433951
0.00081998177482
0.0297814947324
0.0136504250934
-0.021562848818
-0.0377359191766
-0.041247682556
-0.0400765894349
-0.0259143308028
0.00740138705403
0.018670898949
0.000128773460386
-0.0119417679954
-0.0317254013705
-0.0410687278914
-0.0407668684958
-0.0192156697356
0.0108865631566
0.00484435985878
-0.0199159153178
-0.00177310263679
-0.0197107903152
-0.0414279036756
-0.0393631669254
-0.0102646159692
0.0104753204611
-0.00262969470207
-0.0333595953087
-0.0030635255128
-0.00818189869049
-0.0326209365798
-0.03143633632
-0.00537104435338
0.00491607342969
-0.0117955462563
-0.0395532914133
-0.00733170459904
-0.00281904447659
-0.0166458496881
-0.0166171735984
-0.00136426482111
0.000248707966644
-0.0203090753683
-0.0382315491304
-0.0154937798529
-0.000738973382674
-0.00137025634512
-0.00637377479052
0.00101133031102
-0.00421338244287
-0.0261266536829
-0.0321851374522
-0.0166418754239
-0.00154333582021
0.00396751045129
0.00222708611205
0.00441301076798
-0.00695118195998
-0.0248516950477
-0.0226346633034
-0.0174884518077
-0.00457167957741
0.00147659983793
0.0014534829457
0.00299648461833
-0.00580356428417
-0.0174539778379
-0.0135886524076
-0.0141782023981
-0.00722197999607
-0.00185586643461
0.000159898135362
0.00182386105896
-0.00395834384062
-0.011843828543
-0.00995457179683
-0.0118985024009
-0.0106956762014
-0.00811363910401
-0.00607765814169
-0.00409538651159
-0.00447958854564
-0.00702750125522
-0.00738792307117
-0.0121278513635
-0.0168854447821
-0.0172041495508
-0.0161217681853
-0.0114732152098
-0.00769587076759
-0.0055249093161
-0.00540694690725
-0.00950754631641
-0.0172949104857
-0.0231030220004
-0.023864122309
-0.0188997427751
-0.0128111860344
-0.00757250105725
-0.00844915013517
-0.0111776154399
-0.0163261073339
-0.0193545384337
-0.0202562728184
-0.0175773904262
-0.0148196107715
-0.0112732368919
-0.0135526976066
-0.015565022987
-0.0203906000193
-0.0237069566241
-0.0250696821669
-0.021864115653
-0.0191271487446
-0.0156032587157
-0.0183644103512
-0.0216309673189
-0.0266031086447
-0.0306736494316
-0.0312889256605
-0.0269025894547
-0.0224234606733
-0.0156555592039
-0.0189914553044
-0.0316519150497
-0.0370609557885
-0.0406651762604
-0.0407272388615
-0.034697972035
-0.0249245238638
-3.35124816224e-05
-0.0112164902859
-0.0382674915288
-0.0404776083002
-0.0367305009149
-0.0370905285961
-0.0348100918182
-0.0226066462367
0.021503658159
-0.00116465247854
-0.0396136977386
-0.0311017641003
-0.0174482335064
-0.0288704637697
-0.0348949618599
-0.0211541878975
0.0332030819753
-0.000213814341745
-0.0325821685217
-0.0161286848004
-0.000401559603602
-0.0194439690266
-0.0290367197306
-0.0159252634838
0.0298019617612
-0.00333995060204
-0.0200594210349
0.00134258428541
0.00898488882808
-0.00711976954759
-0.0139104529727
-0.00681055481743
0.0191065330677
-0.00710825710286
-0.000499921714612
0.0144927898667
0.00840074798668
0.00533689569246
0.00867882529148
0.00533632566978
0.00496507655671
-0.0162382497349
0.000633187275899
-0.00153808087887
-0.0117966462814
-0.00517306707665
0.0092223569913
-0.00124900505326
-0.0161788402249
-0.024230859317
-0.0145776521469
-0.0220116033934
-0.0278286431804
-0.02435477368
-0.0116589721474
-0.0147386796384
-0.0239453320838
-0.0261875273408
-0.0238733476559
-0.0273643381733
-0.0300560215462
-0.0284192828959
-0.0218979191172
-0.0219328449597
-0.0219148588948
-0.0195176043356
-0.0212837945441
-0.0249545884484
-0.0268903144103
-0.0275945045684
-0.0219382605911
-0.0184809030035
-0.0154654297849
-0.0121087425453
-0.0164161180402
-0.0199593923107
-0.0215904566291
-0.0238516633429
-0.0189795106284
-0.0143639134818
-0.00906669412583
-0.00758591370289
-0.0134061545563
-0.0189814208227
-0.0221258423881
-0.0248911964792
-0.0192180537383
-0.0112000507067
-0.00565150519547
-0.00443650665
-0.00889878997467
-0.0174390056603
-0.0232922708058
-0.0239072998584
-0.0184134602756
-0.0109072274631
-0.00500102066182
-0.00464754928999
-0.0103046798585
-0.0158260330814
-0.0183196652926
-0.0187248719314
-0.014815786152
-0.0105257314007
-0.00676352833802
-0.00459355400329
-0.0113015466244
-0.0173614730235
-0.0211972729618
-0.0215391790251
-0.0147493514864
-0.00879673705637
-0.00577201338358
-0.0056302229681
-0.00998709945141
-0.0201901327157
-0.0249451212585
-0.0244399330114
-0.0112095042859
-0.00368948281069
-0.00650824802355
-0.010349774668
-0.00995448315411
-0.0221244927533
-0.0287242391765
-0.0223143672396
-0.00670329432528
-0.00280946027577
-0.0144524326812
-0.0238361969819
-0.0115194634757
-0.0158615874244
-0.0211576018836
-0.0111652157904
-0.0055738220745
-0.0148892955725
-0.0257030282996
-0.0447029722903
-0.0177703097553
-0.0054704967178
-0.00677000063166
-0.0062779143571
-0.0123371259453
-0.0250131594302
-0.0303702006095
-0.058422348108
-0.027202424455
-0.00185562809539
0.0001589337589
-0.00864612874376
-0.0174126291452
-0.0257015555999
-0.0287513049044
-0.0598215897184
-0.0246269399757
-0.00215577548186
-0.000730432701005
-0.00882173274895
-0.0126691353974
-0.021586781504
-0.0296745000195
-0.0501194768174
-0.0157533389061
-0.00183343326879
-0.0124889288222
-0.00802475063648
-0.000118167383485
-0.0137195298097
-0.0283922968126
-0.0296546419933
-0.0092051970063
-0.0128951656391
-0.0264696059785
-0.0217679156086
-0.0058369421859
-0.00772808938198
-0.0200286188672
-0.0141835978025
-0.013276765913
-0.0241925832237
-0.032281268103
-0.0287550257867
-0.0166354020311
-0.0123144516145
-0.0153349799617
-0.00527462309239
-0.0148869102402
-0.0242719115124
-0.0283201573074
-0.029215896927
-0.0190586204677
-0.0143047353107
-0.0128088342387
-0.00542916276103
-0.0155812092496
-0.0222588907244
-0.0245792044
-0.0267111972707
-0.0194955570488
-0.0126909686957
-0.00870394068745
-0.00758127467386
-0.0138157116033
-0.018384697533
-0.0200483883959
-0.0231191850477
-0.0180171538654
-0.0126327594087
-0.00590355316282
-0.00532838765049
-0.0122495656325
-0.0186329881361
-0.0216203742898
-0.0252008289889
-0.0194913126877
-0.0108374098891
-0.00526942823655
0.0199017153802
0.0194069230737
-0.00077840551543
-0.0215406746064
-0.0236407792631
-0.00834930841508
0.0182631371992
0.0270153598805
0.0243137735404
0.0333281558636
0.0162420798371
-0.00895546567838
-0.00783592706215
0.0100198370008
0.027238176518
0.0368096193196
0.0173501520288
0.02706127835
0.0248177779038
0.00207023997701
-0.00405061807846
0.0185053354391
0.0368297915128
0.0333886803865
0.00927823041732
0.013382995437
0.017734668708
0.0164221264154
0.0096625998645
0.0308856864578
0.0427424875827
0.0183235153893
-0.0104084403376
-0.00594053764761
0.00598190035365
0.00945489749029
0.014256701963
0.0410966168443
0.0350545761244
-0.000672868106398
-0.0342733424305
-0.0205565811232
-0.00278197070788
0.00530151466257
0.0197066819562
0.043651325761
0.0182758372893
-0.0070890160299
-0.0582366167509
-0.0390983536272
-0.0163169214455
-0.000716732186081
0.02443493642
0.0329958063602
0.0103647622409
-0.00658756552133
-0.0715312654687
-0.0450768741508
-0.0273929845329
-0.00599414296858
0.0156721705159
0.00834949537081
0.00475381583476
-0.0102395534142
-0.074621568408
-0.0451502375896
-0.0240661504259
-0.00687497336314
-0.000753667922838
-0.00119425501588
-0.00391126403467
-0.0143688359954
-0.0689973287599
-0.0398476578411
-0.00839457142218
-0.00422200085638
-0.0092907634422
-0.0119129319351
-0.00862385260527
-0.0175006327778
-0.0544168150846
-0.0241751168183
-0.00203256445016
-0.014262446493
-0.0146333285741
-0.0156284457424
-0.0133860682273
-0.0212972352888
-0.0341528570951
-0.0110709400435
-0.00581904350517
-0.0177348920245
-0.0170665923576
-0.0158769367578
-0.0118154084543
-0.0162342158599
-0.00214080812378
0.00353949981831
-0.00505950695405
-0.0131327962705
-0.0159299846878
-0.0111299384307
-0.005956233756
-0.00751150140067
0.0140577825604
0.00769101944077
0.00199349920965
-0.00637301038722
-0.0114542409169
-0.00665131100426
-0.00296635282089
-0.00282584410605
0.019190823738
0.0102250435814
0.00445039298824
-0.00354502688859
-0.00641091033358
-0.00593280134747
-0.00246350635041
-8.81063712378e-05
0.0180357214493
0.0152998033773
0.00886733532787
0.00161924727652
-0.0049780485323
-0.00463209323691
0.00150769439114
0.000238797836923
-0.00445016671312
-0.00835751504847
-0.0184881703706
-0.0251604863298
-0.0269216528712
-0.0225237322054
-0.0167178529309
-0.00939639890735
-0.00511397956332
-0.00791701841162
-0.0152435111649
-0.017947612042
-0.0176169955764
-0.0148121474048
-0.0152892145832
-0.0114112324914
-0.00443794994363
-0.000898418227859
-0.0044727364734
-0.00823568611071
-0.0083596797149
-0.00916732247398
-0.012541843544
-0.0124993688874
0.00513876982592
0.00801652400477
0.00243301990372
-0.00441958642167
-0.00161152501728
-0.00282276676662
-0.00640561900738
-0.0128182733155
0.0227134639971
0.0217958572238
0.0144701117798
0.00784058995262
0.0100100754174
0.0137708244074
-0.00111406192049
-0.0150330051702
-0.0100851705598
-0.0142679878922
-0.0162838549595
-0.00457277891569
0.0086544777981
0.0283396171024
0.000759173456952
-0.0204008815505
-0.0490307717526
-0.0344906168247
-0.0228942745922
0.00126336372987
0.0348915454205
0.0367930696325
-0.00359978155338
-0.0220937477901
-0.050881465394
-0.0192688414208
0.00455660775907
0.0294111070908
0.0405308649829
0.0217186361276
-0.00587095095192
-0.0227941599971
-0.0613579418278
-0.0195103066055
0.0205980855147
0.0345112274805
0.0092948990064
-0.0108322709341
-0.0218281045368
-0.0315124431673
-0.0652741307847
-0.00928590040701
0.0334827865392
0.0166420230451
-0.0149595092068
-0.0188901320474
-0.021915387941
-0.027235405839
-0.0426095998836
0.0069258431279
0.0291658491587
0.0118787967604
-0.00572980980491
-0.00255338167098
-0.00521314550766
-0.00513822979645
-0.0240260235938
0.00217760870873
0.0203094337879
0.0123496737609
0.012956196756
0.0159286064257
0.0166829646393
0.0142033247335
-0.0134511663476
-0.00603466864732
-0.00280366757641
-0.00896269591674
-0.00543824109012
0.00472515601261
0.00574612459763
0.00220193954344
-0.0125561409525
-0.0115723071954
-0.00965317531894
-0.0103088763433
-0.012186339634
-0.00466489965928
-0.00628060280779
-0.00851772613852
-0.0108888535125
-0.0143576789154
-0.0166797377033
-0.0201347616886
-0.0244139910812
-0.0176757468402
-0.0150746871516
-0.00835955682414
-0.00873954308948
-0.0153853910012
-0.0207584240676
-0.0235673053581
-0.0267367722446
-0.0198733802452
-0.011960096865
-0.00463930441686
-0.0353326426613
-0.0142515490654
0.0444188751698
-0.015098194104
-0.0274610520534
-0.0112762389392
-0.0197510372736
0.0109967947622
0.022129535158
-0.00774801500937
0.00904849907267
0.00026918087472
0.0180018182786
-0.0295524821827
-0.0176299211802
0.00943508522081
-0.0090926646699
0.0588251643374
-0.0137469668784
0.0098085348913
-0.00395608920962
-0.0101826084701
0.0112618793864
-0.00903183985972
-0.0119093393332
0.00391853259682
0.0874067907815
0.0155420435507
-0.0072294764068
-0.00645660244003
-0.0183230427724
-0.00474209418436
-0.00864038767874
-0.00472348466752
-0.00901081891139
-0.00325301985538
-0.00502880337314
-0.0081504020547
0.0140151294493
-0.0179740120945
0.00660791979892
-0.00639306880254
-0.00383216946544
0.00798004355352
-0.00590745017847
-0.00667440537981
-0.00951739302393
-0.00428586798623
-0.0041063389078
-0.00380004647177
-0.00504646799164
-0.00528004951578
0.0406326356028
-0.00690729220776
0.00612570621612
-0.00733244538898
0.0533212603626
-0.00543526595809
-0.00978383135857
-0.0053474221133
0.0516503666422
-0.00371485643744
-0.00571807519608
0.0103844959609
-0.00786615819355
0.0212772551779
-0.0168262410104
-0.00736524444453
-0.0043743033342
-0.00975351762785
-0.00666836516126
-0.00758952422064
-0.0105943652565
-0.0048706322836
-0.00464895424417
-0.0043224131161
-0.00575417424888
-0.00598092445028
0.0053094746929
-0.00658474283446
-0.00780779312965
0.0136960837799
0.0721930117039
-0.00515200662966
-0.00939903381413
-0.00508706087432
0.0109584506445
-0.00352115297251
-0.00543435673212
-0.0088827065695
-0.00764204148385
0.0341635083957
-0.0161438666648
-0.00696758439236
-0.00414623561236
-0.00924777561645
-0.00637446607966
-0.00725423071404
-0.0102153543016
-0.00464022332026
-0.00443810123746
-0.00412068188556
-0.00550766307108
-0.00573224545857
-0.0425660266826
-0.0172711677963
4.3791919127e-05
0.00231938895792
-0.035223465283
0.00344033525673
-0.0120478689254
-0.00115056784108
-0.00819284822583
0.00642488020046
0.024224685597
0.0830834262454
0.00947737607817
0.000663804648077
-0.0416310723823
-0.000357636020391
-0.0110763763641
-0.00355648863521
-0.00560178071514
0.042633896329
-0.0154270801646
0.0304579096606
-0.0117968313775
-0.0109818258013
-0.0145825027296
-6.73767678703e-07
0.00516917961262
-0.00484036698384
-0.00563978704876
-0.00514272925321
-0.0143298091926
0.0165089781496
-0.0068269557362
-0.00372974142345
0.0247603618602
-0.00258130560708
-0.00397667960405
-0.00659344371334
0.00573860622049
-0.0139131962945
-0.0115377536526
-0.00507400417725
-0.00304039775325
-0.00664101746434
0.00981135449152
0.00943384728616
0.0127619192396
-0.00339224417225
-0.00324694608303
-0.003013594868
-0.00401464377324
-0.00418992620201
-0.0226717295175
-0.00904963778353
-0.0106987241782
0.00274811255178
-0.0269198517106
-0.00705047988438
0.00810726134122
-0.00698218075309
0.00120963301787
-0.00485648958952
-0.00742885572195
-0.012205948466
-0.0106534074279
0.212036172437
-0.00588184968961
-0.00950286255437
-0.0057168723613
-0.0126358071557
-0.0088223355171
-0.0098895999045
0.0070005677863
-0.00638085300367
-0.00612395815207
-0.00566062647985
-0.00755261546185
-0.00783492583113
-0.0118645049131
-0.00472327131637
0.0126630941958
-0.00498678616898
-0.0141181084504
-0.00367245362946
0.00808780446937
-0.00364426507433
-0.00702377693169
-0.00251735164028
-0.00388474622873
-0.00635157160133
-0.00541619031639
-0.0136313429335
-0.0114171379662
0.0300729446946
-0.00296459203817
-0.00651969861751
0.0177435949716
0.00727438230923
-0.00729589547456
-0.00331242257901
-0.00317081907729
-0.00293854753945
-0.00390332897644
-0.00408299644308
-0.024011997983
0.00450513585342
0.00784119366588
0.0287260883558
-0.027808085086
0.024522452767
0.00722218306741
0.0106882454032
0.00527123098009
-0.00513529094901
0.0312790075379
0.0721461776749
-0.00310829191924
0.0286886084171
-0.00119794516627
-0.010094373213
-0.00606963119414
0.0535011114317
-0.00942976459494
0.0963240145357
0.0234551112531
0.0140452450956
-0.00644198245268
0.01337166219
-0.0080470879626
0.0265109831331
-0.00823702079064
-0.00331738375171
-0.00386528610867
-0.00351333878455
0.00201339662228
-0.00257919819424
-0.00466742599245
-0.00255599949891
-0.00498714682719
-0.00176890101945
-0.00272352438944
-0.00450935949352
-0.00377471751361
-0.00954752925489
0.00793025560534
-0.00345436301589
-0.00208233298874
-0.00453881298474
-0.00318937341845
-0.00363569923206
-0.00510636322496
-0.00232430556488
-0.00222437243656
-0.00206292056114
-0.00274236832508
-0.00286676878261
0.0083510643407
-0.00502219891407
0.0255992443246
-0.00531678654485
0.00270678358211
-0.00391372891758
-0.00706724253127
-0.00387791671082
-0.00749266167777
-0.00268015201437
-0.00413725480824
-0.00677841466758
-0.0057648456599
-0.0144325408462
0.00425852137937
-0.00527447333042
-0.00315638382197
0.0141365413882
-0.00483997478526
-0.00550947660942
-0.00774989223787
-0.00352599062993
-0.00337442015072
-0.0031295602107
-0.0041599542274
-0.00434988607206
0.0675256528126
0.0603447946062
0.00960773243632
-0.00926274099068
-0.0126508340142
-0.00672215036822
0.0059497389837
-0.00669791888629
0.0223254210498
-0.00459718248501
-0.00710381846217
0.0314173544456
-0.00969063476221
-0.02425661954
-0.000262619655407
0.0117501247675
-0.00542881344509
-0.0116459126219
0.0123443284621
-0.00951657110856
0.0371495693121
-0.0060316461257
0.00667335539554
-0.00536352286358
0.0107190917889
0.0101222433635
-0.0167931977567
-0.00666001271021
-0.00803258534887
-0.00705308244968
0.00943413104654
-0.00524111087304
-0.00926795965539
-0.00519979145239
-0.00987032103344
-0.00361679696823
-0.00555113314876
-0.00890218211617
0.0106441235846
-0.0195499815742
0.066233309436
-0.00700885683141
-0.00424153525345
0.0214625129674
-0.00643179255746
-0.00732270343203
0.0112956378242
-0.00476633270953
-0.00457625990832
-0.00421091598683
0.00688798890497
-0.0058105257956
0.0329774358947
-0.0160966650659
-0.0197169657995
-0.0171295183951
0.0237789090973
-0.0128557520215
-0.0224052464789
-0.0126613664516
0.218167081831
-0.0089326128531
-0.00118482557721
-0.00687439215225
-0.0186998257391
-0.0278225697296
0.0481823638475
-0.017128739303
-0.0104361499119
-0.00430146466207
-0.0155964718278
-0.0177157755118
0.0281057349126
-0.0116615483089
-0.0111713307822
-0.0103085544349
-0.0135248875616
-0.0140708076802
-0.0328814394619
0.00253022497892
0.0407153599669
0.00736515967844
-0.0248376464623
0.0146286670637
-0.00147111164979
0.00709865608571
0.0242190513919
-0.00751712302074
-0.0114793520119
0.0192572355782
-0.015558822426
-0.00977605579538
-0.0190309047584
0.00630626907284
-0.00883174080894
0.0552056003218
-0.0133661348962
-0.0150203313035
-0.0211892172362
-0.00982836451442
0.0116691819735
-0.0086993114964
-0.0115713899546
-0.0118972625202
0.00054116589014
-0.00644879925633
-0.00757895456579
-0.00690215591172
-0.019467275911
-0.00507878020094
-0.00919598229133
-0.00498810389791
-0.00970793368639
-0.00346207609594
-0.00533223142452
-0.00881319620466
0.0812212007771
-0.0192399965475
0.00208775845041
0.0112945209163
-0.00408041396678
-0.009005237985
-0.00626446568759
-0.00716316379302
-0.00998909504443
-0.00455220784958
-0.00436682502634
0.014488278339
-0.00541152561203
-0.00563042571598
-0.00971421784105
-0.00391167550996
-0.00455697815653
-0.00413704151717
-0.000324316986269
-0.00304015281074
-0.00550798122811
-0.0030133141921
-0.00587896499938
-0.00208536042867
-0.00321000285832
-0.00531525601113
-0.00445854774305
0.0108474604234
-0.00934586354311
-0.00407404596022
-0.0024552648483
-0.00534990909904
0.0147800939417
-0.00428496005375
-0.0060232556879
-0.00273930280436
-0.00262220180983
-0.00243182831173
-0.00323300759587
-0.00337917945598
0.0274061806789
0.0129472228014
-0.00974305425901
-0.00867996424559
0.0637354181682
-0.00642163349856
0.0054426096974
-0.00629883912779
-0.0122704224369
-0.00437648803978
-0.00674856937692
-0.0110950393404
-0.0094745010837
-0.0233617892585
0.0423722316928
0.0307277785765
-0.00515397524039
0.00946060164487
-0.00786742889077
0.00628286949884
0.00842005781755
-0.00575162545593
-0.00549862350636
-0.0051088972775
-0.00681549843259
-0.00708298976616
-0.0148585754877
-0.00594225663963
-0.00699526157956
-0.00627550883726
0.0243224305818
-0.00462178941197
-0.00838469772477
-0.00458897685524
0.031797845758
-0.00317818736882
-0.00488625133262
-0.00799483694008
-0.00684344713849
0.0369462722628
-0.0144384566774
-0.00620031454404
-0.00373990637178
-0.00819461337738
0.0156514676966
-0.00649454711391
0.0403097721436
-0.00417933979726
-0.00400228994456
-0.0037043700763
-0.00491590492187
-0.00513738816846
0.0678919195469
-0.00680834370995
0.0264023889805
-0.00721612596748
0.00924381091273
-0.00529575078119
-0.00956218556013
0.00950568991223
0.0119792397024
-0.00363123268726
-0.00559424134772
-0.00921900079071
-0.00779690079994
0.0353619099812
-0.0161893931562
-0.00709491128554
-0.00427528004548
0.00191571452345
0.0223323822163
0.000324545920756
-0.0104987926412
-0.00477254984564
-0.00457076875674
-0.00423999116563
-0.00563747040621
-0.00589661368605
-0.0217579143271
0.011937416211
-0.0106569389531
0.00595426815181
-0.0265363692159
0.00786457477968
-0.0125641135198
-0.00682109044953
-0.013035654568
0.0071473760628
-0.00727156267186
-0.011734657512
-0.0100830228536
-0.00421011543364
0.0513065454182
-0.00929493612263
0.0465025708733
-0.0123799637977
-0.00851700076669
-0.00957073879087
-0.0138199263907
0.00908456413621
-0.00594738624844
-0.00548961945812
-0.00730018359998
-0.00758390931029
-0.0106699568957
-0.00427758197582
-0.00503311378567
-0.00453595025368
0.00790330374194
-0.0033351866983
-0.00602930714084
-0.00330426813468
0.00602899545786
-0.00228787161198
-0.0035235286554
-0.00578352274864
-0.00490788501774
0.00280658241811
0.00827411256122
-0.00447973169572
-0.00269269229102
-0.00590574641335
-0.00412432344057
-0.00469281034044
0.00521870917913
0.0178671668176
-0.00288074624902
-0.0026684812101
-0.00354581616433
-0.00370478270068
-0.0101325544709
-0.00406707482697
-0.00478894278302
-0.00430211344094
-0.0121149491627
-0.00317144736951
-0.00570430561922
-0.00314382167474
-0.00608487558699
-0.00217751186347
-0.00335168073731
-0.00549373982114
-0.00465890632041
0.00926810780805
0.0245970681477
-0.00425099682656
-0.00256111088366
-0.00560986698106
-0.00391340931944
-0.00445643280092
-0.00630531445571
-0.00286474725662
-0.00274296401641
-0.00253835777856
-0.00336601423986
-0.00352054991702
0.00973493404051
-0.00383085743785
-0.00448287114082
-0.0040636314246
0.0276958055881
-0.00298900227579
-0.00537891925264
-0.00295880644248
-0.00575734584793
-0.00204925382904
-0.00315539476055
-0.00520574659571
-0.00438800291085
-0.0110259836846
-0.0092041726949
-0.00400784396175
-0.00241155464111
-0.00526941749156
-0.00368896559826
-0.00421111953327
-0.00590920726514
-0.00269285408153
-0.00257852798175
-0.00239137378776
-0.00317649219442
-0.0033229428
-0.0129786265681
-0.00518679012277
-0.00607082879297
-0.00553691921796
-0.0154689485096
-0.00405910952901
-0.00735536592929
0.0130868370624
-0.00782807218068
-0.00277935213473
-0.00427257032538
0.0994334224103
-0.00598729053752
-0.0153455606302
-0.0124838913379
-0.00545664826129
-0.00327249039305
-0.00716264486828
-0.00501546174332
0.00873914061801
-0.00800036798997
-0.00364891482332
-0.00349408501711
-0.00324497162871
-0.0043274195725
-0.00451054550781
-0.0133447316504
-0.00533705327764
-0.00624351245475
-0.00566178857611
-0.0158926498224
-0.0041676372343
-0.00748505303014
-0.00412524521522
0.0586108285055
-0.00285822941602
-0.00439947966532
-0.00725880394294
-0.00612685766199
-0.0153695411254
-0.0127509051657
-0.00558611274827
-0.00336350486192
-0.00733760371396
-0.00514611456383
-0.00587402509129
0.0307116104789
-0.00375408180626
-0.00359515952469
-0.00333630246364
-0.0044309466558
0.0509416862458
