-0.463772702332
-0.177662760348
-0.0783435726798
0.0513742564549
-0.00265698735373
-0.053601325205
0.00805248268375
-0.237982337221
-0.180587215333
0.13385159469
0.227883431204
0.248152762269
0.0780589745259
0.152886093708
0.127415614055
-0.403506237211
-0.264324469169
0.00065556410674
-0.0689279761723
0.046501648011
0.306165165459
-0.0962434284978
-0.0349130836344
-0.0337400168708
-0.199545681925
0.141447619629
0.167213564681
0.28841313698
-0.078231266607
0.0151933008714
-0.0321988653436
-0.325059267731
-0.41935670365
0.282570043152
0.152736230623
0.140438431587
0.301807874817
-0.0113244241637
-0.130439516302
-0.124455876042
-0.163064918675
0.0946133946094
0.288977415807
0.167668714942
0.158167526039
-0.0880949344985
0.0922457366688
0.0125172530162
-0.111491560646
-0.0228863432428
0.195385944126
0.0940648488029
0.0108725025103
0.215831205632
0.110987357034
0.389195545412
0.195789100361
-0.359423504836
-0.0819167066198
0.0485068331168
0.263942976476
0.425416875501
0.321031127382
0.490341542784
0.41418456966
-0.159760423727
-0.182744787955
0.379075384716
0.401128269035
0.470480633196
0.521169248104
0.178460113152
0.706491962725
0.170952916478
0.182484145217
0.0891082038275
0.399140561613
0.682537479238
0.445546630234
0.293040606837
0.571909023791
0.118106653241
-0.112382362397
-0.204775693573
0.128170132013
0.0371797239845
0.4302722203
0.494748865976
0.100298583358
-0.0784135915721
0.112162790931
-0.408340444618
-0.144573289905
-0.0642719193543
0.464630978671
0.369327222372
-0.114771731061
-0.326771484289
0.36368083667
-0.539480720386
-0.134003160978
0.0738773078105
0.293773437863
0.240323127665
0.292321205118
-0.201433131812
0.242337661459
-0.534422528539
-0.059888711101
-0.252101958594
0.317057548405
0.302436572878
-0.119708001493
-0.269892930893
-0.0150973886284
-0.194396043211
-0.066055027794
-0.218984515284
-0.382466611534
0.126551470628
-0.0771788609746
-0.117399852441
-0.533622873705
-0.175717681468
-0.0352981165594
-0.141145856436
-0.180458834458
0.35671280293
0.220126039357
0.376513452003
-0.361405723324
-0.387519928966
-0.90169622664
-0.606270552362
-0.865277184039
-0.167122811478
0.120672450123
-0.0759374953172
-0.023110561758
-0.0508973761925
-0.379929188597
-0.46588315872
-0.28378497565
-0.23527410358
-0.00273826903612
-0.0591696604966
-0.434144124915
-0.072613791103
-0.458506170694
-0.48464881335
-0.975077075096
0.397305115556
0.160938509417
-0.150802599111
0.098833877217
-0.399636623067
-0.0699830852659
-0.222408572983
-0.137314683142
0.00756814485413
-0.0266785135947
-0.180723228548
-0.233343343461
0.0325425410878
-0.00724372187099
-0.476176212201
-0.33512369682
-0.205642153988
-0.0796344842845
-0.430581344163
-0.325571666294
-0.422382132487
-0.365631011505
0.110917177535
-0.423748839651
-0.781373129653
-0.471149667213
-0.0487139932218
0.349404162611
-0.0910286536289
0.0822970282595
-0.230561480217
-0.15979296307
-0.867691319907
0.161440801425
0.141905578268
0.0826411213466
-0.0482847869111
-0.223733203957
0.154613589287
-0.493322626466
-0.43676970731
-0.0780622562563
-0.0826398807898
0.379342235096
0.152731286981
0.0585707874482
0.0461546422617
0.114359341837
-0.0275698079707
-0.223323589704
0.317817261359
0.184072219087
0.334827573486
0.19704849725
-0.128689883175
0.290323438569
0.286477361925
-0.0296685702691
0.481219589039
0.47842596706
0.110163172665
-0.267344167663
0.0415957697331
0.22127752725
0.492465311303
-0.19669494805
0.171474812379
0.268480266035
0.468968751467
0.238809639148
-0.0523430541176
0.648786650695
0.529103877608
-0.265903126559
0.226847219992
0.0860871537691
0.522575391321
-0.0375636488576
0.0795712079036
0.658730362462
0.583922172452
0.288910529588
0.824666308239
0.121937044766
0.267776692775
0.0966887434543
0.157456077374
0.459735328433
0.417478083777
0.428539627033
0.539453711208
-0.0270876670149
0.253324977962
0.310108936489
0.132231400116
0.228743385977
0.00091628811949
0.708224449431
1.23746368575
-0.00573291966448
0.673549237438
0.389254118573
0.40206122839
-0.118080732344
-0.0710797901363
-0.345662272327
-0.27066678957
-0.524473696712
0.164995072156
0.323357848705
-0.0624185590982
0.209230649479
-0.151917788435
-0.408996102636
0.0746254803339
0.11677618005
-0.0116670983184
-0.0581658875628
0.062807026464
0.0961056043538
-0.23795938106
-0.408151594487
-0.60817453298
0.292777800267
0.419598408318
0.052781262659
0.0761081547896
0.0292636513865
-0.130409364345
0.0846993622328
0.302917229619
-0.256252647104
0.101906081741
0.0367124230466
-0.268387781094
-0.10803194239
-0.144006716977
0.113478659181
0.303012055217
0.086606413993
0.393775692812
-0.0262846879988
0.173697108282
-0.184916019149
0.354911563573
0.0503444957981
0.737515361419
0.225074744299
0.317433831637
0.0560789951658
-0.0265238118563
-0.18455117403
0.20618967895
0.243949656714
-0.0601967460599
0.234974418787
-0.209060296915
-0.233973711046
-0.37608069397
-0.442650654592
0.152048364768
0.110452851259
-0.117341570756
-0.7015985556
-0.786758857974
-0.329894333191
-0.0682770673195
-0.138758386643
-0.559226308326
0.618862791213
-0.917862478302
-1.22419647512
-0.377752591091
-0.850257310478
-0.0513112056927
-0.744914655926
0.191713174881
0.220964866382
0.235249414188
-0.0577735736882
-0.681624257605
-0.696287485673
-0.434738856675
-0.0949352724783
0.331787349012
1.28966221031
0.0782955919923
0.520576469503
-0.011287618651
-0.227714497333
-0.197523901947
-0.290982743542
0.403228312716
0.196980546583
-0.196879911751
0.723125852569
-0.176296060706
0.103238510238
-0.355067673185
-0.255092290641
0.00291251661925
-0.0191459143444
0.103580055202
0.758484014511
0.0882741589173
-0.0280706847294
0.18625044788
-0.777238112565
0.0281206909918
-0.108025322375
0.26711159956
0.41880574646
-0.359606352661
0.209103241644
0.243143328651
-0.157845718433
-0.0560906700588
-0.13482259779
0.522883859088
0.048002611307
0.081341819376
0.0513925581147
0.197111787055
0.214265703717
-0.347315829601
-0.0795950260352
-0.377746162037
0.148135469809
0.223528891221
0.401702687623
0.213741555864
0.493948238392
-0.0103321688814
-0.555361646836
0.217467526241
-0.397057113208
-0.235385787709
-0.338387118329
-0.109973986478
-0.393913297139
-0.685391182063
0.102160118921
-0.280674940336
0.12236178451
-0.282921139856
-0.0873320373558
-0.452674505565
-0.379730544854
-0.123457386759
0.145513595278
0.0010666980947
-0.342621549461
-0.234476685239
-0.000181526298814
-0.20294266373
-0.527530805943
-0.388715506497
-0.710884596828
-0.12379088463
0.0587262807998
0.0931992779577
-0.397599645226
0.0131084232841
0.262666440434
-0.769511623016
-0.694390741329
-0.603991388454
-0.419034181716
0.0558979397142
0.0233065684283
-0.185204269062
-0.0203785006289
-0.0411055323091
-0.849658560086
-0.606931573115
-0.113654835852
-0.0790114629471
0.0234800644669
-0.0166292141949
0.352193115507
-0.138638254515
-0.841848113009
-0.485188721042
-0.178717832199
-0.14741122305
0.0529461133423
0.117038366248
0.181776257166
0.076483993696
-0.811899224053
-0.572831585716
0.063462642233
-0.080433610726
0.178932170849
0.0900204482108
-0.117968742221
-0.101275042672
-0.297606996245
-0.295657214944
0.201272731308
0.234816857188
0.354807688119
0.0783110312387
-0.203062752966
-0.0143815664063
0.403864435294
0.170879366653
-0.175740065157
0.352829279792
0.1774271776
0.179757405009
0.161646383609
0.210186356514
0.0178179265848
-0.0454814258973
-0.279312702423
0.211528938368
0.55731050053
0.112608440519
0.320914166563
-0.00969677225093
0.421009776214
0.298116936769
0.0803899256057
0.166003678066
0.486969348218
0.696265411701
0.352350107757
-0.0537161424825
0.484683106463
0.323342270137
-0.0047386482474
0.168270363376
0.0633548470236
0.0515869266834
0.576430589697
0.451950069161
0.684504330757
0.499689198091
0.366200250765
-0.0665682287214
0.215481978506
0.473788456389
0.528062409268
0.556777959797
0.323656457515
0.723422162091
0.32348311085
0.0657110071932
-0.130871888941
0.316694849956
0.387389873373
0.367119630581
0.384368959357
0.879277187063
0.705699166051
0.554558286128
-0.0504872858413
-0.131915097886
0.479228415245
0.132142828874
-0.411402762474
0.0180229436164
-0.169620656699
0.293548640204
0.110231455942
0.175857292675
0.592279243501
-0.377629829013
-0.191910939162
0.0778096138388
0.107180467587
-0.00941843718933
0.189797385996
0.0133829955204
0.0747618106028
-0.0111827528581
-0.143687880375
-0.157086911411
0.226824836192
0.0852876811085
0.173858675836
0.164137849686
0.255991709812
-0.275426524383
-0.107084699801
0.285042255327
0.319836062584
0.129915386015
0.00168879644989
0.212920893878
0.0111787422405
-0.0546908866754
-0.0516629828314
0.322682607397
0.18388609801
0.335920624127
0.228375048963
0.129039610121
-0.026951141566
0.273396825579
0.384850939766
0.309561872783
0.198650688142
0.221482754161
0.122909453803
0.137666931105
0.157607491767
0.387487510074
0.396755426901
0.654076737225
0.14060225875
0.331907995028
0.209307700855
0.267281921041
0.140538888284
0.70020315662
0.816408777982
0.565339444117
0.264984988925
0.0504683324698
0.151064418191
0.221241721188
0.113755103663
0.201267754302
0.761750617655
0.696963983159
0.115774903853
0.083948241979
0.000909843102619
-0.0504264680277
-0.415768737381
-0.0938136115774
0.401404595376
0.170446704425
0.217478991562
-0.162451526944
-0.454868634585
-0.292418563279
-0.259018547158
-0.217060323646
0.709928397431
0.0837946207948
0.10204697756
-0.0322718857805
-0.168095341335
0.0568720119075
0.0484176263491
0.111157807924
-0.204487169644
-0.0883639324242
0.261434935583
0.0298874030018
0.0613149616947
-0.0134374665106
-0.119750767831
-0.0235590081671
-0.206343986066
-0.082889543947
0.319317531722
-0.0985096757855
0.127405689084
0.231988507189
-0.253841725342
-0.185495482428
-0.325269025008
-0.0596182418171
0.323655165613
-0.204791950301
0.316766704774
0.0983330272232
0.133876849935
-0.125783132422
-0.368424515946
0.383569980834
0.105590798688
0.066672383895
0.103643784224
0.272346286611
0.0915675967662
-0.252682362574
-0.308132371079
-0.668687588391
-0.241149582972
0.297183855832
0.218630938212
0.2198603401
0.269600325507
0.0961495637754
-0.154352168834
0.243190975764
0.455701844279
0.705024720711
0.785372180117
0.827005602174
0.873576744136
0.185103665729
0.196216228394
0.216857329146
0.42973463169
0.173361413167
0.659791249075
0.501032628944
0.670829244338
0.868899718705
0.203627709815
0.0835369570099
0.466478849115
0.66847231119
0.560014310575
0.569924575154
0.946699664113
-0.111717327364
-0.151196832362
0.290127112096
-0.0919860575177
0.334249752709
0.254500393139
0.236110105606
0.497100649366
0.0909614503323
-0.395138840114
0.126453905511
0.189017253558
-0.0144430242457
-0.213788540018
-0.142364325115
0.0472828925737
-0.0882927077483
0.0174403499351
-0.0341059385381
-0.303716239885
-0.239751353849
-0.391526670757
-0.63948771747
-0.531102098985
-0.337976483522
0.110640839319
-0.0783307592884
-0.101952491703
-0.143681971724
-0.347348243029
-0.702300209935
0.147995044073
-0.558131998053
-0.129202581013
0.375504503051
-0.00368669599636
0.452192007801
0.0810054260056
0.150352057477
-0.233095404787
0.316721743193
0.361293390472
0.616832724522
0.297104420487
0.108194050029
0.216831923814
-0.147740979571
-0.25188486262
0.0837378564833
0.158607157151
0.498737498765
0.189251733733
0.121287634215
0.171369127271
0.119206361121
-0.567416435424
-0.215832604839
0.167880572812
0.343693237732
0.367729398124
0.291782266579
0.10429282072
0.42573125749
-0.678549235484
-0.198663380907
-0.0386957366339
0.128055292935
0.143804182937
0.261598443943
-0.0998931790248
-0.360882692509
-0.00701841287174
-0.461998689416
-0.404995034616
-0.277639200588
-0.410630290616
-0.0585150508985
-0.114371380101
0.278742950364
-0.295414604611
-0.633939893194
-0.461822536587
-0.592543319313
-0.408830575205
0.0851726638842
0.234733869649
-0.427222819724
-0.0303028484513
-0.984409588863
-0.268237193408
-0.448564454709
-0.292965642984
-0.291748810651
-0.0450806770094
0.141919147277
-0.334027060075
-0.608978074525
-0.575686523094
-0.826335844754
-0.0457822691367
-0.519637784115
-0.190571572845
-0.113784686188
-0.174154199308
-0.581940499917
-0.273118627178
-0.073172374337
0.580654888277
0.162555339419
0.529547086753
0.309350182429
-0.077797254548
0.210599777403
0.186782364761
0.0725582605931
0.188374867346
0.240849235153
0.139244375116
-0.0257348060324
0.312989685199
0.366272857133
0.134640545352
0.28238934205
0.470378330975
0.000733143411326
0.397806451702
0.346314549182
0.033580666733
0.476228645545
0.243430599044
0.363242780018
0.399111570524
0.534575043851
0.0785576988232
0.141160273025
0.210335360016
0.084271476544
0.197965132612
0.576051712208
0.295805747242
0.528982992814
0.563610910032
0.332108650337
0.131087691071
-0.0515551886215
0.201164011496
0.222536779663
0.274112210534
0.343656615202
0.475807796427
0.123449604924
0.426277505632
-0.173165317466
0.03830825227
0.223511484842
-0.20627594025
0.271770011536
0.0756157612849
0.424558960862
0.292471094328
0.342915518266
-0.436607485329
-0.278187040902
-0.136520427099
-0.0359542797798
0.0477045124502
0.152406492135
0.520280004767
0.0441268007359
-0.507371095395
-0.296146325176
0.0571646796733
-0.300093527839
0.103148027252
0.500132918155
0.278928321174
-0.00539173512535
0.305794369416
-0.492714839011
-0.235694723431
0.0892495755438
-0.0442557219914
0.169201629466
0.117470450801
0.205401150035
-0.777415207335
-0.411046784211
-0.642995505132
-0.369532198656
-0.131481875115
0.0196849798415
0.127127457433
0.0164715006608
-0.0559072662268
0.0753099971414
-0.44319571323
-0.144470922003
-0.271649747865
-0.164740861345
0.115671363894
-0.0489583076757
-0.145195472276
0.0538951712742
-0.028710193957
0.0186619232825
-0.140436854682
-0.045763027738
-0.0772162161642
0.0850643331603
-0.0429429525738
-0.0326398873834
-0.378241888175
0.29459773018
0.319676883222
-0.458231327901
0.0654159774465
0.385412700861
-0.123599333394
-0.0205795382264
0.32427925765
0.0924689812106
-0.0220721223212
0.0563802933383
0.0517194059643
-0.147869193108
-0.16426016615
0.341579817676
0.124716463374
0.551843324052
0.266486602943
0.143016896835
-0.0243512604291
-0.28208910613
0.270668041022
0.40017993937
-0.10415071153
0.184343133777
-0.550999089111
-0.605980622277
-0.0884915437521
0.160765607704
0.0867331181978
0.0219497645839
0.138437454264
-0.129549945848
-0.204332780951
0.394798696325
-0.517938114948
0.0523991925714
-0.0105959075355
0.176646221759
-0.312692056006
0.0357328017529
-0.998654350516
-0.432311757615
-0.557859703678
0.0714936796674
0.146434409938
-0.51570816044
-0.3057531482
-0.162172160986
-0.37633439289
0.157355263309
-0.337408531378
0.260649640043
0.145040843209
-0.37180519494
-0.445024791108
-0.657663031226
-0.496689159801
-0.721359305579
-0.80751955112
-0.712920611137
-0.136907399582
-0.292755213735
0.0172801205177
-0.236544574036
-0.326062006485
-0.2013089448
-0.629451967445
-0.410006575687
-0.487756199183
-0.151612499416
0.257008243758
-0.18352456766
-0.40463438189
-0.473398619702
-0.394245810723
-0.702370728457
0.461032312563
-0.03784343778
0.0803659003903
-0.0697670934448
0.370318753987
0.0329149266309
-0.364240205524
-0.404969322408
-0.206047556624
0.0697333106188
0.274908143537
0.194484960554
0.0979229057584
-0.146202465177
0.287487089662
-0.0682043556847
-0.0273134382665
0.360080869297
0.50798917887
-0.0240385921125
0.314436488988
-0.110321901231
0.134706497084
-0.184630359295
-0.160719035618
0.477918399257
0.421253602406
0.333593095863
0.154194790208
0.204249279357
0.328245457411
-0.0562075555852
0.0800880776217
0.623971529889
0.434177618737
0.361572417367
0.366107008261
0.0699352520359
0.562395183063
0.511381277873
0.338232899838
0.730249021442
0.19344514306
0.232721148166
-0.00330697288836
0.115443602327
0.561276716077
0.684759660501
0.302887690531
0.818862869994
0.285665201379
0.268845819637
-0.381978748927
0.0187919090414
0.730192578852
0.59352234378
0.484598296979
0.367793571169
-0.0647386746154
-0.0299786987029
-0.253855875281
0.187790980124
0.244008032104
0.581255721124
0.0844975765915
0.479202151574
-0.19827141472
-0.672608485315
-0.457328610207
0.539225014574
0.554707137562
0.924844347454
1.06154443243
1.08644623815
0.958160698789
0.715976713265
0.453090933166
0.71038099845
0.285935397898
0.626067539161
-0.0262710796978
0.0842600831236
0.307367228845
0.268342666314
0.381214069295
-0.176851972018
0.136144429729
0.045418574803
0.0200530988041
0.197878263655
-0.537475864718
-0.239645860769
-0.419409582398
-0.587944788269
-0.709827439858
-0.600419352625
-0.556227004349
-0.786110630539
-0.761765578851
-0.696926854517
0.1401145032
-0.141782123606
-0.138305779586
-0.591405782451
-0.475345290681
-0.959519327721
-0.495182323089
-0.390961502848
-0.532366380727
-0.154935155737
0.217819923482
-0.0794673720775
-1.76237651468
-0.531840992965
-0.323442342998
0.0687228235112
-0.319168064958
-0.439321311923
0.0339123644439
-0.919674743858
-0.172485524743
-0.106865200193
-0.254780032956
-0.357813344856
0.0933913053801
-0.48438278369
-1.00346175239
-0.84389241063
-0.19036007289
-0.475626442551
-0.0378049764799
0.0854369031581
-0.0161043887599
-0.412280197017
-0.483041850536
-0.888810190162
-0.320355787527
-0.21475173543
-0.185147300142
-0.181548521069
0.0951538732944
-0.241290002046
-0.301966805442
-0.619650726496
-0.683205717506
-0.161877959653
-0.0609003496304
-0.0114064365641
0.171433424996
-0.138840946055
-0.169479627647
-0.524742487335
-0.236217587436
0.0947786659773
0.290241058711
0.545930823653
0.195672977708
-0.245836048297
-0.250219418377
-0.294685518856
0.419208469562
0.109593815465
0.152717162529
0.130821041687
0.189252329581
0.139915024587
-0.172331063062
-0.159668338331
-0.133691040771
0.124592100682
0.259435164082
0.471259564008
0.269936598954
-0.0694815818567
0.552935281036
-0.23468479336
0.230028172536
0.2878876314
0.379473032387
0.400953591823
0.396149635084
0.332064849908
0.214125509295
-0.0465782548513
-0.273713777335
0.144603530857
-0.161276871957
0.183746022228
0.210056713053
0.482977383118
0.196015073472
0.213743680295
0.326970551745
-0.314875435124
0.244223531872
-0.21310647739
0.385250557408
0.270185493107
0.429990248329
0.641848346497
0.309739007819
0.521010482839
0.201325825067
0.0380480735077
-0.00498756660148
-0.173554446873
-0.134868825175
0.513706160897
0.166995102867
-0.326593965999
-0.44094709935
-0.333801464001
-0.180580717879
-0.138458224851
-0.367590194188
-0.424485227793
-0.764432028699
-0.355991913998
-0.508305727723
-0.314986448614
-0.626968228572
-0.502099952461
-0.36469656667
-0.0879631602245
-0.47648751273
-0.317329083624
-0.188901454304
-0.0149769437137
-0.0646338272259
0.202887174366
0.280803266812
-0.438056397595
-0.229977380836
-0.241952812773
-0.00640662983284
0.171313237558
0.23779318122
0.0144404018461
0.227870108213
-0.315185348434
-0.253105211215
-0.328724341022
0.392669711805
0.0512490548485
-0.12943141331
-0.335493559153
0.250289077581
-0.241436217577
-0.660575110028
-0.540213427928
0.0676904884625
0.53790128349
0.0643987342308
0.084482345318
-0.311334355531
-0.0261463928955
-0.567571384376
-0.62803806565
-0.506072656577
-0.0556872351459
-0.084599777534
0.109581534401
-0.339053696538
-0.268646957427
-0.337915302096
-0.760342014116
-0.767693603209
-0.0131544291883
0.136496074922
-0.122273466126
0.329697765859
-0.421703059506
-0.494445976959
-0.648945094812
-0.621724595468
-0.0585593655109
0.205318662147
0.124537595333
0.184434199672
-0.0800603734396
-0.0844607513841
-0.10285916106
-0.729940897866
-0.423668196891
0.0396149922403
0.226306366451
-0.056363483153
0.0377901043265
0.037174473586
-0.530635637945
-0.331976635972
-0.567968987091
0.152134647017
0.176315328578
0.190621505702
-0.0896480428839
-0.148868068299
-0.0342384729266
0.14060617419
-0.515246112464
-0.361389926326
-0.160734309607
-0.00120423135469
0.234331365746
0.112780667563
0.246337269826
0.21876722556
-0.114313578305
0.119029523637
-0.201926581366
-0.117174797122
0.261359822619
0.670227084827
0.325223747264
0.40807215013
0.540939471686
0.319941427023
0.0848030463075
0.503684290882
0.215117822196
0.17140120145
0.470310111884
0.483875650431
1.02270802502
0.722153395363
0.382937831872
0.0997828779092
0.270892961792
0.271881760345
0.135505472875
0.297822975397
-0.0595124144307
-0.802258689241
-0.989980027499
-0.291928053748
-0.42026845269
0.0972708177466
-0.233725092385
-0.332335920784
0.269305702987
-0.371512553703
-0.51030474041
-0.611466640966
0.292957625968
0.0887289656446
-0.172410407124
-0.145451980448
-0.535898510843
-0.913419979437
-0.438130822086
-0.554222809878
0.102936278276
0.139126469965
-0.0398660447642
-0.264694747037
-0.193014910158
-0.0739507514424
-0.267994956681
-0.365971263363
-0.264050485892
0.123238375235
-0.157814375291
-0.585536319599
-0.280351295901
-0.017002271322
-0.202886571023
-0.553268185902
-0.551141515896
-0.0704103032233
-0.32176151637
0.0858769245097
-0.195541215878
-0.0246739754343
0.056401393987
-0.199014862349
-0.135475052404
-0.209185186536
0.067092363781
0.188694012164
0.316283714558
0.0263266288862
0.108753664613
-0.162540193213
-0.122673086139
0.0754794765072
0.202745213685
0.249534268217
0.00796828344819
-0.22968398077
-0.299133473404
-0.287107768993
-0.118797133696
0.0125863256606
0.509464232877
0.652205607677
0.117251359912
0.154724589862
-0.208840033002
-0.262712218393
-0.460262896754
0.0830316141137
0.545858382892
0.363946317337
0.375406963425
-0.00242062131175
0.0463238038134
-0.313077376188
-0.313978088955
0.468132864215
0.335131676558
0.312457911172
0.44380020432
0.266382012194
-0.125698589233
-0.204682512431
-0.12807866439
-0.0734768532322
0.527609855705
0.466289819158
0.367886653853
0.370415512062
0.141183018078
-0.0866694491109
-0.0721793528899
0.758377508126
0.223836165758
0.259319848206
0.415387184162
-0.126451705001
0.17598177133
0.240835945385
0.374460604535
0.246252519843
0.677798886525
0.167303727759
-0.0241907701676
0.224929448459
0.278009699038
0.117397631706
0.576437042286
1.01195674909
0.127758010123
-0.030527551812
-0.189237473225
0.00987704027515
0.39292259519
0.252257237957
0.515638530368
0.408449809877
0.613951571538
0.205596437445
-0.304568947431
-0.748075342497
0.0971369462188
0.332511954156
0.31690162923
0.740066222891
-0.0153533882267
0.371559338837
-0.0368736880845
-0.0168622908586
-0.146827112728
-0.238600177843
0.139780760738
-0.242753746329
0.289109677052
0.110177400302
0.468325240259
0.143328479126
0.0211052775912
0.0491182720195
0.0860980128989
0.418780760539
-0.156121742511
0.782861163414
0.455490954712
0.259150118674
-0.537000651548
-0.141380259456
-0.312887805709
-0.161202331709
0.342002560994
-0.110812780395
0.110978687133
0.381775420569
0.0216700219128
-0.128841536772
-0.490994533811
-0.150913154841
0.114341573544
-0.116671018792
0.0370857402967
-0.0464831653428
0.109606048983
-0.226840549176
-0.898803071083
0.130231306826
-0.113861915464
-0.181202838737
0.080171188993
0.282635142334
-0.2208345984
-0.21399015919
-1.01287688953
-0.50984678832
-0.202101751504
-0.095062896156
0.200728947471
0.20719799185
-0.177121691611
-0.37307877508
-0.725077967055
-0.559311495283
-0.0997566934676
-0.302825438462
-0.0389851822159
0.102354609528
-0.388490982703
0.0109278046254
-0.792188608728
-0.374143148472
-0.249877721135
-0.108625654945
-0.0164781745236
-0.11662279625
-0.245996173017
0.0852631096391
-1.04819986033
-0.261303745051
-0.533812273143
-0.300183559752
0.00497393607785
-0.205192795342
-0.446366424314
0.0235380965182
-0.306706497176
-0.147206581763
-0.681726602174
-0.317541792456
0.404913476159
-0.102408309489
-0.251879146314
-0.233140722189
-0.401586808288
0.0677409933785
0.0891492600738
0.101094989314
0.195499801346
-0.101136339215
-0.00661974971598
-0.2901594952
-0.00963703244963
0.297446274073
0.0455903169913
0.27849287156
0.18363197707
0.507349927001
0.0450577258621
-0.125972140665
-0.461589565607
0.0903275346821
0.0474949090655
-0.30164375156
0.327431356514
0.16678278059
0.0238824129966
-0.0949072809426
-0.272147457938
0.287887349972
-0.201477435584
0.388063036019
0.0203621920496
0.0265079130435
0.375293394044
0.235993667585
0.151905979207
-0.290397721026
0.383693446015
0.22027516844
-0.210736359346
0.619313912518
0.371968720374
0.471498368834
0.314662477738
-0.229867329392
-0.290232942413
0.00147271114535
-0.106534487337
-0.409193443047
-0.271169307169
-0.320735540013
-0.347828989818
-0.272523370674
-0.102210463226
-0.198575514607
-0.185416324133
-0.3295975777
-0.410957825633
-0.486544219103
-0.0577709920844
-0.39377628804
-0.0307948093683
-0.246656579647
-0.601246120034
-0.219996142856
-0.307023557074
-0.236291409126
-0.187105328881
-0.149337189991
-0.300555128493
-0.216627512341
-0.399106895883
-0.150042746106
-0.32225997141
0.123448858602
-0.082011532719
0.000957977834887
0.0622848817125
0.217139073905
-0.307087178637
0.0725225599886
-0.214771118726
0.108648036257
0.0906148360329
0.314427775164
0.0838445507139
-0.0649177502265
0.0696629979107
0.153598910132
0.126572574895
0.413263418833
0.506876261875
0.580754474225
0.561343711696
-0.124220260447
0.119943710422
0.227093736618
0.54321325382
0.4144907061
0.490552941076
0.352087087103
0.578343480018
0.468697887608
0.179544250068
0.295428043205
0.197186352904
0.491803039498
0.969762920304
0.414245476264
0.471519404079
0.0146549925219
0.355120873475
0.432510001102
-0.0298037816261
0.193133749967
1.13302536647
0.351031495554
-0.49373228045
-0.169600837379
-0.0068676616639
0.29841456979
-0.165331129911
-0.0129475759213
0.169047581792
0.0765629064767
-0.814525365487
-0.454783797601
-0.137216206476
-0.221628986906
-0.204535868233
0.0543127785454
0.0348802246023
0.277585736028
-1.16832924356
-0.233974182118
-0.171781272694
-0.496896933372
-0.182603172188
0.0752532445139
0.00670246602198
-0.0653727597694
-0.949704684764
0.166453310083
-0.326468355805
-0.376495866267
0.35315989587
0.214212828568
-0.163736244824
0.601978907885
-1.24478162867
0.330455261703
-0.583244369194
-0.388748684486
0.29542698789
-0.199246294434
0.21148410858
-0.144277272431
-0.498091329195
-0.650588543858
-1.04486669573
-0.404136099469
-0.375316431653
-0.695348508939
-0.335817117929
-0.0111393585208
-0.230432368757
-0.791925323585
-0.586059323987
-0.503603311166
-0.328971758142
-0.711347317461
-0.266524318343
0.381222038976
-0.57243825702
-0.0428131815887
0.152518847684
0.0375323218876
-0.212418625186
-0.567961840898
-0.0405316071472
-0.0586473617875
0.12653737283
0.0389211058453
0.00456795182116
-0.123603869095
0.153153233283
-0.149405756826
0.342371833238
0.0956066651916
-0.20679882781
0.279853424578
0.134298850341
0.191988957253
0.173213282986
-0.0788271439022
-0.123241607538
-0.0286315291037
0.121781661667
0.0987251381701
0.170019648878
-0.255049609184
0.0491480934022
-0.415710727722
0.440467721897
0.103973070649
0.0176214703698
-0.247819443673
0.226565411017
0.103330272217
0.119023048242
-0.0999072026703
0.43011446145
0.42066465212
0.234160377609
-0.262940144148
-0.192789132646
0.282050060406
0.157370788659
0.161761565275
0.279057538906
0.361824753879
0.4207256829
-0.0803198652693
-0.378482222149
-0.0431327922172
0.144632925788
0.116063322623
0.65460537954
0.750718775788
0.598046094704
0.241370230077
-0.207625134385
-0.507758080154
0.0191813542339
0.651622309273
0.708631205186
0.516575791255
0.993921110648
0.423541835164
-0.210736659309
-0.534193122492
-0.0821099621348
0.48722892964
0.539859276628
0.560149804146
0.170476014291
0.288154376051
0.0356515913052
-0.354405657215
0.0730044027689
0.111073610102
0.50095531617
0.132328948656
0.300959900276
-0.0035741717349
-0.335773502721
-0.785536628481
-0.0100852566549
-0.0397839538235
0.498261522906
0.319905455114
-0.175416354773
-0.373199990956
-0.292272902988
-0.706733531285
-0.333857237583
-0.00431059146774
0.410825409352
0.113120943205
-0.492477148508
-0.0759906493413
-0.163222889316
-0.419072272353
-0.513350213526
0.0341735935421
0.0466965233283
0.146554586611
-0.757975210583
-0.263211319476
-0.0968930464263
-0.665206273654
-0.247152591955
-0.141042182111
0.252906530721
-0.193860313369
-0.74765862669
0.0187160308467
0.132133907753
-0.611411899335
-1.06102321556
0.212032754814
0.18532889135
0.0116036601131
-0.231981036458
-0.268336015971
-0.583426378644
-0.452441671817
-0.59636707231
-0.613971576875
0.191742306489
0.0205719941241
-0.35567039956
-0.030778970824
0.154187161971
0.276124294214
-0.341284846655
-0.302432895531
-0.446294562776
-0.582998791013
0.406300388006
0.032520277685
0.0830328208519
0.0802626359938
-0.110579695031
-0.225490173235
-0.353130157523
-0.186725205476
0.0138116100246
0.193354972113
0.103896871301
0.185774713471
0.0800679294575
-0.100586729951
-0.49887651212
-0.0662477760618
0.316308170594
0.105070811028
0.426386034355
0.0593448588776
0.036628534384
0.0562906886647
0.0854066206069
0.228266045757
0.206884608348
0.305752093441
0.24283717092
0.407699080819
0.110391263493
0.211105169623
-0.0187891020071
-0.0200832345247
0.384368146756
0.127313713366
0.326854121746
0.177848683364
0.521451295497
0.246049531484
0.446417015938
0.202451069085
0.162215787232
0.0945541301495
-0.0849302569376
-0.393690720245
0.105707033666
0.349853383796
0.789753502431
0.282946728449
-0.0811053920584
-0.473838917104
-0.509943010704
-0.34370397493
0.0248686419078
0.335042989748
1.01732545272
0.569618326919
-0.418495721423
-0.489295125176
-0.51160139247
-0.46597481662
-0.402404708149
0.24803284688
1.42425815383
0.815443524443
-0.333302469948
-0.699624378844
-0.456490462706
-0.527635602662
-0.271509601597
0.0957721491184
0.501595164251
0.151308793182
-0.0856086149043
0.140436816712
-0.290018464511
-0.165662210838
-0.256773374142
-0.0547301970079
0.158688784413
-0.241146212609
-0.146101218837
0.116475927622
0.140385252847
-0.0562533110942
-0.171541214914
-0.115054860448
-0.451721823872
0.0163912333042
-0.036256442502
0.0907777584074
0.0961630871637
0.302688950043
-0.258335883971
-0.534383759838
-0.339674126109
-0.243483768273
0.217454141524
0.456412659912
-0.130938018014
0.525280809941
0.2520107412
-0.157551689875
-0.658683214466
0.383246518859
0.377659545252
0.224718752322
0.139669706442
-0.0300550492929
0.335387578775
0.0369168324919
-0.331939786852
0.285056715181
0.67159698512
0.683091452801
-0.0570361639837
0.285026677019
0.077168598856
0.478278088576
-0.248248719646
0.257281314374
0.495520343067
0.759191219636
0.785500483454
1.22007318029
0.841594897025
-0.00747230063032
0.397153767872
0.304907462076
0.56683692014
0.605233508667
0.338722005476
0.276499837353
0.219712956949
0.471714814538
0.36245302923
0.24309472873
0.0758672853407
0.389355519852
0.308678197094
0.530973277541
0.731893061617
0.746187667612
-0.133519480684
0.285882370728
0.673422133114
0.224760819413
0.419499525773
0.252607874726
0.133893723599
0.239488035808
0.35540532957
0.231222634133
-0.0162230524732
0.122155218428
-0.0457601779754
-0.234239107541
0.451093399155
0.191520340713
0.292249871928
-0.0440315428679
0.46815646692
0.117968368938
0.0351489106281
0.272473966077
-0.0337117613336
0.542719785513
0.340031279878
-0.0492126918884
0.423940347306
0.087245264712
0.249931653605
-0.089922110194
0.269119551667
-0.284282108591
0.555063748296
0.049300946947
0.327539008446
0.245622772143
0.255633532357
0.211978602183
0.0115989385721
0.0717518985317
-0.169656142906
0.185585401145
0.333165985903
-0.0928815273883
-0.0400398789726
-0.0997478959549
-0.00859228847275
-0.148380650161
-0.440641960531
-0.123637228219
0.313665440282
0.00816765370013
0.0805137230487
0.220017832863
-0.0746933255503
-0.381435982752
-0.65807782106
0.0578608267476
0.0779740186327
-0.10025077077
-0.160627274533
-0.119374855939
-0.18228123957
-0.136885777168
-0.52901758967
-0.27995024122
-0.00354901236277
-0.135899100507
0.147090369614
-0.187019540348
0.0280808013771
-0.609593264504
-0.401181413176
0.0708467853493
-0.0808062176852
-0.192515053765
-0.16621627205
0.171338152242
-0.081775232274
-0.875283983923
-0.185479203007
-0.24940631622
-0.319110684827
-0.190569851181
-0.105218937945
-0.14672976656
-0.417239522779
-0.445547727143
-0.253848393156
-0.158666434481
-0.390901956654
-0.00226935229239
0.126030385807
-0.137080435579
-0.414684104141
-0.478139739137
-0.2009521274
-0.397264973297
-0.456331413315
-0.0941992774154
-0.255324960914
-0.276155927123
-0.384786168334
-0.982586131655
-0.19011022375
-0.247611361638
-0.0158535525876
0.366652825044
0.484572444226
0.372314956256
0.262503129704
0.22099783772
0.112976565422
0.155570340646
0.0698678340157
0.464988465099
0.414473638217
0.174037974275
0.231235106653
0.304964194165
0.363778755577
0.27490492791
0.126150234043
0.656315462082
0.436492101804
0.358510805146
0.22354694706
0.235244334324
0.184323115011
0.405294493292
0.366780156207
0.257249846767
0.325513655495
0.287519984402
0.36429487074
-0.116492572487
0.041744472224
0.210071803644
0.618789310981
0.321234507501
0.239579119828
0.308866441319
-0.172347226742
-0.0540430118056
0.0500392642195
0.0899481608717
0.498307421544
0.0407287837041
0.408451530903
0.274848460751
-0.10670800035
-0.306377872249
0.0168116574849
0.178126828147
0.0586618246723
0.227458622443
0.00625776300913
0.340723975509
-0.0307364989401
-0.205834490761
-0.398385109825
-0.634583639197
0.0297871585314
-0.226021097025
0.43970012392
0.000635813325151
-0.472153685449
0.201746697474
0.0427145644841
-0.200090501707
-0.324267498841
-0.072980095727
-0.0342801552613
-0.393963126604
0.376993617578
-0.0458432735185
-0.399670157533
-0.454630649476
-0.305081675792
-0.000329064049953
-0.218015090027
-0.00996046736342
0.00778909742304
0.21411553436
-0.0677655642797
-0.248996890154
-0.375972218935
-0.476526332592
-0.199540017214
0.0895723184444
-0.103225383339
0.473098605237
-0.561535528219
-0.330971870102
-0.0893200229132
-0.127104894416
0.00515097705043
-0.258100648872
0.202272258719
-0.309180964601
-0.124419981757
0.0237430540099
-0.115901369786
-0.15122382931
-0.257816601802
0.00512549598932
-0.276790127999
-0.104791346604
0.0610965605367
-0.420123298975
-0.403752765179
-0.254630528664
-0.0431829280833
-0.143223507792
0.0639343115852
-0.0610451474643
0.145125446653
-0.474467869998
-0.229013126153
0.148885748468
0.19388756563
-0.0796707856667
-0.220407898995
0.179774107211
0.101845177867
-0.236915997198
-0.2536380412
-0.0881898646124
-0.0265449076231
0.0550526792028
-0.222632627149
0.0350912829514
0.225026380482
0.277669775169
-0.149184990633
-0.0834309065332
0.33941586253
0.293554624776
0.342876971392
0.594276979921
0.219548994431
0.0720723087022
0.0869043988179
-0.453985807598
0.13126062579
0.203230248427
0.0430083224263
0.146111446756
-0.00884298758571
0.238599965044
0.0573812416586
-0.0309098232448
0.231125769457
0.161781822649
0.381945861759
0.190182843263
-0.0790634989662
0.111810737046
0.252877813763
0.124277425518
0.0394416696826
0.102659878784
0.0420791693526
-0.265088107366
0.2261568789
0.248321857736
0.445299761817
-0.128186873627
0.0221317539329
0.311114844942
0.113024175065
0.199383629627
0.243277426022
0.458296767568
0.416612327206
0.0273469343823
-0.312389028589
0.0632599730628
0.183121567288
-0.135959534985
0.485116851527
0.30085665366
0.420423190197
0.0452812190797
-0.24738750142
-0.660504842146
-0.0906257992672
-0.176896598889
0.232534660345
0.705152391341
0.494404672818
0.12126110011
-0.0374191942199
-0.502199842995
-0.460255407995
-0.42586279687
-0.184083278823
0.587367235689
0.792135630343
0.307084616157
-0.0883690866424
-0.241069149895
-0.591470335941
-0.804878083715
-0.0356369102789
-0.00414508982345
0.430480657895
0.400332439716
0.130122128943
-0.134790439975
-0.243397229142
-0.751994614447
-0.249317525647
0.650071716665
0.198985353194
0.365666098501
-0.0261366602121
0.108605250421
-0.43922300892
-1.41829325172
-0.0291737640547
0.193664238578
0.140389360503
-0.0382176368264
-0.026760959849
-0.149908564271
-0.156384120027
-1.3459724135
-0.174392060928
0.331520904707
-0.251941642664
-0.0797571795307
0.0136339197444
0.209611687072
-0.344784482561
-1.20613300551
-0.336130551056
-0.180626872647
-0.326230350391
0.0109788151841
-0.181900799535
-0.101216287773
-0.0335861979876
-1.34786005866
-0.151992228464
-0.0982546791306
-0.217022629226
0.373784882958
-0.0131124059657
0.0360280535685
0.0103107400872
-0.963211845718
-0.421313258562
-0.0468487344261
-0.116777150518
-0.0090424728919
-0.149137495114
-0.120981976781
-0.286750726991
-0.513387004147
-0.978085731652
-0.491902307523
-0.114730395484
-0.0882133785419
-0.0448091711034
0.436364589752
0.229719649827
0.244431621861
0.14336893002
-0.0653371076288
-0.0265848930683
0.218033512096
0.110310609815
0.0539028937044
-0.00168021682795
0.169333433359
-0.0533258814962
-0.192537450276
0.0134203757755
0.404223545804
0.528902694704
0.129875136294
0.0770265768744
0.218390168281
0.238242829248
0.365424210172
0.331993042432
0.281639327807
0.0722200778779
0.186054845517
-0.175415946261
0.311427077086
0.348410900277
0.0107412932403
0.508547986764
0.398698839092
0.186363883709
0.0960693849172
-0.0330658426555
-0.266944357767
0.29294521325
0.332150025562
0.480438819143
0.0626043819652
0.0257177608657
-0.209868728515
-0.333479710862
-0.679984635023
0.0448958247056
0.65322383066
0.216203252909
0.404766192692
-0.137823865162
-0.185978232525
-0.188279748945
-0.297918772594
-0.816351475214
0.141753785339
0.250036469556
0.137845595853
0.411941797076
-0.153469952096
0.456732718127
-0.277915779575
-0.418864880274
-0.332856750294
-0.275119797413
0.0451609703743
-0.0542155057517
0.40487884972
0.11981757279
0.435241537223
0.263831017099
-0.9206533947
-0.985957163918
-0.328207558011
-0.166566216723
-0.277537969223
0.134752466988
0.41879251337
0.298046194829
-2.15410962386
-0.934185460335
-0.502284906155
-0.740013357763
0.0906590165068
0.780026176098
0.480589904525
0.532356653369
-0.0460435972832
-0.112084743407
-0.457898897447
0.106634336834
0.295197625151
0.0151867033257
0.653622052594
0.49903053544
0.0595509768536
0.3993922972
-0.466245840122
0.0374428421669
0.217745976619
-0.126305176397
0.0995859105928
0.163113224939
0.141537068836
0.234843458273
-0.328694417972
0.308271019291
-0.292490380921
-0.16295617936
-0.26007878332
-0.0496042148085
0.0879489344595
0.270704210108
0.116655019641
0.0864400423521
0.280200711827
-0.181072689517
0.00453002419091
0.267604828082
0.594040737881
-0.0165258169388
0.337622098655
0.244344290754
0.056417293969
0.0274567397772
-0.33341115759
-0.642842466305
0.214925339843
-0.323586890892
-0.251788373491
-0.282597645277
-0.27196038707
0.341467778183
-0.0377775803399
0.361581870853
-0.259753057204
-0.237873647967
0.23616267153
0.216130483228
0.305538826577
-0.18740355712
0.182100652514
0.224169445186
-0.0187082270013
0.13151779335
0.467780882221
0.100668397765
0.511029944857
0.111878577834
-0.126424306162
-0.28703935886
-0.138371902445
-0.0357409449534
-0.141104639282
0.257352836
0.00578297907313
0.00377622822939
0.0347545064293
-0.388400742688
-0.144061241073
0.181155523149
0.40601982509
0.425284536934
-0.0580545861851
0.263920728907
0.457722491327
-0.479733565979
0.112506950123
0.0584044257852
0.0969155308795
0.381293566483
0.462851423794
0.0691382565883
0.126331744748
-0.282543857289
-0.129257413581
0.330004902653
-0.0716879711273
0.28364166739
0.240639717495
0.200288442431
0.404632292058
0.251635462712
-0.0761752476243
-0.0741483904985
0.110547625609
0.111745059319
0.123022744023
0.232253606883
0.0555536195032
0.433499858106
0.0410861739161
0.22476912322
0.0750155902184
0.0714812046697
0.168873297297
0.17232666704
0.291303138475
0.00730010206421
-0.273333964626
0.174275950693
0.356635369812
-0.143281621156
0.233900989448
0.161598150203
-0.163250520508
-0.509980152268
-0.729180992072
-0.297024753786
-0.199506458626
0.191558497266
0.0305246250946
-0.0690918562209
-0.0629818878381
-0.998724167238
-0.760152836689
-0.239514950948
-0.0946388289232
0.26090695356
-0.0174221756203
-0.0175063384775
-0.257583764302
-0.509439568215
-0.334729050167
-0.0307436283184
-0.247980573892
0.0902750310852
0.0850882511248
0.071922526056
0.27543706605
-0.455745336154
-0.630735404858
-0.575762535954
0.162773522414
0.416490623943
0.236774706369
0.0874336387809
0.0496976501004
-0.0995309134415
-0.471207106704
0.047083282584
-0.345112296632
-0.0416925330111
0.430114238651
0.12932557455
-0.0287303944657
0.763084886212
-0.291806727708
-1.03964732287
-0.139965646457
0.0449796084557
-0.0192859247767
0.219947022841
0.801984991623
0.295223899648
-0.127096026597
-0.185501653842
-0.591627576649
-1.05258558642
-0.611099246408
0.00249025154964
0.423991798909
-0.508871041968
-0.439464789091
-0.338580580202
-0.606285685332
-0.52279057116
-0.213953232876
-0.0490252309303
-0.00100604722896
-0.342630866687
0.369444342546
-0.0144989765471
-0.790956314665
-0.499402216455
-0.230233573495
-0.295233334986
0.700150016827
0.335534261079
-0.283683322913
-0.5384756561
-0.198068407156
-0.597347541948
-0.224194694973
-0.117335553018
-0.520890004864
0.531022435849
0.262830851554
-0.772727807841
-0.331044116468
-0.482910182415
-0.27066258376
0.0405905918958
-0.115439603331
0.719695375664
0.0295079806705
-0.769237198317
0.102858855404
-0.502384348987
-0.298829560449
0.320056687894
0.393837373175
0.888756020093
0.613526427069
-0.915070606163
-0.37800030535
-0.408346953111
0.161853767477
0.245087347428
0.322914740342
0.268915164932
0.515716714497
-0.366296405786
-0.406170913931
-0.852624482468
0.224542709514
0.0261452184157
0.116251971986
0.27108841686
0.855677590343
-0.170079381161
-0.30910362812
-0.45414313268
0.15009985424
0.445347553352
0.0659899101049
0.446341914491
0.567808139658
0.0974206858839
0.0724986467128
-0.510294022978
0.104462412842
0.531619242975
0.561413080796
0.611867828635
0.5714771202
0.187851859155
0.367189610927
-0.0625480673529
-0.0488116834792
-0.0743940356932
0.422371597136
0.46282615096
0.149402110806
-0.163869282209
0.180491985995
-0.23411770999
0.0866151739175
-0.0135847463503
0.437252900617
0.351960044246
-0.346696541389
0.108656072812
0.289216103592
-0.217886193905
-0.191268064763
0.0150244309078
0.260155444049
0.291649142417
-0.149881447996
0.339453531732
-0.303980341873
-0.140277389604
-0.0666342410899
0.0751642182374
0.130143226036
0.0163277254774
-0.32301977342
0.216245548724
-0.377103739317
0.0255139064598
-0.0371722324589
0.112651344432
0.127691414643
-0.785054388791
0.382492317224
-0.053148635284
-0.222375059221
0.223910718453
0.256371427344
-0.10378304058
0.371392556769
-0.16045321
-0.514497896508
-0.185227494038
-0.628481388094
-0.921870985971
0.141803718038
0.267037962378
0.822104817441
0.406588416423
0.458304305192
-0.722828847919
-0.716969646289
-0.910124738226
-0.21414212412
0.629388954473
0.195135353254
0.26091200272
0.0201103285117
0.240338527345
-0.663069896368
-0.617799812203
-0.406150604338
0.199974177911
0.897156648119
0.642473100012
0.391860635201
-0.41828823036
-0.0545441662669
-0.938517123675
0.088962137861
-0.118657081463
0.437620231457
0.669094784785
0.428051707095
-0.353406761094
0.0908948683729
-0.792068706363
-0.170896811863
-0.0989191927297
0.437996741004
0.688018209268
0.781568207209
-0.330397343317
-0.0460908008126
-0.248629520294
-0.341579589404
0.301333718044
0.356630560957
0.744586867962
0.574684362334
0.0414864594917
-0.638195995551
-0.517026538781
-0.459030864556
-0.0771783882348
0.592031724766
0.0858468001234
0.212210422225
-0.133643855829
-0.132892619277
-0.678155720487
-0.369025988452
-0.0630127078009
0.0148201001023
0.196436878317
-0.226464078262
-0.228897957475
-0.0407493467742
-0.176306592027
-0.695762776309
-0.324657349206
-0.02483980362
0.156382368365
-0.106869653619
-0.062760515667
-0.137375834904
0.0317043824497
0.049089482704
-0.436944897332
-0.313482764293
-0.301410986254
-0.138763029723
-0.0937413466246
-0.0189249038516
0.590376405691
0.0486805060944
-0.0952816723063
-0.0749717824967
-0.0954002342561
-0.329324883416
0.0242223011516
0.0943724689048
0.338070890055
0.37255824216
-0.241090235557
-0.126022460021
-0.0698079430729
-0.471487503393
-0.118796699596
-0.146439232983
-0.00428063264991
0.0911239055242
0.0678176337297
-0.163575413621
-0.407517546999
0.0185340374394
0.107007287412
-0.347462611926
0.216193387858
0.0628430469538
-0.151846663693
0.148570527391
-0.501429189017
-0.450230935897
-0.292390250381
-0.13667727608
-0.17431307014
0.22069084745
-0.176127616308
0.0025597617297
0.202187064651
-0.279460155593
-0.408414915526
-0.471387314092
0.0281668942435
-0.225965620994
0.487022706125
-0.148722196387
-0.643331017662
-0.199271897996
-0.117356197603
-0.180791676273
-0.190631248848
-0.183745297372
-0.155954155413
-0.188235079541
-0.374100147297
-0.0265694170245
-0.132571478033
-0.178572266064
-0.222724691449
-0.267513100145
-0.388959068369
-0.415462033103
-0.759023903834
0.0129505006135
-0.2426419393
-0.277021069886
-0.432486210623
-0.273917188855
0.0131493708327
0.00214380452102
0.0214214709018
-0.331770593796
-0.702553879999
-0.229617049591
-0.435224264228
-0.195646787825
-0.142933343692
-0.0315199329734
-0.136554842525
-0.427180343387
-0.920081558354
-0.37610922721
-0.351128055191
-0.972384189471
0.0660319535259
-0.113770773046
0.305561404884
-0.167529688841
-1.35190285009
-0.719925605058
-0.544078277968
-0.791715245795
-0.100350300373
0.0162078121034
0.660252424533
-0.234151411987
-0.791225518345
-0.261113744676
-0.251599578669
-0.257348564816
-0.997310479472
0.452505904956
0.947948695873
0.476958845504
-0.0382819772766
0.145825655456
0.348268075886
0.129650910726
-0.567905369633
0.119460190387
1.08143540766
0.676090539687
0.195954302065
0.484324793085
0.360053454378
0.304115806549
-0.0864237471564
-0.00436294258799
0.464113414686
0.313253055252
0.574419948326
0.276814391427
0.466144670353
0.196011476727
0.294942304653
-0.469788138994
0.321742531508
0.241711747857
0.422371029716
0.39326245153
0.0170402525255
0.179473128348
0.103879622309
-0.194509198207
0.253854299992
0.122498587625
0.360574930927
-0.546308832898
-0.344178194881
0.00663967002966
0.10536940321
-0.0521280419909
-0.0848735892176
-0.16200227059
0.424416375105
-0.275121522403
-0.545762802146
0.151362345371
0.265724977824
0.1344575642
-0.154274949114
-0.161392174248
0.115477140549
-0.755693209359
-0.251509062921
-0.544637663933
-0.00690801922989
0.0679522276672
-0.558022877682
0.0602510717561
-0.228064129923
-0.133061610481
-0.000124393361132
-0.492575096039
-0.183925878189
-0.0170539514965
-0.197432935582
-0.172284002152
-0.201349345854
-0.565096282147
-0.114862897887
-0.432327024736
-0.154034989966
-0.0862642156056
-0.115288531871
-0.181484114609
-0.298499751833
0.014785206482
-0.332384783642
-0.215307037019
0.0167301433644
-0.217930202937
0.283850073201
-0.000813104481426
-0.191391234172
-0.454225755859
0.0649622639301
-0.267523056768
0.17110172499
0.105524394134
-0.163041257654
0.249588990091
-0.245592627125
-0.512535354296
-0.0177668397784
0.131803602585
0.371802214556
-0.0939781497178
0.394211892009
0.211070795352
0.183038749956
0.0403653701356
-0.234792429614
-0.375940183913
0.161529340493
0.136121481608
-0.0925963192589
0.317102149813
-0.0244972007179
0.0649711472443
-0.0910252329188
-0.217080055097
0.174388161379
0.186986550957
0.141281514589
-0.143919544221
0.562724655869
0.126535598554
-0.0648054663167
0.0542670724588
-0.270748092273
-0.150755140623
-0.39395491435
0.0366018233372
0.0816151564662
0.28004851616
0.286575035847
0.269060984497
0.0994503981328
-0.373114670483
-0.823934035019
-0.656421956867
0.0860802538552
0.582882238069
0.470475901619
0.0484762411582
0.0523203865984
-0.25921614831
-0.95602112408
-1.28350030352
0.173498852848
0.226510069047
0.603023277143
0.0685423019886
0.207620015258
-0.136627488574
-0.426139049614
-0.536771503781
0.00948513035869
0.18549556003
0.118920102729
0.352007711054
0.27727512238
0.326169653502
0.0524243955949
0.334693762616
-0.00808819158886
0.00541889212384
-0.0997692952241
0.0440665469445
0.301976562957
0.259480120252
0.268404674692
0.323963932859
0.064880549956
-0.333061580765
-0.73874963215
0.0167814633157
0.360282079849
0.279307252511
-0.069792790599
0.296889364136
0.0978911238481
-0.560663511635
0.521652381543
-0.627681125895
0.0778246876496
0.219412759265
-0.052780576724
0.224506998883
-0.37984548165
0.115281931675
0.0480438560606
-0.337244797488
-0.245037750505
0.108064901571
0.1904072336
-0.255089938218
-0.292341001194
0.161013843534
-0.252604454658
0.170094661996
-0.486949461299
-0.0298086618697
0.209537068724
-0.0509073355177
-0.0715790092006
-0.0657487894509
-0.0736493894685
-0.225366984355
-0.846548210332
-0.651800078926
-0.445974878319
0.205949755323
0.0413906105031
-0.176162680559
-0.336023427242
-0.223369627988
0.191224844088
0.445318436578
0.25126224848
0.666698460603
0.342183645358
0.168983243142
-0.0911928190001
-0.0733918665265
0.163332968687
0.555343830624
0.285701756697
-0.0353806770578
0.437123401452
0.231998209419
-0.225113446105
0.242335020955
0.51602274807
0.222076439034
0.492500373911
0.602013464251
0.0375961761644
0.411241217946
0.738101683874
0.300169180094
0.117522642407
0.224997943613
0.582815189337
0.0816695332758
0.520142117756
0.410962010671
0.277291613342
0.607922893902
0.407199242176
0.532657770627
-0.0238322504973
0.276870264183
0.596605752311
0.22707213652
0.335933622389
0.370885615428
0.324129153575
-0.159946371171
-0.0256750662622
0.0832028621535
-0.104549512666
0.0195528530306
0.115785596082
0.483946055025
0.622251469855
0.59156516219
0.0451900364722
-1.04574063297
-0.15177191701
-0.136180040528
0.310424248587
0.258292279478
0.00160646555052
0.308069286618
0.0194947273179
-1.16811055496
-0.813510097992
-0.346392881575
-0.364809005275
0.123002192371
0.434763823472
-0.0395805092697
-0.302430285236
-0.325434780591
-0.26350894663
-0.42955385716
0.207445990246
-0.307237636009
-0.0529062134353
0.198183333514
0.0614973971372
-0.517485836667
0.164589113942
-0.0382645944507
-0.51915489425
0.263983182865
-0.286793330392
0.293224180777
-0.291961746556
0.00294565321849
0.109296401737
-0.214884167512
-0.0545993425682
-0.350046176701
0.0583873830573
-0.137548842017
-0.0684392193347
-0.0651138975814
0.0140760308997
-0.271011763797
-0.130742355152
0.0925050028929
-0.222105845664
-0.131830055842
0.224477174829
0.0232917814101
0.156442103011
-0.141020660163
0.217559568091
0.0546752173062
-0.162296411104
-0.212972406118
0.0515570751155
0.000628773715672
-0.270872185692
-0.177347787851
0.138772382689
0.13358814836
0.0715641419186
0.0761376015483
-0.103314440885
-0.0988662541706
0.18440119643
0.561130894733
0.184065254448
2.81159117709e-05
0.172819231873
0.00096711812808
0.0917737382078
-0.0362446482805
-0.390110096735
-0.298187992175
-0.245331623408
-0.446844192384
-0.788806168754
-0.986774311916
-0.254415632143
0.142243021811
0.0993202571019
-0.108127976021
-0.281292734807
0.0866710531337
0.161567015939
-0.159174096758
-0.377801615953
-0.0945871490594
0.411498912224
0.00856534117583
0.235556079039
0.353587979594
-0.153426059216
0.0245478475696
-0.106545894821
0.212684940934
-0.0793562856698
0.233076888095
0.0299432389838
0.0851560239018
-0.132102698302
-0.22845928377
0.0533640794177
0.311773256327
0.316905225084
0.138478829677
0.0973876261904
0.000756170208067
-0.0912006998682
-0.014539207625
-0.291181728858
0.0907494681507
-0.0357502002699
-0.0705239447389
0.204858993919
-0.0326769035354
0.381082866251
0.0455556313781
-0.166199668297
-0.497947609948
-0.154345799952
-0.202339041451
0.343324793816
0.529892447766
0.380279486892
0.0673251840778
-0.098238467763
-0.199575239654
-0.235435620307
0.350487005986
0.229333249912
0.272823256371
0.373067563338
0.0874672763788
-0.493538551206
-0.682399823126
0.129449603303
0.265744789892
0.163347646916
0.125874663363
-0.112405569761
0.046987808101
-0.525326791425
-0.452776314473
0.0414469261308
-0.0166125940327
0.00140950841383
-0.0754854474229
-0.00638611310078
0.21364131654
-0.214506348539
-0.217122617741
0.484590209127
0.111583911857
0.471646160504
-0.0631443046504
0.232512526878
0.236762518466
-0.170402414494
-0.155615049328
0.269832819916
0.195342477418
0.1790594618
0.0935993520445
0.140737763267
0.108525471436
0.192189947304
0.0935133566706
-0.0781977663505
-0.29428760823
0.164198722427
0.265474885512
0.0094512231921
0.425467045597
0.141083618715
-0.430706911436
0.0531669044575
0.0739318856305
-0.0142783800398
-0.0509174858641
0.367066381957
0.155282583133
-0.203112514067
0.118638897102
0.0604683948968
-0.22741083134
0.0850597739778
0.00779220794291
0.0187812079407
-0.116499968707
-0.169167478491
-0.276361668588
0.123393834279
0.0264587691845
-0.106421090053
0.0822009012444
-0.313828070106
-0.280446901692
0.778379350437
-2.60961417492
-1.92870939654
1.70942485955
-1.97774497269
-1.4422931328
-1.55243043506
-2.48175556595
0.83357653152
2.44162443636
-0.379318003212
0.575979675793
1.82811254738
0.525293028537
-0.711922854098
-0.588798020296
0.303537108343
-0.751259494062
2.00000400059
-1.75155957348
0.720900510176
-0.123040033869
-0.929031852735
0.959065982355
-1.03296916704
-2.00486707304
0.588450704332
2.86742054565
1.78308045474
-0.645692808404
-0.939844473988
-1.64895282228
-0.465363075477
-1.15938001828
-0.659156369252
-0.274222121325
-0.0688315874501
-0.753172466185
-0.252285942705
1.82505439136
-1.15176384599
1.21590873022
-0.588394154358
-0.163293502523
2.51401093384
-0.767507344563
-0.55763714113
-0.941765016906
-0.233442727578
-0.368826020569
-0.302643305397
-0.919054795953
-0.579832994863
2.49973503625
-0.880157780145
2.33597149823
-0.761979545728
1.75657746629
-0.586238067038
-1.23637560017
-0.54350802203
4.69116393972
-0.125891354446
-0.561507984839
3.51499099656
-0.867376970227
2.31455746717
-1.22593322135
-0.99361977655
-0.208946036603
-0.834225797143
-0.681584674287
-0.678012026118
-0.825196324752
-0.207691196037
-0.35172519528
-0.310118208873
-0.706728151726
-0.555620873432
1.52581665984
-0.720908844986
-0.614847687862
1.42436994216
2.16289693815
-0.578880995188
-1.23375728062
-0.484043254767
3.44525989365
-0.0927953583329
-0.517324408295
-0.345352283803
-0.750493535648
2.54076249802
-1.16831591713
-0.674306876402
-0.177714864838
-0.562997704185
-0.714225246243
-0.653291874212
-0.71267509049
-0.199483719731
-0.308101327001
-0.35224927892
-1.07635584434
-0.680538989117
-2.60227740944
-1.99606656824
0.502076845903
-0.317169268705
-1.59766885849
0.522388765981
-1.15034900199
0.0401009952357
1.19664331082
2.07581353384
0.979118947797
2.91937376085
0.110374305762
0.199887323917
-2.57569139696
-0.192161305866
-0.87333601449
0.075931221256
-0.501110914446
1.44716027726
-0.517999247866
2.61262864537
-1.43312215483
-1.35070827996
-2.19689545354
0.228770493962
1.65028342633
-0.56706163507
-0.444814950523
-0.714896443076
-1.41905278667
2.50541358372
-1.300584477
-0.612944260289
4.02061144298
-0.0570105243867
-0.462181363213
-0.285761660201
1.56695461181
-0.931905057759
-0.921552916692
-0.774014832518
-0.19300885225
-0.581389150988
1.6869982488
2.1646082988
2.30618556558
-0.191039963686
-0.326359701867
-0.340711042832
-0.994314933614
-0.47614079961
-1.14611710872
-0.55198759346
-0.592471496868
1.41120045371
-1.50754598984
-0.535117122896
1.08712579622
-0.623612564908
2.66230222416
-0.120803540421
-0.521640726519
-0.418370614524
-0.6395592933
3.82225903919
1.44332628483
-0.738576902211
-0.246708770382
-0.566286617941
-1.12031258442
-0.68924860295
2.32631974642
-0.231763293652
-0.321985091692
-0.37593353643
-1.00838235561
-0.727874664278
-1.30335919256
-0.814026589759
2.24940317317
-0.824974712544
-1.59900467307
-0.60160621537
0.961472261723
-0.511984796482
-0.294805201343
-0.054371615828
-0.617568363472
-0.272142739162
-0.844533272004
-1.21938809896
-1.28443684063
2.72184706037
-0.204165317465
-0.88548558523
2.05121158324
1.9192391637
-0.777171874406
-0.227437889263
-0.354752190994
-0.377935479432
-1.13075793599
-0.667636815201
-1.22597614944
1.56664135654
2.01008636274
1.9706466588
-1.62679565906
2.89838548481
0.821495741171
2.08530738857
3.01108827205
-0.0783707203246
2.9065638078
4.79616974621
0.892850850505
2.58575769299
1.11576974503
-0.912490939248
-0.311570377338
3.59385195522
-0.910950309159
3.83949818405
2.2877061539
3.19471336646
-0.501757001969
3.14317205517
-1.12844905974
2.73483944924
-0.267954763192
-0.232488973234
-0.125064853882
-0.257070638132
1.92240802933
-0.135521147413
-0.339873238667
-0.0807037053621
-0.0449015096923
-0.0114686938763
-0.124322863879
-0.0374759608227
-0.202740587622
-0.355471241551
2.86618373557
-0.228622612753
-0.0236750291946
-0.111783976967
-0.135754649742
-0.140441594074
-0.173309929906
-0.0560684278422
-0.0783925288616
-0.0806312511375
-0.171768235928
-0.142452007777
1.15876784239
-0.880013217068
2.52184528134
-1.06482442265
0.424234625507
-0.56399652515
-1.29470403596
-0.554474951187
-0.361184289315
-0.0725585045021
-0.83329853783
-0.312093713285
-1.01741095188
-1.3215178949
1.01717836266
-0.888156647053
-0.23389194066
2.01770713087
-0.895108293787
-0.789018507085
-0.893149576986
-0.309424172154
-0.475463921784
-0.462348719202
-1.02153603561
-0.70800635679
3.54386032452
3.31232132792
2.789756084
-0.879540514364
0.568043727058
-0.565509685175
0.920997106748
-0.481672619371
4.17732681185
-0.115725713152
-0.669023883118
4.00209665024
-0.588741849089
-0.899461253491
1.85527383204
1.89180558824
-0.213606559832
-0.534352079144
2.09489651984
-0.705661592298
3.54658679603
-0.204559645512
2.91131623229
-0.313802106264
2.06000627214
2.45989522715
-1.66999465382
-0.914774363064
-0.926982576744
-1.00032694313
0.286860045158
-0.696653324688
-1.59374130069
-0.870578250884
-0.554460402167
-0.0988987199205
-0.86655269909
-0.620669430648
0.693832084835
-1.65856446415
1.74899670917
-1.17176351131
-0.346315946669
1.96224437179
-0.993578576072
-0.964573152405
1.30165260704
-0.398524178869
-0.986750322301
-0.582223879638
0.805049954444
-0.819893998031
1.04919853596
-1.5765505052
-1.60397492758
-1.85491300847
0.305082740291
-1.34533684981
-2.35103653904
-1.41992365839
4.01250590399
-0.401728676758
0.597223226691
1.42004786972
-1.88422398081
-0.156328614186
1.34035471482
-2.06280182373
-0.717234419466
0.579199916618
-1.78702170793
-1.56754915889
1.52180878386
-0.744296065053
-1.26396889996
-1.05484807273
-1.85680544014
-1.3792439711
-2.26280072789
0.488335587993
1.90413283585
0.360150347077
-1.10585987722
1.42757674264
-0.526942359873
0.694642086415
2.51711016098
-0.374844739382
-1.38015794751
2.41440138508
-1.84245819327
0.321861165916
-0.491330412739
0.355837443839
-0.803449099638
2.03389047261
-1.74203697903
-1.45885377232
-1.80907036728
-0.839977074288
1.38019758306
-0.846418738186
-1.96968511312
-1.13804232649
0.601804446583
-0.891397736492
-0.829050564264
-1.22500773098
-2.09918119774
-0.976505071843
-1.55800102217
-0.849661673104
-0.610115359531
-0.169236292376
-0.823920003055
-0.495278490819
2.66313138967
-1.60984066555
0.579727718637
0.890870237069
-0.381453045981
-1.00037651779
-1.26926800682
-0.871831426968
-1.11872217229
-0.387148217255
-0.682845844711
2.39457694918
-1.41170337501
-0.881319034532
-0.721054836613
-0.494588043787
-0.376118064726
-0.75251724593
0.741482705045
-0.501771280787
-0.919606743495
-0.334811385554
-0.173269697795
-0.0353840133397
-0.364486705185
-0.188098100845
-0.461586007886
2.04993431023
-0.668364386377
-0.488289769653
-0.143459687286
-0.458031913396
2.36527969889
-0.577944035012
-0.504914878509
-0.17704677615
-0.234785634912
-0.203814600175
-0.755976035781
-0.458815603604
1.97176319627
1.66385059688
-0.764164358154
-1.19394763431
1.5875638931
-0.800937667507
0.63760537272
-0.722463483158
-0.446920311364
-0.136454629697
-0.806776694267
-0.443645504207
-1.20591562702
-1.39698270306
2.27578576747
2.23927033222
-0.380019469038
1.73286408643
-1.17871870752
1.59011863744
2.00627181576
-0.333553722598
-0.529937797549
-0.480028022037
-1.09296586481
-0.693711330299
-0.87081842212
-0.497633460225
-0.469893698809
-0.698987150569
2.09388428716
-0.384958541903
-0.918151913529
-0.438688006468
4.58423007865
-0.0720579336802
-0.501797578386
-0.290499614436
-0.621553110244
3.03266926903
-0.991787570464
-0.476928388651
-0.145315638334
-0.52777436801
2.29974124327
-0.494450250601
3.48813609234
-0.161863242591
-0.288051196505
-0.324891376721
-0.606822772929
-0.413591436667
3.20942953918
-0.716898474953
3.26933528251
-0.78184436205
1.35973302693
-0.506492850985
-1.24595894389
2.33908760841
3.51258451596
-0.0827155301679
-0.533674032525
-0.308219368889
-0.689739312098
3.06602750815
-0.990794034207
-0.819372334473
-0.163424522386
2.18527471189
2.37137474092
1.57074904351
-0.662425143288
-0.211976640078
-0.360144115051
-0.354347885283
-0.885642158365
-0.653002453074
-2.12261968883
0.748153661648
-1.47907699858
0.142981074815
-2.74457791824
1.10590669345
-2.49753603759
-1.09065966869
-0.845659794109
2.882428121
-1.10275233383
-0.729645715443
-1.67066895761
0.316877630657
1.12843222617
-1.56338544473
3.6317706272
-1.3536641887
-1.67559946091
-1.38740826764
-1.7519144115
1.90823857097
-1.05666499266
-0.739892325558
-1.74821029204
-1.09679375
-0.869633898065
-0.468761172686
-0.385281829559
-0.645188794087
1.15467884323
-0.300902471812
-0.988132047905
-0.264732112511
3.53340277682
-0.0588811019248
-0.333847300678
-0.163844937064
-0.572775539228
1.71142476622
1.89499224855
-0.536684546382
-0.172235203249
-0.344581525967
-0.569055748489
-0.464234145919
1.86723584722
4.12247045109
-0.252306873933
-0.229128520326
-0.583593720581
-0.289268536095
-1.08506926742
-0.585583939263
-0.458946597832
-0.487689412814
-1.48235413352
-0.362663388445
-0.951239688039
-0.331773132278
-0.211853336383
-0.0323009078692
-0.412618083562
-0.192349325863
-0.794101519033
1.54789391825
2.19867765112
-0.487741961093
-0.130660825317
-0.523199357761
-0.537726264834
-0.44201273507
-0.735656751347
-0.166947907423
-0.466884212893
-0.228466563294
-0.571940666355
-0.325115084498
2.59858391536
-0.284172602714
-0.357289236387
-0.388854709408
2.40053829351
-0.196863982278
-0.674555113608
-0.205036510347
-0.145306044261
-0.0167556597068
-0.265261021537
-0.11182512631
-0.336522952445
-0.487194573849
-0.4852469563
-0.334454101054
-0.0834875042845
-0.264546925867
-0.397175532633
-0.338824304546
-0.269546366125
-0.0668647199255
-0.124636689546
-0.187153411694
-0.418603309513
-0.310226746636
-1.00633947569
-0.454921297648
-0.509068020396
-0.799294285892
-1.47685631182
-0.50230456454
-1.05823696548
2.70185734425
-0.313976129207
-0.0706895085251
-0.411897138093
5.50520831287
-0.661202219912
-1.22029438368
-0.922425163599
-0.500823818243
-0.164235131452
-0.427759017953
-0.922868045537
2.474976236
-0.609751717253
-0.232087403657
-0.266461680343
-0.313186617528
-1.16438111043
-0.732235929876
-0.89554443997
-0.478418143002
-0.4074864125
-0.552845245046
-1.20964121604
-0.315168162728
-0.85829302213
-0.379608737344
5.22145370238
-0.0429733553646
-0.392165678804
-0.257910499259
-0.659407695247
-0.832719479219
-0.795994207596
-0.457762737027
-0.131130353937
-0.427642513176
-0.590460038959
-0.482786988492
3.21633449334
-0.1518124795
-0.325496759763
-0.298719529932
-0.66009581281
4.0112217430
