-0.377153292814
-0.464001147797
0.367105571326
0.296203609815
0.381487389282
-0.25289927464
0.13119582338
-0.241431740635
-0.25998595136
0.368035797143
0.348840692059
0.21670604997
0.196499951659
0.177554271111
0.347205641028
0.082432855542
-0.439131232959
-0.0159152587334
-0.0705544084291
0.208932680349
0.184739379917
0.141372846279
-0.0767304300389
0.236233981592
-0.325678515123
0.00645275344355
0.164322739015
0.27212063277
0.327358766026
0.239387093871
0.127253913191
-0.122691037959
-0.593605939328
0.285392645569
0.107570685817
0.23312350983
0.381331395665
-0.031363064014
0.113693179623
0.0268355235924
-0.508348641668
0.212752360573
0.303356655426
0.161411838422
0.138444848179
0.106364018287
0.0361215006862
-0.0295079025657
-0.299516747849
-0.1809044982
0.228708381655
0.17492050333
0.0407404024399
0.0706853306639
0.203809718607
0.0937960640828
0.370774509849
-0.299590208807
-0.0419620864538
-0.0547883042367
0.211803946326
0.469204832419
0.469307220599
0.274353710235
0.816457859403
-0.199713053008
-0.202648721968
0.405532007912
0.55564036744
0.56217085738
0.778036056569
-0.0283759462055
0.798211517097
0.0693353181585
0.0592547079415
-0.014063938531
0.422322197961
0.701154594057
0.483950635341
0.38405053834
0.263471500858
0.135902537326
-0.163906677344
-0.252115043474
0.221770228751
0.216118791636
0.301701792094
0.791649458973
0.0859810510693
-0.0270677130738
-0.195460978702
-0.30995300218
-0.0122837812092
-0.0845288845792
0.143774708058
0.676283826437
-0.0375876310866
-0.245562895089
-0.0921829793137
-0.498847549607
-0.118057468565
-0.318462011565
0.266389115976
0.584300353813
0.467157975107
-0.124033383677
0.0732520007331
-0.554672375977
-0.265063591582
-0.473742543002
0.149460411296
0.471450269691
0.227029247509
-0.330928529478
-0.0126074913015
-0.280079029553
-0.79227780234
-0.136696454483
-0.668343554864
-0.0391741413582
-0.226420582178
0.208151687667
-0.390513220368
-0.624362978016
-0.71788541175
-0.487274386366
0.00507842725551
0.320547247938
0.282918583934
0.142680092406
-0.364544313891
-0.559650689475
-0.627607956626
-1.0470880299
-0.78088288672
-0.661865115591
-0.140359006425
-0.136303352691
-0.54439009282
-0.11046174928
-0.485893887337
-0.463611630615
-0.449803303334
-0.421378939355
-0.05267623872
-0.215515193977
-0.293779411348
-0.339468382578
-0.178481343936
-0.174592671482
-0.749693946859
-0.176628733715
0.0611370666385
-0.197931233235
-0.378805605385
-0.334960664247
-0.464731668011
-0.104242611596
-0.144926410471
-0.290755552624
-0.0596983218254
-0.169626350747
-0.254098284137
-0.11167070646
-0.146118167796
-0.804845884342
-0.50727590798
-0.292684340175
0.169006482677
-0.294020889198
-0.370778108595
-0.311912519278
-0.502289788897
0.101503605456
-0.446714327761
-0.792064698497
-0.304374158896
-0.0419438391041
0.0480763187259
-0.102658857776
0.0017872220182
-0.113588004039
-0.246913921072
-1.23872116697
-0.173502319687
-0.0925018965337
0.115558440634
0.0675996350218
-0.190791423075
-0.0329563647033
-0.230766057785
-0.33744324194
-0.303977662908
-0.124128689602
-0.0203356424382
0.321970797734
-0.0444498029087
0.0160182641786
0.0671077438681
0.667547460824
-0.340399841557
0.163430688329
0.132849398164
0.145965625047
0.232330322416
0.00141937694551
0.122711685216
1.01164260016
-0.112994139632
0.353660101224
0.347135331114
0.134421113261
-0.255871711783
0.0294063334254
0.527419129705
0.939220610236
-0.192232476027
0.379307022927
0.382496779031
0.403723237597
0.194432020614
0.487047649856
0.759984781106
0.828689353635
0.123326272458
0.343762942066
0.398285437287
0.706309089642
0.203365116267
0.41914469551
0.450203014869
0.551356232808
0.33031440622
0.496270688221
0.764536050891
0.292653350797
0.477786258647
0.409859741955
0.534401558559
0.420290915308
0.590979221126
0.41776604491
0.649354692678
0.443342368652
0.697587980794
0.318727049017
0.344214615977
0.0893539562416
0.532692002845
0.847100224877
0.707725641361
0.859891659068
0.71072817314
0.354092630932
0.185663643032
-0.428674352395
-0.447143693633
-0.188853931548
-0.496263871253
0.104565899466
0.403697131701
0.0789759276685
0.49472227472
-0.344123912059
-0.584503249671
-0.0778028109125
0.111748507432
-0.0368333008743
-0.0284848177173
0.304029396965
0.0678395829663
-0.182997488542
-0.583520086628
-0.638285879335
0.0503552855557
0.30814957154
0.0850841462538
0.349504035125
-0.0214988357274
-0.00858433588278
-0.615525495887
-0.211694966929
0.178242867308
0.0618176753905
0.353910456807
-0.0715019242697
-0.0469660711791
-0.167301677877
-0.480054446179
-0.384520704337
0.102532467094
0.437163474889
0.108602089674
0.128103834126
-0.238572521397
0.24693339668
-0.597886986647
-0.100883940369
-0.0701733162937
0.304501923783
0.017053822356
-0.0397669783549
-0.243086560487
0.215031614645
-0.00890165087355
-0.373603701542
-0.0672002112275
-0.22824239883
-0.549647033355
-0.357873119189
-0.441626083809
-0.614632654395
1.0664154517
-0.13687523395
-0.84148786713
-1.3755696847
-0.280190728875
-0.588414400088
-0.00454899038595
-1.4046942807
1.62453372724
0.12485794785
-1.62378261062
-1.35874668193
-1.51285004023
-1.03108328999
-0.627958642062
-0.301737886878
2.20402360436
0.944422576136
0.0116903285891
-0.804053029853
-0.791319163172
-0.507140750125
0.0155737955603
-0.256482918191
0.746472511198
0.124167088607
0.113071176391
0.159446629538
0.161600809261
-0.16542294504
-0.030361640538
0.183180799743
0.0143392385109
-0.251581589556
0.282226487409
0.238476794268
0.221101764192
-0.0393927638557
-0.216489642255
-0.281547014978
-0.350796198141
0.0402836577223
0.38601892906
0.255339428164
0.109313468811
0.429307977433
-0.215078065485
-0.195754350511
-0.372951222758
0.085614207146
0.0105861698787
0.516282668676
0.270344055821
0.242562709149
-0.049666876136
0.0451741485562
-0.219240433449
0.191172926695
0.147242198314
0.424599589099
0.439843145097
0.269233700664
0.242287500603
-0.364293814596
-0.304404698414
-0.233833431599
0.16620949939
0.373787723583
0.620952208717
0.888509236088
0.77003881709
-0.298223017616
-0.452958456387
-0.222506226353
-0.682772048741
-0.63093831743
-0.412961874961
-0.328472772545
-0.512165086454
-0.316065878549
-0.263939275141
-0.332798987172
-0.166959524523
-0.229701940393
-0.521435455359
-0.0637522617648
-0.591548980474
-0.176821246257
0.194593426458
-0.173875828189
0.183326177005
-0.0314587191131
-0.0451015348931
-0.438531036939
-0.362516902045
-0.503126682152
-0.637150045392
-0.326110052007
-0.474875255365
-0.111427369616
-0.193153519633
-0.228918313638
-0.290738091774
-0.456626483287
-0.39467373935
-0.520489256129
-0.503410715046
-0.402490350575
-0.206558966089
-0.0528168134498
-0.290993193838
-0.355268969663
-0.858529276689
-0.187212761356
-0.186973822268
-0.139429034744
-0.265875818297
0.170127636731
0.169799794914
0.0909708272619
-0.913131278356
-0.41116553109
-0.333079758593
-0.0184941295474
0.167650298546
-0.0216252333855
0.517353230694
0.244445356236
-0.917228455855
-0.297452337348
-0.469529254764
-0.0669061090271
0.1899718089
0.290776038732
-0.0204532905218
0.34571080055
-0.302444219922
-0.0751485130342
0.230809836099
0.0616458800929
0.139366671686
0.41908329291
-0.139845975917
0.506085127397
-0.0381150100074
0.0874238274214
0.150264482445
0.0359361634132
0.297483503087
0.183726384847
0.395887994547
0.285605348402
0.335012177911
0.0700910176632
-0.0689784466374
0.061984721394
0.636643736668
0.296386918478
0.480146760979
0.175124893161
0.513046849484
0.445234487341
0.304999676383
0.215181145223
0.445352860041
0.726006006303
0.474595511507
0.0525197036837
0.494872125394
0.571443001931
0.269864240736
0.369480345355
0.285547179778
0.296435068178
0.453359650393
0.618003410082
0.5281738605
0.48489715322
0.523082508664
0.184561472066
0.339827257671
0.692359986214
0.388814649055
0.491226599542
0.26508501039
0.490111515496
0.449594906119
0.405480482365
0.411922578514
0.268506521603
0.504702456803
0.519092550031
0.386131397627
0.449322916094
0.833194887243
0.84647359099
0.504120833154
-0.0901602460514
0.292968403745
0.706813580209
-0.555362097905
-0.292332862334
-0.068364209508
0.211583735107
-0.17181558323
0.0505761062732
0.572663320816
0.223671103453
-0.373633265171
-0.0793345656714
-0.177895732403
0.408787767646
0.231309280536
-0.0197761501689
-0.0533594620298
0.0105939180378
-0.250530374636
0.154404221
-0.0455702216388
0.104541174462
0.252329130989
0.0310755688455
0.330039382655
0.0700713096934
-0.307897774239
0.144280052212
0.350051884229
0.181686689125
0.183044188855
0.301772886116
-0.0697890928565
0.210995451557
-0.318457193855
0.377636305486
0.0762052337122
0.393387430698
0.31864553115
0.191527691897
0.141269608166
0.552234060509
0.338601184857
0.35373167043
0.394422987236
0.117421376272
0.117791289898
0.141419450459
0.208418177299
0.301228228989
0.476903227863
0.603700195994
0.320549787691
0.330192608463
0.185648252024
0.119466681521
0.00441767697839
0.514383089849
1.00209846699
0.595431292095
0.354315066962
-0.064599655204
0.193532081324
0.256339120616
0.293929997688
-0.418360924627
1.17332714961
0.77732296542
0.365263304984
0.0193610883492
0.00394297875612
-0.174169196269
-0.485024222104
-0.791566315629
0.810105087671
0.460599849403
0.28402216992
-0.269927482909
-0.469387819577
-0.650840057355
-0.560220134742
-0.367054408933
0.402222083394
0.204390872291
0.188576252223
-0.0454121974208
0.0407560287786
-0.223504007178
-0.162805513489
-0.0665563304703
-0.407433770977
-0.197130175408
0.0746669964407
0.296116139072
0.0225496952293
-0.00791743442872
-0.162960562188
-0.246888405537
-0.35304148733
-0.0091766827496
-0.0382181266576
0.148802187768
0.211578712496
0.106451475919
-0.154937219669
-0.0343268552796
-0.537265434449
-0.0577967059614
-0.0922103274226
0.151434208874
0.51140735509
0.097384304102
0.0742607401526
-0.0268122676442
-0.220323308135
0.174782310837
0.220435098306
0.240546111459
-0.16537545528
0.389463565399
0.115320144793
-0.1819105591
-0.388813747786
-0.426350679402
-0.16517969068
0.294509325895
0.415518123495
0.267855646254
0.278192374088
0.803678469832
-0.381053491192
0.205011061826
0.401852304055
0.52490561469
1.182126516
1.10440353225
0.917272038019
0.709859309254
0.153699454221
0.042840339958
0.488518842325
0.158281179665
0.564525645256
0.754797805521
0.866300417977
1.08352590491
0.19821266547
-0.0254676808985
0.211613804799
0.419447770816
0.410524941665
0.436426111447
0.882015809312
0.439103872347
0.0744157979163
0.039344465534
0.0431451306964
0.523002514324
0.295035614306
0.379486851725
0.630069924951
0.57879290616
-0.396997667898
-0.142299368521
0.104937070623
0.260367559664
0.0809544396247
-0.174469564501
0.143369458653
0.197086919278
0.181632667176
0.27225903801
0.0129091646939
-0.301422057193
-0.336087596596
-1.09193596061
-0.530531167373
0.180544962137
0.0215435544841
0.0951155476026
0.111558729435
-0.100347971312
-0.29531630963
-0.569432420648
-0.638026121724
-0.286385235233
-0.0553213210724
0.381073721292
0.361867646321
0.596167780403
0.151429091373
0.125505452619
-0.447553386481
-0.463353140127
0.671222817257
0.562218369608
0.411966933561
0.192012219804
0.279788621182
0.0882894195405
-0.0968343974158
-0.572195514889
0.169325520773
0.503662202339
0.0729863049753
0.408362515515
0.280528695885
0.0759201959563
-0.613039628848
-0.99771461699
-0.336286535416
0.293381166639
0.411509423077
0.0531270244721
0.263036297734
0.161958558423
-0.378378140405
-0.904509490968
-0.109302671929
-0.0893231868206
0.111899843702
0.270646254526
-0.130279490249
-0.133589280966
-0.385351996482
-0.556866121411
-0.936085801314
-0.227482679896
-0.545258000192
-0.0915270002736
0.210867742366
-0.28846082467
-0.734635873615
-0.528700488326
-0.281471195696
-0.897835144931
-0.462276663743
0.0830716112704
-0.0284244173341
-0.536136739319
-0.481401543686
-0.58735848882
-0.56050414187
-0.280839489446
-0.68207343808
-0.258340895179
-0.362382909775
-0.082644330353
-0.180206170745
-0.653169204157
-1.07625691889
-1.03839472066
-0.453725280551
-0.685557053078
-0.498554623684
-0.599762760368
-0.362521444435
-0.500512471685
-0.379610671279
-0.116865342735
0.270406934132
0.30926014124
0.538719508683
0.330489063318
0.269633514912
0.318373939626
0.238482186989
0.407935620693
0.440333933105
0.330731785023
0.210750734397
0.0955672606388
0.201521684915
0.572175602534
-0.0157095918099
0.293931443492
0.4196518649
0.320765961626
0.308214853085
0.236609400087
0.16700156232
0.094798611526
0.501710796838
0.253532063927
0.470759556725
0.613455532267
0.163394081105
0.171806254598
0.145104720913
0.0491037573726
0.25230007207
0.40791618982
0.432120816134
0.369707310187
0.576077447616
0.55125910077
0.0324635543437
0.078403274552
-0.176838205686
0.192146953838
0.401917825077
0.205119500367
0.343500937093
0.447303027216
0.472091584738
0.187620714403
-0.0419974030561
0.166228818258
-0.170948613405
-0.0226060573441
0.0868096089898
0.252014928677
0.499089855762
0.340527088971
-0.914376725963
-0.233232875824
-0.363224234942
0.0116687121672
-0.0867667940418
-0.0367766156547
0.203884235512
0.10629253864
-0.468736924938
-0.831493711435
0.279289791846
-0.592399181393
0.0666120230091
0.39421952311
0.328481512139
0.334120204173
-0.256891242543
-0.661487382416
-0.267707582879
0.229623302672
0.120349201237
0.446415322417
0.384864947888
0.525379028505
0.190710824424
-0.306927871762
-0.302479431008
-0.433634165525
0.131588448748
-0.048464354907
0.395242802898
0.428870454499
0.110549099935
0.000618874481177
-0.323138574124
0.0375174531868
-0.302107205853
0.162648610364
0.222991009518
0.382826539347
0.0461369592432
0.0605186633306
0.0287130734698
0.112033923824
0.0335379225773
-0.08984978644
-0.179965289613
0.241039543976
0.0704508437518
-0.0139907340236
-0.0300506486644
0.0803392372343
0.0955584154683
-0.212758502111
0.212539122611
0.249679956639
-0.0771155267446
0.242071469358
-0.00635048454452
0.182502309977
0.0941630149697
-0.282403038061
-0.197557275281
-0.0265430182681
0.00562527637145
0.0359245280071
0.133968305148
0.519088185768
0.253772921445
-0.217343369943
-0.0979387077594
-0.0350568396635
0.0258477463905
0.238619197285
-0.198891659833
0.000247761960289
-0.210907518494
-0.610494019002
-0.336930612832
0.37799094143
-0.0925846204145
-0.124901170306
0.105452940503
-0.110800991644
-0.371221050504
0.102294939611
-0.628414661166
-0.380757388779
-0.0939970832991
0.164866589857
-0.508053167624
0.0167544702
-0.622434152125
-0.291709778461
-0.237398637804
-0.0513772044573
0.237736568772
-0.602084583823
-0.382610865567
-0.501223846178
-0.464135366328
-0.122117567859
-0.55012534582
0.0510868760449
0.309508407024
-0.192641426603
-0.405581489708
-0.713245455037
-0.717264187944
-0.762598060679
-0.72950606463
-0.352443380622
-0.316345122989
-0.178922018745
-0.162350371112
-0.465241537085
-0.351903029077
-0.462682429898
-0.438212789794
-0.705691845563
-0.209734654697
-0.0514905721486
-0.0830820140255
-0.00975373195974
-0.514561060708
-0.544027585093
-0.250198847321
-0.469323122393
0.479630443123
-0.0432503509503
0.078137570631
-0.0183798416431
0.131208864242
-0.158106828694
0.235470840519
-0.0809633595973
-0.11653030618
0.0967940380614
0.118500614254
0.354331052892
-0.0100370553635
-0.162498107962
0.519923028476
0.0882366684124
-0.170366458819
0.25136998989
0.522138644849
0.0505811588801
0.160467814083
-0.162720951668
0.175526038575
0.241817798994
-0.223395062403
0.325664326593
0.551663035826
0.111762954733
0.292746080957
0.305795699905
0.647186514201
0.449762805961
0.0920067008869
0.708728444331
0.49147206213
0.420533405984
0.317306609964
0.206855108457
0.509977407633
0.687411516442
0.053119810855
0.504636980521
0.527303178072
0.242516372045
0.158797938163
0.0546233651942
0.648616597088
0.682872290812
0.712514428523
0.580413507565
0.596417184102
0.367332355256
-0.365129015021
0.240987849371
0.523982763289
0.693972168736
0.562112703591
0.232474155091
0.426328563754
0.197483076112
-0.841918604639
0.312739881538
0.644968311688
0.581587271853
0.284215165034
0.81574023865
0.517206115091
-0.936626753048
-1.61497748121
1.16544249096
0.73556666075
0.813068687187
0.479139797883
1.05471837115
1.12624527743
0.47703885385
0.413823018138
0.627729409475
0.500462399273
0.342038579119
0.185485971367
-0.0817966007051
0.232357372389
0.201711134763
0.415074248516
0.160250248131
0.175552661881
-0.200807937348
-0.225817120957
-0.174829428145
-0.474271460833
-0.391276509525
0.145436728903
-0.110975726494
-0.308053356908
-0.30548497632
-0.638289971418
-0.81639905301
-1.04512380476
-1.07133289181
-0.946120360346
-1.02038988919
-0.831160515083
-0.387561363038
-0.5503542715
-1.08847638046
-0.907786052053
-0.50866801413
-0.564623213677
-0.388392811175
-0.231129012229
0.1682956221
-1.66099197361
-1.41363057229
-0.211915320446
0.22996954024
-0.0365551872654
-0.4982365304
-0.343235887769
-0.456460394564
-0.305413313364
-0.0985645072725
-0.125084301098
-0.252943299133
-0.11648027566
-0.132231770282
-1.00551524055
-0.950477478864
0.0125087381542
0.118466177494
-0.223942754727
0.024554984198
0.137308861098
-0.239648885956
-0.340314400958
-0.84267715578
-0.349629864886
-0.59530800245
0.0601165173996
0.156124130341
0.00712674823288
-0.289634431403
-0.22297905156
0.151091488746
-0.4893804982
-0.207244415801
-0.119086009609
-0.0946861541868
0.346650616672
0.202348787839
-0.170579929985
-0.251679193125
0.0851033603837
0.102594850798
0.254455152628
0.376069220513
0.240199145884
-0.0502339342393
-0.452637052939
-0.247194662747
0.0603585548152
0.40173078897
0.116818972899
0.34356766854
0.31628852046
0.0972104799633
-0.142902669896
-0.00753249422868
0.238875808343
0.232632103704
0.369544483116
0.727422307898
0.45036314818
0.184725599249
0.604803341695
-0.0472189759831
0.0548619061514
0.351026545074
0.388412569132
0.381263866765
0.460361538272
0.345894655915
-0.0886665678355
0.232844882535
-0.00693621426946
-0.0338809370372
0.112106272351
0.388815019526
0.589272760216
0.534949396854
0.210647149024
0.496337317111
0.462659609626
-0.0287923733548
0.256514625568
0.0914313561759
0.667723445086
0.11082786115
0.308136910993
0.604161263292
0.0276403211244
-0.0770786830225
0.148498347072
0.212842963802
-0.189474975452
-0.12031434168
-0.130383877407
0.176736418034
-0.0898555827738
-0.305857826985
-0.201329122754
-0.504522076358
-0.307898690824
-0.301343411145
-0.412812195881
-0.143042008026
-0.533459661391
-0.613372192072
-0.483289221947
-0.563749434927
-0.35603186925
-0.66902013719
-0.522839002816
-0.249216064934
-0.281937675939
-0.270019098277
-0.296755589109
-0.177084881088
-0.471122469676
-0.0223403154391
0.327671961723
-0.0860839078598
-0.303249882793
-0.232493788868
-0.278902482662
0.180135437841
0.0407557026137
0.247726311111
-0.145951429705
-0.48612065033
-0.251192924457
-0.227645784869
-0.235451123022
-0.0798336802428
0.0796140658018
-0.183777396657
-0.178786465826
-0.0555281989413
-0.550288975304
-0.500526370216
-0.263046332274
0.291051596757
0.121258414906
0.0787703649227
-0.16809559922
0.0938858136562
-0.635870591577
-0.485750787347
-0.521127478524
-0.193466276664
0.124938962945
0.0974733866256
0.0547599468635
-0.0239994175338
-0.48683376438
-0.523484203496
-0.758455529976
-0.158613085426
0.101211088763
0.145191018911
0.234996611263
0.042729647109
-0.58002879292
-0.535897220301
-0.598692745541
-0.0451028524137
0.0241340156741
0.0588306712663
0.272146147832
0.303479848791
-0.0442733800137
-0.119132641074
-0.295840085905
-0.324426271225
-0.0804395792417
0.075394992864
-0.0185459466452
0.284799920579
0.38790836898
-0.0777138876782
-0.238095329167
-0.275639022344
-0.0450028295395
0.288463442537
0.248599849654
0.586305305195
-0.0270911049045
0.131895360595
0.25317593619
-0.370686104322
0.0790981729845
0.341568239054
0.428467392855
0.348735028259
0.242974718789
0.146539843924
0.105189527954
-0.0223725899246
-0.147407736684
-0.0620293053516
0.245549156828
0.328168186563
0.122487931666
0.214703824261
0.46505661626
0.767992169638
0.862785689582
0.324463968927
0.531137166615
0.346015478377
0.0545921150448
0.0586628110023
0.718682675086
0.997390685464
0.910266182826
0.545094453392
0.379343905575
-0.0328428317901
0.145818767669
0.162499991663
0.0672660665515
-0.135844696772
-0.525946247379
-0.780114728452
-0.611536575225
-1.06830946982
-0.252484718038
-0.143081847633
-0.251463228669
-0.263932896133
-0.144633876786
-0.816947792615
-0.550896831967
-0.421281833554
0.398424743837
-0.239886826241
-0.274320222765
-0.213489991664
-0.721962387435
-0.466940402256
-0.0794356502802
-0.436708600625
0.0531584913389
-0.160674945876
-0.11181771944
-0.493453505362
-0.21140809144
0.0375248580993
-0.345028194904
-0.740367699535
0.436866393447
-0.118096653084
-0.614091062019
-0.242946651638
0.0361890951297
-0.172000497333
-0.368904309389
-0.942885402079
-0.000361441654385
0.0378554223842
-0.0659814176057
-0.137931310885
-0.361798203043
-0.0663037903083
-0.171672320275
-0.183634694089
0.0508273946559
0.1281978654
0.358748174416
0.138000872371
0.0144123354166
0.0769274875984
0.0560206591891
-0.261375861932
0.202832383099
0.311971332495
0.291683898926
0.13194887962
-0.315925790841
-0.180703128151
0.036260485156
-0.222753375937
-0.0464224691408
0.390989233554
0.736466015133
0.0988216380673
0.137065151696
-0.036077769646
-0.101334357378
-0.744682483702
0.132693425062
0.659248830268
0.531872900184
0.298439659219
0.110696900362
-0.0409216649522
-0.111998494317
-0.809914204944
0.330408224823
0.364998388411
0.404116375255
0.389192545148
0.149311647789
0.30203844594
-0.149875810782
-0.526853161911
-0.211097714797
0.653216074608
0.566083505382
0.379086661142
0.459317764046
0.122231928761
-0.0526683850421
-0.390138754493
0.736432849687
0.157038715385
0.38277367865
0.380814895923
0.119247982404
0.0648038672202
0.151415743094
0.171627552233
0.251739101617
0.621535067249
0.212924314544
0.163086547067
0.544835371237
0.380527948274
-0.00964165827678
0.261970839725
1.19597548226
0.0657504472834
0.109501352031
0.462021040333
0.205820498766
0.183217214623
0.428876929515
0.408312518882
0.462727027865
0.897412892462
0.258451436214
-0.364326576336
-0.543080895552
0.259455186229
-0.103214711336
0.283309440411
0.99258360535
0.285097299709
0.668077456237
-0.117064763022
-0.101873347434
0.00895005857527
-0.559488534338
-0.114827341619
0.146570958628
0.0526465449817
-0.118047462184
0.240048693989
0.254000199976
0.10209747206
0.187322734433
-0.187263187085
0.18701478988
-0.0687132794375
0.351576078204
0.165348287072
0.306114364588
-0.158862175198
-0.151107007092
-0.316467349486
-0.0229084107241
-0.0684243957842
0.0671283633581
0.524607635859
0.212657296746
-0.154164886541
-0.144532025199
-0.490487259642
0.0319688316506
-0.0607548000204
0.000521210957068
0.0920524255497
0.031571256742
-0.227683057365
0.0871591485069
-1.10952221618
0.146319458523
-0.0528746945792
-0.00576011547971
0.482265136883
0.348089760387
-0.144240806222
-0.127483041412
-1.41475730279
-0.829500768649
-0.252316316276
-0.0306015594029
0.0272247383224
0.275150648064
-0.128605813108
-0.867872934689
-1.14720376149
-0.165031792498
0.0432230791402
-0.327086650093
0.0720954887959
0.279544856138
-0.854377976742
-0.954071939992
-0.604960213775
-0.0952338596424
-0.169254262643
-0.193261430142
0.290839165286
0.0434931731123
-0.766406835765
-0.771130639757
-0.782880869406
-0.0900754963065
-0.362172469438
-0.265130044626
0.0328237808848
0.0208555025842
-0.231493200863
-0.974176141015
0.0138075953392
-0.250103840979
-0.717125555598
-0.404360478255
0.191642953008
0.15292714492
-0.504621323581
-0.569040360921
-0.0957699816893
0.445540642627
0.173485097623
0.207874198024
0.308890650196
-0.0617806077927
-0.228184590818
-0.636471170604
-0.119959238779
0.472036210316
0.236589378544
0.273547020007
0.503313428655
0.397928750944
0.0765283497028
0.0164767610686
-0.748225106989
0.215538354409
0.0643514242335
-0.230951304619
0.278065896149
0.318697503176
-0.217653501636
-0.169202176101
-0.243350005759
0.479377447249
-0.141159373318
0.532138323517
0.162360919013
0.18444543495
0.437573639923
-0.0860203194325
-0.0802939061041
0.224711546819
0.568379257
0.186501584547
0.0265298633715
0.69348172926
0.341068837133
0.47222122527
-0.00722400522572
-0.203459572553
-0.245218284064
-0.1071749379
-0.133096331522
-0.361083299103
-0.281551884393
-0.324302694015
-0.202477924612
-0.0900616323971
-0.265971088889
-0.275418792433
-0.150345519375
-0.348043958975
-0.51256165337
-0.361401808644
-0.219826343083
-0.22172422728
0.31777096497
0.0467259454029
-0.232262563458
-0.234735323027
-0.337170595619
-0.222326998275
0.13295674269
0.124025408234
-0.116697104811
0.0441979216316
-0.229252008457
-0.183071041533
-0.157629690552
0.357179251782
0.173388276306
0.268184616247
0.372347063968
0.232669714178
-0.197278341457
-0.0509851460138
0.0904343892542
0.186816100484
0.0925336713136
0.263471819884
0.382273760791
0.248695071865
-0.0025328636119
0.309857524879
0.0861701861586
0.677792940576
0.118645159501
0.733760616717
0.358675000834
0.382482850903
0.144174387751
0.205225749102
0.600065193749
0.463026928518
0.526063831544
0.198338766436
0.257378017698
0.787694379734
0.390939258514
0.522471053074
0.561458904363
0.795199107765
0.753550743756
0.0900134421429
0.255624419455
-0.156272847875
0.637800882984
0.610444301191
0.179003629245
0.429118172885
0.418488817834
0.403856450296
-0.201174808555
-0.715199427917
-0.0838495141786
0.232077999817
-0.537454417859
-0.580908408813
0.303105973946
0.292885190068
-0.534285498584
-0.912102039832
-0.206950996278
-0.247747971104
-0.706502256735
-0.319747708969
0.0886393925114
0.450714929462
-0.677362541924
-1.08754081647
-0.384380272232
-0.465298363124
-0.598411493549
-0.664546262594
0.146109826507
0.00627454540137
-0.303794279899
-1.00373560554
-0.738797058126
-0.507810614747
-0.233116581909
-0.371584214182
-0.0480056529611
0.0314239361245
-0.307492275854
-0.816222750647
-0.53141775988
-0.332323005225
-0.166577888462
-0.283353508395
0.0714307718681
-0.0448914864541
-0.346725858107
-0.438964024562
-0.450934610916
-0.0712243669265
-0.345155984009
-0.191072686796
-0.402181338067
-0.0135603512639
-0.258142957372
-0.271329756163
-0.301789761883
-0.322071452171
-0.0280415314803
-0.213093749361
-0.222606540994
0.209100457679
-0.182304501177
-0.119431660407
-0.104728682633
-0.176197091855
0.138601455058
-0.849841673393
-0.436486644656
-0.156178585666
0.258675117535
-0.00559273305569
-0.142417237376
0.0757428575771
-0.0491093867501
-0.200609449605
0.180532225095
0.399037608486
-0.322430215921
0.243048264319
-0.0436000685749
0.236002217874
-0.0859486626511
-0.400558671576
-0.0708084932482
-0.0796394158582
0.335370598308
0.0269218194452
0.056458541118
0.11217534277
0.0331983996822
-0.275855052243
0.406791424414
0.108030640603
0.0901374183793
0.0353964450531
0.105363472187
0.186400064894
0.0622602662504
-0.00749435350827
0.376820304187
0.50690825946
0.188473211583
-0.00632791901508
0.0147758416409
-0.0119209796576
0.327125412044
0.0769155079389
0.31641124699
0.54861588221
0.204681533578
0.227904200753
-0.184276576462
-0.0497286807686
0.0706927486395
0.191513064287
0.553968719817
0.46089412849
0.639675905366
0.209009436671
-0.0113747194658
-0.714365315607
-0.0867107343885
0.671516212557
0.877398235013
0.294774322249
0.784666046529
0.408662536714
-0.0933268936149
-0.648124465122
-0.147757368643
0.661069174042
0.264513930801
0.381487870887
0.330329374811
0.163617140838
-0.085611472792
-0.981108038326
0.215392355459
0.356758923139
0.612024045741
0.292802292943
0.24000466197
0.00152554159012
-0.546959956834
-0.965566738568
-0.0483028477702
0.146734446758
0.810100430228
0.379558486801
-0.21102848267
-0.278894405205
-1.04549207807
-1.15703301223
0.0539337841136
-0.0500302632296
0.550212878303
0.206815078199
-0.299081502164
-0.0516627496362
-1.24318448933
-0.693119655356
-0.350300827681
0.180384170103
0.299596566375
0.343942208398
-0.205407343343
-0.286579007351
-2.01074067474
-0.444762968906
-0.146394644266
-0.0996170217465
0.493254728922
-0.108498930859
0.189442521964
-0.594089488313
-2.02858544417
-1.1919185855
-0.151869900715
0.159370042634
0.033862616187
0.388415825114
0.184710073338
-0.67963009184
-1.6139012395
-1.0918863373
-0.630159576959
0.140833547103
0.229448338388
0.11265062615
0.0191034583213
-0.352807168749
0.285859596489
0.176827117853
-0.0241689097426
-0.130189791086
-0.244775742772
-0.61006942499
0.0988433416681
0.280317947587
0.14925760989
0.183693779879
-0.204854333084
0.0835386136112
-0.446438012156
0.0332335627884
-0.118599244577
0.0811076737717
0.409331190358
0.171849989529
0.124795901565
-0.228224382701
-0.151252172548
-0.0133643971427
0.392037501248
0.0843844607566
0.444305336091
0.295757077611
0.0184410337141
0.0834886666782
-0.312206747197
-0.0531202256159
0.135092244588
0.460563932371
0.239408766167
0.325761084869
0.20938007427
0.01534187795
0.154390477305
-0.140274837184
-0.0733317827289
0.132339762092
0.381985306028
0.374833193636
0.400456488603
0.117952519848
0.4830088739
-0.151393793917
0.111507610704
0.0450307719582
-0.00452582616465
-0.0733781348696
0.0222872247881
0.332117686042
0.752569304495
0.560473884302
-0.135953896192
-0.423596303857
-0.643360683456
-0.821926801986
0.0849351613313
0.37611805755
1.00573641888
0.653587958444
0.00876984019777
-0.350164105195
-1.24845425156
-0.740575682929
-0.809796748942
0.038774188013
1.44618830173
0.651989128271
-0.0293595936941
-0.348752901594
-0.501188129529
-0.601989638634
-0.0217527645012
0.0978835666048
0.357150520934
0.265515019642
0.253209221139
0.0310845841222
0.124589553639
0.0230103397325
-0.0654657993671
-0.00600651071221
0.0234468392143
0.0412575347309
-0.123684492072
0.122713833297
0.167348123748
-0.0615599522991
0.181529301078
0.0343340938781
-0.287426139066
0.145535560598
-0.142905516212
0.118486405703
0.394388221897
0.00816946302614
0.110712658795
0.0612612275994
-0.366843082676
-0.347128359545
0.135289946675
0.104292126444
0.294100739613
0.437278222851
0.0657898603392
-0.0561888758945
-0.416404462821
0.0526276917406
0.168263356595
0.453112327801
0.239799993627
0.121693832373
0.372297808316
0.0304590320967
-0.306367218162
0.0283774101539
0.597432399039
0.2488651173
0.392332577116
0.691549067284
0.0726188570478
0.0783226252284
-0.445721674349
0.127625614968
0.441578637579
0.918299609778
1.13789374795
1.11426982186
1.25900261322
0.4892024729
-0.0843696320239
0.260177372837
0.437244689899
0.693124672393
0.602998810986
0.628527004365
0.511047401679
0.525209624044
0.293246010299
0.650675729721
0.313225400427
0.488029341539
0.675820291777
0.368255293745
0.798564459995
0.604374773281
0.301868625681
0.521839591331
0.810961887339
0.434102791993
0.746457133825
0.404210038793
0.334055622221
0.403308931951
0.653549166626
0.146603085423
0.0553509103768
0.455265817943
0.201983334162
-0.0190216481691
0.543602409519
0.471597252905
0.49580640238
0.0955826774615
0.365755475758
0.0891567261186
0.117212390638
0.172697433753
0.316468456416
0.601385622267
0.738750155216
-0.132405979214
0.0840527997736
0.435910803608
0.262837327365
-0.146143558709
0.300423360179
0.335100539641
0.666003743969
-0.157375337346
0.175942212658
0.473410851244
0.119783422496
0.0899286084094
0.0580082291548
0.177678137445
0.0570285422035
0.170754016727
0.197671655638
0.130690457098
0.094226533379
-0.0254318457542
-0.304004186758
-0.236104675642
-0.107335123971
-0.282329602293
0.21502587511
-0.074755824501
-0.0119640013001
-0.0988074939267
-0.408089037383
-0.734591258759
-0.788141588914
-0.0842656869549
-0.0203475523445
0.0398938729349
-0.039872429033
-0.251632560568
-0.494497971761
-1.03507895405
-0.939401002195
-0.345529021081
-0.133727755392
-0.166627655214
-0.414544688977
-0.437182729974
-0.600305811307
-0.775770345403
-0.860986471194
-0.233296615679
-0.257214283188
-0.504655220549
-0.232502817371
-0.192647234789
-0.56590664411
-0.409987579079
-0.907093909646
-0.557091577958
-0.510890776697
-0.253824829977
-0.263951313514
-0.293400634413
-0.995625214807
-0.381003444432
-0.556282724772
-0.11464763931
-0.586934868582
-0.312930185506
-0.297154046403
-0.627584384351
-0.116331638483
-0.768577577809
-0.266112721905
-0.384353478379
-0.561799453833
-0.533777957629
-0.549430229911
-0.469387054507
-0.536472630714
-1.20024863731
-0.503371827957
-0.0641444667373
-0.100456077322
0.633190465241
0.386169084245
0.303051058084
0.361484552444
0.378858284214
0.137787226583
0.0643834472503
0.202004274285
0.548022010872
0.340165430333
0.611112717533
0.258607714144
0.621283046779
0.300406945892
0.224564014937
0.485696829639
0.429596990812
0.546212559156
0.410821791542
0.157103700809
0.547227024171
0.00391821674666
0.502084465421
0.401305396137
0.383076933048
0.387766164961
0.29716921633
0.3680013568
0.0701490391411
-0.0597698859608
-0.00429125372453
0.637824369441
0.51253234675
0.115246392569
0.533473889412
0.0513033196755
-0.0275540393235
-0.602436985471
0.223183588526
0.283054495753
-0.0602017467603
0.629505726163
0.181388400152
0.167977662117
-0.148758166143
-0.228082297395
0.0692836026267
0.0688676304782
-0.0139763730595
0.221340850603
0.109597523659
0.0190052855698
-0.136467851029
0.0495990942719
-0.552059490649
-0.325071677379
-0.019691837843
-0.119711365327
0.334543450411
-0.394354650167
-0.0936602073993
0.360354339294
-0.519129113387
-0.0451667845564
-0.228305997684
-0.130975030931
-0.361141986602
0.132629586214
0.135307835954
0.206063491552
-0.543399827855
-0.388684346289
-0.175916608179
0.180069350334
-0.0863173271531
0.161228636591
0.250547124752
0.00536216842985
-0.13950499265
-0.389994221568
-0.485381663984
-0.0966061043239
0.104848982792
0.113762260893
0.179737313441
-0.346910790578
-0.197778864403
-0.125147945613
-0.0425989125822
-0.23456107851
-0.10883672413
0.0224010699948
0.155570875702
-0.232194082068
0.0376367467967
-0.364468926749
-0.10939907639
-0.132032908395
-0.0166260913635
-0.141841573411
-0.787440505747
0.375057507545
-0.362686972477
-0.227488311262
-0.217085905462
-0.0826220409118
-0.375268559903
-0.0320089549015
-0.0646142513818
0.165607950462
-0.243027166725
-0.185533781076
-0.158274625755
-0.0562725891177
0.0854744516393
-0.577549767393
-0.248682469297
0.187631304696
-0.162651774448
-0.136851424877
-0.204703503617
-0.143908815757
-0.242807067847
-0.286781596649
-0.191090354235
0.0209824236332
0.614078202003
0.0948754003494
0.0131636665405
0.455591018842
0.74454107066
0.471629083235
0.448036842028
0.597710932068
0.223375282348
-0.0851130176298
-0.296894704347
0.0510241166023
0.415652752718
0.355557346661
0.206413725512
-0.0812707864078
0.570267931933
0.635873212314
-0.0576487961174
0.0639040956399
0.322764928162
0.221905864321
0.234213753765
-0.133507529758
-0.108842439288
0.340917906707
0.68605806908
0.191675556932
0.448501241915
0.304194351391
-0.0899962219262
-0.0114375591452
0.393886234523
0.0751960833062
0.142482126406
0.370723484914
0.417848441884
0.349384609988
0.0834027591088
0.329469726271
0.439984381768
0.459563596663
0.148407058784
0.00555045559673
-0.00174627927074
0.163918334253
0.304296738058
0.113100671565
0.768506575146
0.431786711423
0.262818203133
-0.153743516747
-0.200809531506
-0.400325530379
-0.648958552679
0.431067685809
0.706130071004
0.830298712633
0.236600932925
0.0534888837108
-0.558891047144
-0.381062742159
-1.11044031621
-0.978105029009
0.71290372755
0.813484987234
0.585162989286
-0.0653716384803
0.0799481930526
-0.701534886653
-1.278780466
-1.37191172736
0.245450802072
0.665046685927
0.480323800134
0.16509936127
-0.160256267107
-0.34866551923
-0.929989490147
-1.48013836656
0.566869125295
0.150095106032
0.316902603763
0.039622726858
0.0280522294473
-0.152891036355
-0.924354225193
-1.89400425474
0.0128357511232
0.0831415661802
-0.169948200005
-0.00077338766778
-0.0164039113366
-0.757042245144
-0.607001960784
-1.7739790536
-0.150200322842
-0.41450450377
-0.238717553448
-0.117051014787
-0.101676911154
-0.457439487056
-0.869046864882
-0.910188549304
-0.2239323777
-0.273843133354
-0.173432385596
-0.0905643069475
-0.146524158187
-0.300276396154
-1.05864590176
-1.01795198871
-0.42833250982
-0.234813146618
-0.333689515381
-0.322141006089
-0.0918810475388
-0.128416348872
-0.464961947512
-0.943483280027
-0.229360426438
-0.459316130737
-0.668667156575
-0.278664387716
-0.666979224005
-0.0655155430158
-0.419858684054
-1.0384285141
-0.539952028519
-0.160989597768
-0.0191650694389
0.319079239596
0.461767781911
0.34016363382
0.269260318801
0.336228136405
0.025499396476
0.131262096857
-0.0128710516283
0.179931505881
0.0623158235581
-0.0498861961085
0.200144495279
0.538426126967
-0.448739282534
-0.0906254647804
0.178887596104
0.292578276716
0.106460561899
0.113716198591
-0.0107265128028
0.296610651717
0.33232756343
0.136643889434
0.195112648333
0.132068108213
0.19432894876
-0.0586262602401
0.151417771871
0.359360573247
0.15449334235
0.352466056677
0.394792173597
0.296365208614
0.0114078163724
-0.156054058417
0.161035139094
0.325552417109
0.15281331151
0.559083909188
0.300635504028
-0.0459485126641
-0.218062384078
-0.210463544921
-0.937946275036
-1.0005578903
0.424247939913
0.326640213479
0.225732691698
-0.271576828534
-0.164307950131
-0.373096381961
-0.586750936271
-1.83599516064
0.103187726046
-0.194065716795
0.181723272658
0.232031518294
-0.428992991652
-0.0454396707307
-0.53701293537
0.0577216777371
-1.11125987466
-0.572465018429
0.0880967213053
-0.268743597145
0.205963302585
0.177363053269
0.504867050105
0.921173140125
-1.51938587249
-0.742196116617
-0.738285284866
-0.417995941787
-0.206167952885
0.228847744456
0.79300282487
1.03249902123
-1.36218088253
-0.682817499986
-0.622316814029
-0.574567375818
0.203718912493
0.915271426497
0.696544672891
0.973326517131
0.415423257109
-0.271382166021
-0.128887628175
0.0505780063611
0.398088065334
0.171738314668
0.476677386968
1.07498983189
0.146048923771
0.226554779686
0.0630044245429
0.107118414117
0.237546159199
0.147546767665
0.251386912969
0.0801347630414
0.263019115466
0.314790342294
0.133030398973
0.417494538055
-0.359756193167
0.278108734143
0.00463382362754
-0.0380306770164
-0.157236751503
0.34673920065
0.144254793354
0.0983262257073
0.253907285976
-0.338223462253
0.0899672478327
0.131408938763
0.929164083537
0.0686513792407
0.358464570995
0.378859988108
-0.0270831393103
-0.350849692668
-0.345153823338
-0.426797717376
0.31562021264
-0.161204042454
-0.308694222243
-0.570810598283
-0.335706959904
0.329592301802
-0.020482107941
0.830667373112
0.191452614163
-0.303549885997
-0.0385029185727
0.322122988881
0.259946777095
-0.0412862413854
0.103510964061
0.0611970902528
-0.0855652081684
-0.279742465701
0.271210199831
0.359732675014
0.336564148531
0.103938986151
0.299961473869
-0.141914793618
-0.281489249131
0.00536425372045
-0.00868614362132
0.291192407114
0.429059598139
0.255684879984
0.0227892357595
-0.360734249419
-0.242090691155
0.0786275374874
0.426088447646
0.616902265377
-0.137752010042
0.346017481893
0.358709452686
-0.264117249956
0.0940946862009
-0.129661963001
0.221554905641
0.285676003375
0.55158303156
0.225193240996
0.245352293946
-0.151994009104
-0.218541809894
0.237614396225
0.0997844065877
0.206804499626
0.0811587840118
0.16955752521
0.4855810944
0.325401117177
0.00257028247751
-0.239437756636
0.151914351512
0.194010695464
0.203338965986
0.285845244534
0.0242749611406
0.283051593816
-0.0713635871482
0.282688069889
0.131530342356
0.187273926508
0.159879620422
0.323898379306
0.176647370073
-0.0154003930245
-0.408242626065
0.0325212800625
0.441741691193
-0.115964393991
0.248825803248
0.0570516613397
-0.0937254026564
-0.474039484293
-0.613986410103
-0.1820270324
-0.265517912859
0.0494706303886
-0.107499118351
-0.120271629297
-0.187302096005
-0.994520942923
-0.808943381081
-0.422249386219
-0.0722806594487
0.198197535721
0.0323154135044
-0.156216104693
-0.241038315647
-0.313822704627
-0.589017418918
-0.283574698572
-0.244634694387
0.00403115449802
0.0673123186275
0.06097481762
-0.212270439441
0.086346360048
-0.932236731193
-0.550358659223
0.0657967675433
0.210387824565
0.312259802433
0.146677317604
-0.114268950269
0.316711974165
-0.517929015371
-0.22255049172
-0.405323648421
0.154596740624
0.441477922006
-0.0315038035135
0.151192655725
0.543662032183
-0.139547189453
-0.963369833724
-0.550815416918
0.200671457504
-0.209445931176
0.41386285114
0.528554327406
0.607550514761
-0.144794024527
-0.338906139748
-0.637404298039
-0.983669544573
-0.99581472273
-0.357801120767
0.143308372847
-0.215662323691
-0.42072590488
-0.181111371848
-0.641454178774
-0.798548729843
-0.946627610445
-0.346169149255
-0.046624030199
-0.381327587861
-0.14561833033
0.0558950253501
-0.734812809998
-0.827049627725
-0.712424095819
-0.271677404156
-0.210392904276
0.244169637405
-0.251956733947
-0.10744881458
-0.574758401675
-1.03493987794
-0.33532696983
-0.431773560658
-0.128005346625
0.198944874274
0.124709877549
-0.258089054242
-0.586722454037
-0.87791862357
-0.334425854811
-0.0790005336593
-0.274274165788
0.328602967066
0.386739776671
-0.439993759859
-0.406293116368
-0.730653902691
-0.50030973296
0.023653673791
-0.0304181937231
0.9508196763
0.753899310188
-0.0642086014945
-0.911672362428
-0.574540472316
0.204699081498
0.101617315823
0.446403714882
0.484780352533
0.420627575045
0.107031223051
-0.576450486989
-0.432317566281
0.214141651686
0.341429399115
0.398673632055
0.271982905395
0.994237611029
0.325677248124
-0.758125763027
-0.0441275174131
0.300017034281
0.79996390248
0.352893337495
0.354966474441
0.808146230904
-0.0474118521492
-0.0218444661708
-0.37113865045
0.212747097687
0.51020377651
0.83252365745
0.341971042711
-0.125819570768
0.24200085114
0.336456768817
0.134852738966
-0.0249972183746
0.280174986377
0.607327166546
0.529047420945
0.0280377541801
-0.247613878453
0.221810176145
-0.153076712618
0.329139001824
0.230525349084
0.569712743647
0.230809321301
-0.182813871283
0.157503361447
0.372925075277
-0.173494755759
0.0495575819248
0.59257841794
0.319465099807
0.303884151568
0.111978854449
0.169546787031
-0.122942145658
0.42048352994
-0.0529069095262
0.268428894487
0.667598001717
-0.189979520867
-0.574111495501
0.135569636485
0.0384659075515
-0.0153993396194
0.279731138147
-0.0843442113347
0.318630612292
-0.190444088346
0.101089439337
-0.128376188496
-0.070917232524
0.573353572623
0.716233214635
0.415334534814
-0.462324235404
-0.0831228415791
-0.243519192462
-0.134352207302
-0.636305849242
-0.602991397862
-0.673509218062
-0.200315785009
0.454099308752
0.407670416425
0.209301857918
-0.220945572509
-0.683639235959
-0.507822362482
-0.954654876593
-0.0134796275907
-0.144843259659
0.490230647236
-0.135921440906
0.19280679527
-0.195375312841
-0.932457836854
-0.713890861706
-0.322348954961
0.497710371526
0.877930234045
-0.203845932137
-0.309064027849
-0.13744453549
-1.03864527511
-0.49018125057
0.0105239979257
0.48810085504
0.560646840485
0.318394284818
0.0869494849358
-0.220299665637
-1.1387157091
-0.412922294316
-0.166914719416
0.189387195661
0.713710599098
0.75473306323
-0.113493373122
-0.355483554595
-0.518962551605
-0.459308300488
0.0670475191017
0.159964899647
0.646355920413
0.804531629047
0.246159779304
-0.348249249448
-0.463427835361
-0.498569555879
-0.263119678912
0.469584275024
0.320968448502
0.45054851455
-0.0746160277319
-0.0446655454399
-0.391088962269
-0.679016069151
0.177519647508
0.186820235007
0.161387617735
0.0537872387982
-0.396875985393
0.0553603557932
0.0593864912382
-0.31773344555
-0.269529690715
-0.120055081089
0.0491611402417
-0.0634535016205
0.203172513061
-0.0906248445247
0.277642588111
0.0911375523296
-0.165874811757
-0.0290331737151
-0.347484018149
-0.336667299372
-0.231886584746
0.303670552001
0.468526469211
0.0485068003282
0.168384575106
0.129402391175
-0.248168611299
-0.615451822497
0.156019751996
0.211772213522
0.376774005863
0.305632806398
0.169068569206
-0.191505424346
-0.216515159247
-0.575441749128
-0.165841840912
0.197195536699
0.0910676198436
0.03054587084
0.24506668912
0.131959405518
-0.452310058563
0.232244444591
-0.286014155124
0.0423912475486
0.349918242206
0.0376820443486
0.151555296364
0.315435105458
-0.455195723804
-0.402195929494
-0.224940588779
0.0876695946997
0.153399098348
0.345717515053
-0.0477060106694
0.0306323144551
0.184840837082
-0.674801664224
-0.295566941341
-0.24634961918
0.0371347415871
0.575241029231
-0.267324398101
-0.100404408781
-0.351860574205
-0.0880016535519
-0.125706101386
-0.150912627638
-0.19771369812
-0.190295681767
-0.211593557346
-0.177597312815
-0.241798884137
0.0517875456963
-0.195593336612
-0.176301999928
-0.172095246868
-0.159096232726
-0.197314816842
-0.193474148914
-0.218816139281
-0.118551879033
-0.334406359336
-0.335984440449
-0.369056204951
-0.327600292445
-0.141845671038
-0.343381813363
-0.177751857389
0.0226457434077
-0.596723125855
-0.266741494067
-0.35491547215
-0.365213190581
-0.593408796496
-0.390148622974
0.206344167721
-0.0490245295164
-0.875606773687
-0.318620360408
-0.323831781108
-1.13009642524
-0.611619261639
-0.448253568817
0.424832205468
0.0939299524788
-0.683754267955
-0.665563118856
-0.574261418293
-0.353857951115
-0.926087433179
-0.313779394013
0.970196198049
0.229202546383
-0.905279353529
-0.431262094331
-0.278278603974
-0.177208145185
-0.70439642219
0.128245126384
1.62107808494
0.521398509533
-0.407110621177
-0.114456336891
0.454519509775
0.372785959386
-0.461707387932
-0.304309719989
1.16052928635
0.165335691457
0.109997908816
0.428879619944
0.548510181901
0.547397365765
0.36086026464
0.0432666451365
0.225695983675
0.405094209131
-0.0311964867446
0.495614565887
0.734024127306
0.229515800364
0.28695829924
0.024199289198
-0.0102806514454
-0.35350595294
0.123328785452
0.487667048057
0.450559038647
-0.063396900884
0.193759552853
0.159365070491
-0.122011646529
-0.114225782584
0.204317876832
-0.172720985104
-0.139174108683
-0.23339500501
0.161049746878
0.341793540535
0.076210221319
-0.247537111556
0.214124951889
0.0985898719474
-0.0628755737601
-0.0143510182945
-0.251430719472
0.0329375238051
-0.476836100305
-0.142037773733
0.278284139997
-0.275546542739
-0.425738730573
-0.376627824316
-0.249840070749
-0.282050017268
-0.500636907166
0.150520264663
-0.111973860328
-0.297765981295
-0.285313296951
-0.248532967804
-0.233569634097
-0.213523176433
-0.181414697437
-0.162479449592
-0.168582125483
-0.182325014703
-0.172431024236
-0.174468343494
-0.164429163574
-0.168097445936
-0.0821479771464
-0.0527101804623
-0.152727175093
-0.250614054615
-0.322991264399
-0.184438834513
-0.219515956515
-0.100951532844
0.0317868690909
0.394192616702
-0.404252051388
-0.274312886861
-0.0737295995112
-0.00519619120191
-0.0556075511015
-0.0890728867509
-0.191889034043
0.284055762941
0.107959654006
-0.138930749148
-0.237843713061
0.0299238754566
0.21432373066
-0.0672680326455
0.207239194397
0.427303590389
0.381624384167
0.211736863725
0.142499765582
-0.288006071119
0.253563296467
0.43046066703
-0.345670199977
0.298590218216
0.325191874726
0.00138982215056
0.0374409013466
0.024619817886
0.0684366576778
0.701559730144
-0.189382332882
0.144478298031
0.43570898363
0.0698713600517
-0.0134729140715
0.280626571099
0.0143127869023
0.0546110018053
-0.548886415364
-0.287655182668
0.251696925011
0.25375566572
0.457537311463
0.235031248775
0.244295740896
-0.146330374759
-0.861073081661
-1.29924625949
-0.0798281836153
0.781847720651
0.439292308323
0.228968792186
0.108011215173
-0.270320329423
-0.335093052982
-1.33127957761
-0.236233330621
0.241512337898
0.734546787389
0.371640847681
0.406074904313
-0.0556520186852
-0.579314373353
-0.639018428378
-0.057180791117
0.210161486184
0.373000341185
0.375833468336
0.281593510647
0.133042746158
-0.15560351806
0.383072793718
-0.0754284913275
-0.30643264214
-0.165369203755
-0.233989674987
-0.0301931611293
-0.11044855719
0.487445954187
0.264492578254
-0.152524432155
-0.291267148329
-0.624013177948
-0.0800532379258
0.00772895064638
0.16990523984
-0.196614683715
0.587579531573
-0.120626193087
-0.356702033225
-0.207435361298
-0.649316796453
-0.351794315787
-0.220888323547
0.0445622484292
-0.0603151833606
-0.0500748901811
-0.250006883085
-0.0315725706589
-0.499223474082
-0.046158744447
-0.0658954652359
0.152961123279
-0.278984195093
-0.202652954843
-0.347977269644
-0.153760170126
-0.281955869166
-0.310560684576
-0.126805235858
0.41322469879
-0.176521856134
-0.0310578128343
-0.26564508778
-0.155894091336
-0.493960946118
-0.647496547843
-0.0906087131148
-0.328955488956
0.662380550564
0.182003150244
-0.0946728076619
-0.245487658216
-0.46064024765
-0.0608443302983
0.4929618148
0.198509726553
0.646554539211
0.756324828177
0.502247528525
0.137558489387
0.251182961692
0.0833263139371
0.235485098399
0.495153438926
0.389916071643
0.390277872327
0.49222358456
0.163558401748
-0.00898928205692
0.425537286669
0.357870772331
0.175006515539
0.715338336294
0.323178342782
0.288056464946
0.844919414433
0.552248061116
0.350069649229
0.0882157437078
0.579604826754
0.374420809169
0.443391514244
0.302044219103
0.327767863018
0.547916265434
0.728560442416
0.50138975861
0.168294876437
0.465147504814
0.0927220369386
0.609427848505
0.214418595243
0.465553793324
0.595903072869
0.593270579645
0.324379211473
-0.308096092758
-0.269862811689
0.0661579938908
0.0474297540603
0.481872900642
0.777294773086
0.840606242054
0.589681664386
-1.26690462722
-0.249042900421
-0.215729951268
0.353196152514
0.405227074663
0.128167045543
0.307163235085
0.184559951257
-1.61269113172
-0.840154593425
-0.367104353173
-0.390573680052
0.00610704197833
0.636428197212
-0.0912678809896
0.0706842607965
-0.802568720253
-1.19194058133
-0.204229376119
-0.0695616731572
-0.153847242043
-0.235589411346
0.445102561735
0.380447837676
0.1243449012
-0.117223316192
-0.0451613133825
-0.496862246676
-0.431924617543
-0.459867446394
0.109509957293
-0.0355431025531
0.0326640390469
-0.251649629674
-0.177698467551
-0.235740982994
-0.0309134121693
-0.140428926771
-0.273311858137
-0.0125985584006
0.199897277939
0.0621879996049
-0.393816931767
-0.152145557037
-0.323881880046
-0.382564648772
-0.0774070446236
-0.128164685058
0.0836364608399
-0.131264106198
0.104039809379
-0.179386747777
-0.192672201494
-0.125374551164
-0.200790981347
-0.3023255623
0.131035267063
0.010409571852
-0.267972661697
0.094628690267
0.00219326618203
-0.406482919442
-0.243485529966
-0.417351309291
0.174766683853
0.0664504438728
0.467996726655
0.159374004396
0.135792475311
-0.194991810788
0.0600013377912
-0.0589213461854
-0.0655416440962
0.13731563515
-0.12608686654
-0.11625361034
-0.102036850293
-0.606423010776
-1.02692406179
-0.516836359152
0.543417964217
0.182600845161
0.114109219606
-0.23811395206
-0.0871480909045
0.230570031116
-0.0984672637323
-0.454002859995
-0.179034538474
0.198957269453
0.1652374066
0.126635661689
0.246564841185
0.114749101662
0.0717381726196
-0.357078809809
0.194802624546
0.21225794032
0.0503208939336
-0.0667973108443
0.143620065924
-0.092596730373
-0.0179397179341
-0.19691551412
0.227661350167
0.31957482064
0.302400091519
0.239626831652
0.0982135896115
0.0597617174263
0.0827143365211
-0.0849408871465
0.0541423204746
0.0600449297036
-0.129441794618
0.171788680524
0.0186805917248
0.268550270047
0.19265139884
-0.0698978188692
-0.320370461152
-0.165058936571
-0.289016086007
0.363901632074
0.575107772095
0.705218008065
0.163886692333
0.0569680734384
-0.421512558167
-0.166711191632
0.159187226334
0.230265933884
0.285722961655
0.475585707616
0.0823952629051
-0.187255180711
-0.605403242731
-0.121336590039
0.386148652233
0.188948800897
0.0446998160956
0.0512982501445
-0.0435213236076
-0.451345495357
-0.786727913705
-0.129642921144
0.0636874794978
-0.0464607436424
0.143244482531
-0.100548718925
0.0145401082889
0.140189550125
-0.295906298421
0.393707293453
0.0847498023755
0.437507690507
-0.0356507127135
0.0117861682552
-0.0357354990553
0.25682844702
-0.332719316823
0.0533872963429
0.250325044566
0.110711429339
0.100605718809
-0.342420749022
0.292131693754
0.20470056106
0.188321606728
-0.10493785422
-0.160444325608
-0.0220572154477
-0.0352898833851
0.300699461508
0.236115488632
0.456151806417
-0.122853786307
-0.0920700338296
0.0871787305151
0.00256303743319
0.0734528450124
0.244439750496
0.288331899665
-0.0604161847757
0.176744468275
0.0236769178307
0.0227581640232
-0.26791338089
-0.340984547108
-0.137714528833
-0.413170247197
0.11740975428
-0.0959954972043
-0.067504801644
-0.170202154459
0.0760641577216
0.177208535439
-0.267559341713
-0.480367288826
0.454908069966
-2.56869741262
-1.60195091006
1.47498787942
-1.7010627788
-1.33860951956
-1.44183871277
-2.14512018643
0.924386229521
2.2480569168
-0.333660981085
0.552730355281
1.48636980817
0.503672441073
-0.646455975783
-0.647552231856
0.328480089885
-0.63001497393
1.91555023464
-1.5590862123
0.852285576019
-0.547790093962
-0.926083068192
0.903384143368
-0.927772360868
-1.68973799782
0.603878771605
2.47301569509
1.40310681963
-0.622510650012
-0.74940201647
-1.53486787629
-0.460765865097
-0.925076542261
-0.613285939521
-0.231292473669
-0.0688358248585
-0.625581863409
-0.351187583798
1.52256274322
-1.12653116998
0.997592825145
-0.62307299411
-0.0952060891534
2.16021700856
-0.636224170022
-0.460106936067
-1.15139747323
-0.197936659493
-0.34341131444
-0.272990009121
-0.596294908763
-0.418086358069
2.09335901292
-0.841569337144
1.87527297845
-0.781106780196
1.36775617302
-0.672071892834
-1.22155982822
-0.622039151911
3.94183765743
-0.174396215826
-0.691686892754
2.63639806147
-0.834984328016
1.97832140784
-1.24852013536
-1.03810367327
-0.168568964765
-0.937488102493
-0.596414971737
-0.649828267205
-1.26727089475
-0.266533991801
-0.364091143555
-0.262529602733
-0.511036672191
-0.58788471202
1.23518869565
-0.605791879601
-0.723074401185
1.50213093067
1.94567380496
-0.637372248036
-0.948117392514
-0.484044875466
2.93003942704
-0.100083668425
-0.480349660804
-0.575858713687
-0.794600915681
2.09710875298
-1.13073960478
-0.584995622229
-0.207126105118
-0.568176339277
-0.583216454147
-0.688087974819
-0.836025281755
-0.193244016892
-0.247486692677
-0.339871871724
-0.775112260119
-0.718528871481
-2.4980054773
-1.80408131736
0.246327061098
-0.399683311394
-1.46862545005
0.689361425388
-1.00871263587
0.14941273077
0.862395345163
1.67893466892
0.978358308297
2.37082021552
0.0401920907552
0.141942837117
-2.51202787158
-0.199776656702
-0.726611124421
-0.168675263381
-0.281081150188
1.67659069865
-0.919782930361
2.50934519783
-1.18844356924
-1.09158146407
-1.95500108464
0.166798492137
1.54473795413
-0.542489854482
-0.459681484699
-0.581142326485
-1.27228615886
2.42928063353
-1.15747005735
-0.489766105304
3.7310452085
-0.0377480227364
-0.44061813937
-0.341174240462
1.40408808406
-0.828295394034
-0.888563519853
-0.682937827557
-0.149591716126
-0.565988132568
1.68165342655
2.17255529333
1.77740660587
-0.231245490902
-0.280855150812
-0.303042301856
-0.901691802226
-0.423431244783
-1.20140933673
-0.66009203128
-0.558387241295
1.17132591465
-1.50174811754
-0.54021268101
0.983902006269
-0.751995096035
2.15587624864
-0.124180730804
-0.464316890579
-0.607337633647
-0.701740247375
3.34934921809
1.22894644453
-0.764209228878
-0.199123186229
-0.48804100995
-1.08994688143
-0.715766018278
1.5543234968
-0.260709300779
-0.369560186309
-0.299782918712
-0.914635846433
-0.784613430645
-1.32561292051
-0.758817818598
2.08751705337
-0.597027858652
-1.4279375301
-0.610951336961
1.10355881329
-0.342266163048
-0.276706284303
-0.0540822430816
-0.540193231129
-0.363618563749
-0.682677427645
-1.06071243047
-1.15921010777
2.75018578788
-0.129411655056
-0.972147605406
1.96413352434
2.02522906733
-0.895294858048
-0.237042274386
-0.210951004541
-0.314542932572
-1.0065984209
-0.550009166143
-1.26493128724
1.28537468495
1.42499486842
1.72691888428
-1.56108382445
2.80860370834
0.597962809612
1.7335103007
2.62094661845
-0.0964771743558
2.71105613007
4.32310876408
0.75499736175
2.35503327985
0.798881852506
-0.869253310797
-0.271527556638
3.45214722278
-0.870638180584
3.87254681557
1.35395764841
2.63428976907
-0.435208374895
2.88157938987
-1.05122211868
2.6325550523
-0.285718676671
-0.204819515051
-0.132007596439
-0.190009907497
1.86985881066
-0.142593210316
-0.26431616155
-0.0634091321916
-0.05340418765
-0.0105263961291
-0.0645991252676
-0.0477951520697
-0.171494494778
-0.377214995031
2.25292950304
-0.169917819924
-0.0184073118511
-0.101458596103
-0.124951251744
-0.111270163227
-0.212514389709
-0.0228306826669
-0.0470035253723
-0.0920668504617
-0.112611062901
-0.110606464393
1.04861459731
-0.820353423939
1.96522541007
-0.918742119973
0.492277617304
-0.474232427088
-1.23675109633
-0.506555683375
-0.384542874794
-0.077201358462
-0.781038836047
-0.420259113507
-0.854001706267
-1.2197097907
0.965845575759
-0.727228459613
-0.177922729983
1.84514134057
-0.785165877245
-0.674029865554
-0.994796479479
-0.414405547048
-0.314387213706
-0.353966558752
-0.783992738471
-0.63924933424
3.16046017795
2.67980206054
2.27907941078
-0.858844342481
0.262331230276
-0.658473126415
0.633542944425
-0.543621026873
3.83717787031
-0.157472918335
-0.815835486326
3.20176242549
-0.716672700608
-0.990121713868
1.35597599706
1.55643951182
-0.194178644632
-0.68890354515
1.74017152567
-0.690651958268
2.77345490052
-0.247604754758
2.47709732365
-0.437603209269
1.93515449753
2.15612360687
-1.52561802516
-0.6646537622
-0.836187609726
-0.687432361136
0.422765136763
-0.534729448712
-1.49243860011
-0.795589092191
-0.360351819797
-0.0604641866084
-0.726690366739
-0.502116459362
0.679459989389
-1.37039106709
1.30271172241
-0.943706617099
-0.248973056232
1.74832629843
-0.774597060544
-0.760528312977
0.726027959357
-0.439933022983
-0.852950891028
-0.522620300911
0.971299419576
-0.665509464211
1.06339048094
-1.2950461672
-1.55245121523
-1.49643239537
0.55148267146
-1.10103191363
-1.98031406191
-1.27285260919
4.08179800665
-0.356303728131
0.576355248908
1.2100283224
-1.62596138035
0.155860398552
1.39077062601
-1.78931615221
-0.469003760858
0.553771795468
-1.4022352279
-1.25926292334
1.21182340123
-0.72075852095
-1.10326692219
-0.916689633916
-1.45875881957
-1.20934338448
-1.99350922961
0.37438883484
1.49117217595
0.60710959645
-0.884241342357
1.38496571831
-0.355911235486
0.460078642035
2.31264453225
-0.218797801561
-1.17773755042
1.87043949552
-1.646270572
0.393821525894
-0.574126459932
0.38746141972
-0.630677009586
1.84725635987
-1.4196861393
-1.18421006426
-1.84527305577
-0.82407140704
1.33223703252
-0.701051168354
-1.78665763809
-0.908307775861
0.560784535496
-0.631215123424
-0.58367979853
-0.947368725199
-1.68325977239
-0.793440400435
-1.19253058199
-0.596480164548
-0.508559191377
-0.075776408089
-0.581848374079
-0.454891244931
2.40952143714
-1.5133966766
0.580469112774
0.987482071782
-0.306603884494
-0.915359374897
-1.2188156392
-0.645234226328
-1.02558132754
-0.322216962803
-0.432170925044
2.41336703076
-1.29222918004
-0.679959860106
-0.668261041626
-0.328564957748
-0.376347413704
-0.558989304895
0.830086998592
-0.415827412768
-0.780893037908
-0.253958077257
-0.1628276159
-0.0214173149133
-0.223072053114
-0.259256618477
-0.357053064351
1.83574319517
-0.515314647749
-0.337995096865
-0.126961824139
-0.36067681491
2.2978583129
-0.510032002286
-0.471741939865
-0.143044099014
-0.131302067975
-0.184127215896
-0.564867640728
-0.381574274138
1.80402150473
1.38032459809
-0.898365677667
-1.21526865738
1.5290953555
-0.821067944572
0.523353663927
-0.639372601782
-0.603267385182
-0.163009086747
-0.807889210164
-0.561959431459
-1.26031653721
-1.35471786561
2.0132038407
2.19537806944
-0.345905543612
1.40039925411
-1.22629335852
1.58316099237
1.60487459103
-0.317890048331
-0.407217569286
-0.435087291714
-0.979448291505
-0.68888167058
-0.893965390377
-0.523306574708
-0.522472015867
-0.642300703586
2.06014931831
-0.339808999923
-0.811483674031
-0.477058885199
4.23567716889
-0.0767684343214
-0.429007790895
-0.451673128067
-0.551320561394
2.79530392023
-0.865367231837
-0.403391247733
-0.134769954399
-0.458965043049
1.92682841609
-0.402649032197
2.67567676032
-0.162771797718
-0.322508124509
-0.214391097959
-0.494613926755
-0.356720640152
3.20569357031
-0.823717147167
2.99750246627
-0.671206250462
1.63353911171
-0.426629272912
-1.12217699109
2.41544137384
3.3808415335
-0.0652014123183
-0.476719126221
-0.365686268661
-0.57327277033
3.25175434176
-0.862495515631
-0.735365673526
-0.106193500287
2.28465847805
2.62075149529
1.98159932548
-0.760466528666
-0.166494058235
-0.277530911393
-0.3218992809
-0.647897780467
-0.587911992893
-1.89561971986
0.602966573677
-1.37106880023
0.0457149836487
-2.45138715187
1.31117001132
-2.44049098596
-0.943495854615
-0.830784106821
2.60148985903
-0.842326073406
-0.839460675651
-1.33446222127
0.449093221996
0.80143633641
-1.20242735928
3.88651303856
-1.07647945538
-1.61716017996
-1.1707143676
-1.80845222953
1.79239362624
-0.841755296462
-0.610675054177
-1.28339214659
-0.892994442801
-0.846645095602
-0.398676890377
-0.462510134573
-0.655149552459
1.09745678313
-0.242704481437
-0.90709653746
-0.252899017965
3.01430811312
-0.154886181231
-0.315309042035
-0.217847574505
-0.429932995692
1.65060795833
1.66751227757
-0.383843710304
-0.145105516627
-0.326173832987
-0.545648228415
-0.392342672041
1.25819037642
3.92904157628
-0.180386870762
-0.265240824505
-0.385258833077
-0.258670603101
-0.970766273959
-0.498929263374
-0.348179262443
-0.405413855809
-1.18476035032
-0.276247659436
-0.992075720263
-0.21532038253
-0.207946742497
-0.030414364363
-0.301971240031
-0.25582397323
-0.57428475026
1.46091912518
2.00458265086
-0.280912580078
-0.0839741211573
-0.45305791308
-0.373773933763
-0.344284986193
-0.821931741034
-0.124159002725
-0.250515309511
-0.151764639416
-0.417703473655
-0.280583430923
2.56977673721
-0.192719327473
-0.371724076507
-0.279067128693
2.41966025678
-0.143907262845
-0.522508910049
-0.147382299134
-0.119538192302
-0.00844516292859
-0.23349649922
-0.13150049859
-0.22487767324
-0.399127879266
-0.337209264739
-0.255289718697
-0.0462138281375
-0.189014100032
-0.263088613739
-0.228795226051
-0.277652762828
-0.0749909245761
-0.0619092861477
-0.133558164314
-0.341937148917
-0.279959907732
-1.07163762574
-0.447682563909
-0.47062957165
-0.797278957061
-1.32013115457
-0.393002788711
-1.05257887377
2.50681722397
-0.356420809892
-0.0376597696847
-0.350546758519
5.11124662923
-0.586155553996
-1.46104922865
-0.873970594128
-0.377872321625
-0.118659489145
-0.316106412192
-0.727207135506
2.67841240967
-0.742458051295
-0.230629965673
-0.197957139461
-0.281011774698
-0.945830077515
-0.764039292232
-0.865261454891
-0.476208440524
-0.372542874489
-0.472949913121
-0.984159360022
-0.228353608889
-0.824130806298
-0.343090836475
5.14328317372
-0.0302156204585
-0.335827478542
-0.320248371636
-0.596548844662
-0.731564136049
-0.734002737613
-0.400565608099
-0.0889707814402
-0.391230216888
-0.46351307977
-0.328837280187
2.65775419489
-0.139549813528
-0.294766498154
-0.215559843854
-0.52136445352
4.09505699183
