0.45278214965661512
0.20406216677499767
0.45387747359223141
0.098158524172189177
0.34074319811307008
-0.057181157764866597
0.33681960067634031
0.018703059724915705
-0.47779022142739863
-0.12411439873684965
0.39859572240206542
-0.070998511760060723
-0.30042913953181605
-0.19690528698821264
0.038299796840525757
0.41023521554028408
0.025292524432422692
-0.19316962299324358
-0.4655304754565161
0.21533512976235991
0.26871599622428122
-0.44048396197642881
0.12709853108116886
-0.23481058097627755
-0.18765599330585919
0.022694779016024014
-0.091373866929692127
0.39293202883286704
0.073771104628533424
0.067888671171214998
-0.10549935453653536
0.19159130311497763
0.069323663878234076
-0.15678123659198812
0.094935735186864045
-0.22605376002273803
-0.45189997047897557
0.33808906449354703
-0.39745861345444122
0.2282746282863517
-0.059500911164552084
0.49719196453154824
0.06246796622428763
-0.034146224236519973
-0.080990627217567945
-0.28839808593127658
-0.26423265087968484
-0.18594100649911899
0.36985657887215317
-0.24815128592024865
0.46964762696938767
-0.19666754299936035
-0.12600529944132616
-0.15163172554776805
0.20084001364349346
0.11438894317789083
0.259166107658379
0.29905853975982444
-0.28438455403526508
0.39355974830145324
0.39969770267759275
0.43911360897846707
-0.22606607609122942
-0.022936505752827019
-0.24642041306629153
-0.1379029279495384
0.027000281131529968
-0.11908183959325469
0.32338748526305394
-0.18550800452123289
0.16319187455160911
0.14748765202574565
-0.029665104901797912
0.21798504601819169
-0.48092416285880935
-0.021296248721136002
0.4892946492810496
0.47741668690268491
-0.0019583712651106144
-0.4591191591517565
-0.36621246018091758
0.43489754860661967
-0.4824601815528255
-0.43890613282987329
0.0072902950370421493
-0.12297695734541714
-0.39740252113199664
0.0051909127136882116
-0.27018399784890224
-0.30624421424985382
0.040585077004430259
0.41058731648634261
0.081019454012104863
-0.29485431918054739
0.38396247274708573
-0.21430734052385869
-0.35163700242554602
0.4758314162553301
-0.23184552075585391
-0.35670058096028479
0.35707956375100802
-0.37662717077718438
0.42876516718231383
0.059730925935894796
-0.32233014659206133
0.11521488493072429
-0.15649104739723824
-0.14059601370274744
-0.080450977797720091
0.29275624792327726
-0.16446135722029698
0.38398251863725064
-0.039929521386845079
-0.49956742843889568
0.23559639832568102
-0.072116263084911203
-0.4950225163507701
0.46674764760602605
0.16861455510851708
0.39694462768508987
-0.29685930671799093
0.058033126873948238
0.21074017984944171
-0.018835525649277318
0.22896281206793645
0.10463064999693183
0.48822073180786218
0.40445678237789762
0.023734713394571449
-0.08999180314209998
-0.20567145373231449
-0.133471488697744
-0.23209299811240919
-0.1017695921327284
0.39220580489313783
-0.27334032026383503
-0.14055821212220615
-0.32765925113232719
0.057380986873087236
-0.095731835048562641
0.47746894707693466
0.13836239371233072
0.4696778005007699
-0.18604325392951232
-0.09392072843676702
0.18668022429051567
-0.3414379874960759
0.27449990018542469
-0.19487745758872987
-0.25487290469135471
-0.18126289015248515
0.17453677363131359
-0.10135850467157198
0.457815633602075
-0.31437802584744301
-0.066478349117092161
0.17320546961643701
-0.051009285085902911
0.074286381258935386
0.39921609647878387
0.34327411353352344
-0.13546302800603482
-0.22125796046290214
-0.24792121407930057
-0.25761782567871361
-0.49387979368149687
0.30244616491934184
0.44859336375535463
-0.023092795682403189
-0.15012112618946266
-0.00018252791164002913
-0.17681995281010865
-0.089465491740709946
-0.1219614987485072
-0.21420247223927091
-0.46181927369963249
-0.48284133768369231
0.48776925195885878
-0.42268280761125815
-0.30534689268265175
-0.052404781814584744
-0.37418839786155034
0.31623623749998153
-0.19766945421610954
-0.47267019155785628
0.45318468909725373
0.14315609128248374
-0.34642887939229183
0.3496682731199463
-0.30085032960091573
0.43621753992851731
-0.48406407852410993
-0.050387019972825298
-0.11692175381164177
-0.08988284345891101
0.40939983320117423
0.28672905647691505
-0.36845785581269008
-0.10025485443250726
0.31977348932446148
-0.30491374477701461
0.41859905498211814
0.24274062184635981
-0.49310253296602097
0.33831130865551051
-0.1628527195678412
-0.43553091481918882
0.24551761356793012
-0.11350775561240212
-0.28097050921519229
-0.41389295663624959
0.29765929612372233
0.49597549063982638
-0.28729275263736964
0.29386277499333902
-0.082589985294501567
0.37631806529558842
0.019462985367110774
-0.38476425771379097
-0.35132360326427747
0.10587569905570293
0.34333171342626467
-0.33056127808301222
-0.26235023278778091
0.3580925718894219
0.19790559505476013
0.27900186488917278
-0.13032899857759622
0.15698861333696212
0.091096202431493078
-0.3868237483040517
-0.18436991582748791
0.24950366059760709
0.42065073658583063
0.16884695812780559
0.26660588761288739
-0.1476100660661383
0.28000176586949022
0.3452881392158732
0.17926664995240127
0.032565555600558405
-0.048900217436015414
0.14851658336160334
0.43376218139287948
-0.43982830325648198
0.46716109891276958
-0.17527781825032734
0.004741534608600162
-0.1226523139404217
-0.046246597143674517
0.29287442242996509
-0.4397357062763938
0.3732188470883272
0.13771956709883904
-0.094140843589540002
0.022769697058996785
-0.34169298377771595
0.49462177967288556
-0.31689397362979105
-0.26905607684803773
0.26920749278480716
0.39650249423636252
0.49639759519885518
0.092945812508740122
-0.39959557969488119
0.48721654208400811
0.24731725863145038
-0.0065019188150438056
0.24101355557669157
-0.44363780731342467
0.4400651181798565
-0.32682219440268673
0.17398302054194481
-0.21577588323288349
0.036009856037772958
-0.21492898012845935
0.26994171340801409
-0.18462650503577049
0.23826975738354139
0.055600863079158791
-0.46648152258905412
0.10030194719139274
0.39569373179171374
0.16428437632570503
-0.28552146758122654
-0.34394318663273582
0.18047109168096165
0.35758295515628913
0.15050447532178013
0.065636473750965485
0.10060454187823686
0.17630325017077897
-0.42005739984204427
0.32266266219511075
-0.039141219571187769
-0.371291270546527
-0.37014282102143076
0.17311007025046954
0.27025071591680128
0.11509535473051347
-0.11475291978535085
0.24212312128476299
0.17026985050560373
0.33335372707865973
0.017195936370667519
-0.24141979312354378
0.34786183014908467
-0.35111575654864702
-0.11375728950912328
0.41939836210086157
0.090291130782733875
0.1079925015797788
-0.0091251549917391594
-0.4317558902734781
0.31621608518368738
-0.32549324698448728
0.29746745198066948
-0.057834341395387512
-0.41209202471250439
-0.45077635585092246
-0.22101035931068858
0.17644790175349379
-0.062057776812539045
-0.087933628043716516
0.088631467371123929
-0.053553134324379636
0.18598986574565535
0.00083452235713799006
-0.4353087410071978
0.49321985559502624
-0.40331448689290683
-0.19908543330991046
-0.26024521529579525
-0.49620064655235185
-0.15697238600822461
-0.44955768940389162
0.4909542942260019
0.29512835233301871
-0.15755007794264408
0.19174006307417724
0.071110499206571864
0.14569148279150657
0.38569436596972551
0.035173496442721941
0.22215827152847933
0.043878498433115865
-0.14332336327042872
0.49433270196260426
-0.30194100289911008
-0.071355184977905384
0.15104059554537685
0.45770643125568522
-0.2040219280111214
0.43750571362245094
-0.38764292817548912
-0.13670600730929056
-0.41092159088757807
0.40966414866534051
0.093079168379233468
-0.12449070402365897
-0.25594339014897133
-0.40025158271746308
0.013724026905796327
-0.49933523091291154
0.04686130500314345
0.21405484367091132
0.4254463101882815
0.3448666832695324
-0.34555291031975538
0.26676861287848597
-0.23745534402663437
0.055109933713908266
-0.32560279283044996
0.091536418171019762
-0.34597947538633611
0.13900365350027544
-0.27926093717462108
0.42177360445452083
0.14982366514892609
-0.4915684896791136
-0.25174749830468657
0.3282494416277385
0.015583568107952805
-0.15603087078813754
-0.24546605265922705
0.30305532792399903
0.30084782060632853
0.20950280332006888
-0.34592838764951817
-0.4287611869203819
0.020701714285581208
-0.034767473404465621
-0.037791265073406299
-0.167872722889437
-0.050329614156163105
-0.027561801244602946
-0.13779771292303095
0.11425907459489015
-0.2299129659340125
-0.015792064693924912
-0.098083820853474002
0.085512593666654979
0.035944392124055868
-0.36789781450167874
0.10219878211301858
0.28926665398567919
-0.14244011203841606
-0.42884535256752421
0.49136997851952025
0.005973953197742965
0.15726913416373445
-0.48122015327003076
-0.12135769883502601
-0.47869471980021233
-0.25939677861774613
-0.49811853753292668
0.053039999018681727
0.11647093905889716
0.17382789046335956
0.15188225835349856
-0.13216291368196348
0.42686080960445594
0.13783530342154116
0.34505659274419931
0.13732457747376958
0.11446558945394092
0.28707058368091332
0.14409815633417766
0.24438995104062822
0.18492072606847088
0.049705305508511155
-0.49085236878686489
0.48008131344912874
-0.064777247678045102
-0.2437280207307686
0.4495025381572787
0.49404835896674748
0.28508843719889942
0.24778170578209135
-0.098119458117146285
0.21660465829333841
0.33395876217113951
0.40583339424288567
-0.2340118233429192
0.46124845428236128
-0.027041977120947636
0.28219221529910421
0.39264119561026967
-0.39831155805621132
-0.36042372019579116
-0.28070680763531064
0.419246289861397
0.19818582669079354
0.40862111273860613
-0.38889765402593068
0.37874841909046009
0.3203832843535116
0.10532787744411998
0.32881904408312701
0.048174136177734694
0.49015580844919227
0.41300241031185325
-0.0091274581616220818
-0.48869055259306859
-0.39880074368861695
-0.41840627102810141
0.28669918723198495
-0.28297588030512377
-0.061286670512441133
0.3487483043287275
-0.12591964032358544
0.15316839696841311
-0.14424456690427573
0.24238428156250502
0.17121233854306117
0.16149075319128348
0.042598661598025056
0.16698473109847989
0.43489934685670439
-0.16053338248310717
-0.15498447232457346
0.011317072404951833
-0.24892097739816849
-0.48542383790646387
0.18764491284818097
-0.41760500870365058
0.096130837766348898
-0.32270590584557901
-0.46638141229584834
0.10347742406892124
0.0011939559657788701
-0.32632083403640499
-0.21473231983276803
-0.31004283460899312
-0.15906097629740051
0.25296015334193744
0.3666613000655633
0.2882490488631031
0.42283559561313855
0.045489223838293569
-0.37731682886458734
0.35978824670366816
-0.46208782101356
-0.015046118404044961
-0.20681246452324692
-0.32401528312842465
0.13792350593502334
-0.19739907269742168
0.41189275179215445
-0.11793043323532598
0.46767569495239891
-0.076553612326080933
0.25570262927454124
-0.49500925520805084
0.26808632895261519
-0.19338788571345189
0.021252693892467978
-0.33854384061350129
0.2007946121594536
-0.39729775024309305
0.018316190970781521
-0.44636666415706056
-0.38375306042642932
0.19885526786246766
-0.3425501008000294
-0.33999138548535035
0.46196618697465852
-0.14161263477448921
-0.45639060570127998
-0.42898719842163707
-0.055704909390736801
0.26123989287934157
0.30851941002887695
-0.39885621796389087
0.45157711499348774
0.46195111363019614
0.16672727493422668
-0.060720601257244322
0.12132945365679282
-0.21325416125626939
-0.44327291959955645
-0.24275002175051047
0.28484327209003513
0.24502758442810746
-0.13886007769617897
-0.10789190392150894
0.31071821456514737
-0.33016279647174918
0.062959241370275087
-0.26211035028745755
0.355829729350993
-0.44520146124932791
0.053609302443046292
-0.089103480463962492
0.42054248873258993
0.32066501160028715
-0.34938914457571507
-0.34492496297583519
-0.44246481450637876
0.027897018402261109
0.37773389664672719
-0.22435743060373775
-0.36911494504099757
-0.34204101801009823
0.38566605884850669
0.31410470658466672
-0.12896294110536205
0.3493156968872696
0.15054888160865099
-0.28260100904671692
-0.17225801479119968
-0.073075744216750615
-0.027351077917533717
0.31412970671904916
0.30672467527401492
-0.13773775478937644
-0.021858160840183438
0.42480632320245437
-0.062021300181009043
0.0085417316727381953
0.061800129342718391
0.12418557551055498
0.42878835075908928
-0.29246539876400623
-0.33970238718349921
0.34092287830323009
-0.27623119912236926
0.31629351568687902
0.43418881573034951
0.44635282218704531
-0.26290454466919078
-0.12951513147108767
-0.48985036043365138
-0.25685832501125511
0.343136090731191
-0.37136143377748598
0.23632972792735896
0.2237035815385876
0.26195002614353224
-0.3073842852749008
-0.48338721448237471
0.095962788551972711
0.49224274583249794
-0.48732959857705888
-0.066164627875630877
0.27207035055076345
0.37093920887036436
0.084613187886006025
-0.20067915155886129
-0.49908994591655081
0.39021184042009105
-0.45401461395940368
-0.15985765696456322
-0.11230787628192157
-0.14182159117573989
-0.36627061368533287
0.49818260786443269
0.24166301812206969
0.10362882883298663
0.34796746131905776
-0.32578492203003684
-0.30202466764320607
-0.057789469754250589
-0.39561309580931925
0.37667865221368113
0.48875101032380042
-0.2579129827174127
-0.29809783214399455
-0.014226922585108492
0.39267302786653913
0.10242693103626854
-0.35690738326189586
-0.20183627870405935
-0.026675987335155527
0.015179073929833531
0.37257070423580496
0.030039643971665808
0.49406622615012941
-0.39301305346321197
0.14755241203568814
0.43068813895779656
-0.19886026620427161
-0.13323908630788417
-0.036431866865073992
0.34903646042091319
0.45491378889439849
-0.18158959861070639
0.4957163505446085
0.37713886832540333
-0.053850800743454552
-0.4869340860820075
-0.26600692006375992
-0.098890607024646304
-0.33908735740590834
-0.15161863686171956
-0.46833419407164284
0.35034352605873897
0.48241130936066279
-0.42434437535640313
-0.13350268647489033
-0.047287689960280321
0.31323303204944331
-0.36299757342675865
-0.12408608795620557
0.060607423925594039
-0.44098556322813631
-0.22998188455454271
-0.40970011149626095
0.21102403560467886
0.42491522690756189
0.087964552617698533
0.40587450834790118
0.49180735480495708
-0.35133107235002214
0.026392836162365652
0.076383993593436283
-0.32375919596273373
-0.46830058337056629
-0.37343239087662927
0.19325502332268807
-0.051544908008928414
-0.24223403845897862
0.22964319532315436
0.24864933011721513
0.23495971697343832
-0.37678653485614172
-0.17481334896358208
0.045180026323637934
0.40494796704860814
0.27369967711267662
0.36543057340340479
-0.38905665955654489
-0.23332407017422169
0.17908507892989545
0.14130236175597821
-0.25018061195217789
-0.25484086158101338
-0.09844090146990836
0.20684955196386678
0.17504647218040847
-0.18058726534577574
-0.33497554256215301
-0.4812631026392129
0.44882817547110543
-0.076628488530608552
0.28544909946333719
0.16891858671906268
0.44466629584740813
0.4137964147258606
0.30981951603239954
0.45295524162191236
-0.31791001681494324
-0.19573382599211964
0.39853283006150786
-0.22495341896125681
-0.043592328323576457
0.0030534621861121325
0.0066651191923458031
0.13570769807569083
-0.22949188398536102
0.21058074407531147
0.49000878479896182
0.13760926827001074
0.059817858546167613
0.42741533425757272
-0.3563917241838625
0.0097567274431202833
0.037770255324020785
-0.02043072615543795
0.49851747550877534
0.064363833631795542
-0.39718697413686543
-0.11408189942005625
-0.48290545009115182
-0.49711639908115784
-0.4028411592275945
-0.23430024293723489
-0.075507959369927824
-0.068800971866066374
0.025359945883614121
0.48948625413109281
-0.030366177285964024
0.21975743552264315
0.43614457126410355
-0.067819466670602679
-0.34533514671566462
0.189196536159981
-0.26230414849541328
-0.1575393018347605
0.091835874130932083
-0.14251146355404876
0.4546121905681636
-0.052955508758788683
0.12742135580145919
0.028297111056908908
-0.2534409057422804
0.33428982929306073
-0.24416876789303155
0.20413762457523221
0.31480182091714493
-0.16844837710551863
0.034050264987414702
-0.068565756680851742
-0.26232105347458212
-0.47687341987742626
-0.30073689819164773
-0.25377748930988009
0.27724544797932726
-0.024898929690019722
0.10339415269794294
0.072571896975200056
-0.20163803869232572
-0.33044623215274205
0.088416443724310345
-0.17658518605929491
0.19441006618957124
-0.028154962856679067
0.19705391624145374
0.4340194282704597
-0.10239664581624647
0.037041245491926444
0.27411162430381375
0.3602841190735443
0.38650204041110359
0.032068966422188039
-0.10409250991730318
-0.18623714845008732
-0.012860155286467279
0.4759500021532489
-0.12008402168214921
-0.11942950407064074
-0.11563969628975268
-0.06538334448456079
0.36057762212632238
-0.44743442393589172
-0.041285367281647001
-0.083182046229228757
-0.24540923779181312
-0.49919353556769219
-0.077744445827128417
-0.47325898426761281
-0.46282325868675733
0.18292637052894878
0.39195458958881246
0.42117530205443099
-0.28441210877322387
0.45294870064995629
0.19014879602892421
-0.22177455017410264
0.42541450230678357
-0.33699225321494519
-0.20654355780220424
0.12831869350208414
0.18907810539632885
-0.41421748760998389
0.21419907890100687
-0.094164512362957475
0.27761058482409662
-0.19816312044215612
-0.21459125522904926
0.17620686781827211
0.17301131494566746
0.12580040386868951
-0.40205101238676588
-0.26564499073544556
0.081833084911606568
0.0086012417647599593
0.043921104210212336
-0.074729598069902425
-0.035035344155424586
-0.23553923180124292
0.388947830052919
-0.088006159881643897
-0.4694378691900658
0.054115853177632012
0.22648990692631377
-0.13467907340458563
-0.082346113721051051
-0.094806801183339839
-0.017223625074477888
0.23965190333605757
-0.31396672874065557
-0.040886093258362233
-0.25503697712754081
0.45461331434641028
0.33067878520521576
0.41405566978441533
-0.31367990251263222
0.034584776475085399
0.41144520710445764
-0.13407257414467427
-0.38392473217185763
-0.35955565039395598
-0.19715848674192665
-0.1491821437688341
0.14547630658904109
-0.24992982357561383
-0.23866773131275082
0.3811814788097837
0.3396974179374993
0.12217899541784194
0.26553039101813003
0.22594801704890277
0.065861846474562502
0.25835254113453843
0.32734081222127231
-0.35205324273353111
0.44297001755615806
-0.25147640494958845
0.49103272863116543
0.18504615462071361
-0.47861428544141493
-0.46058058061521095
-0.29856471363264658
0.46881428012889681
0.439802995445987
-0.40820578087911696
0.27661865767585181
-0.39215655040597935
0.065657865889403033
0.26360109516981167
-0.097178956738484923
-0.49822420909303916
0.2504317477716872
0.0089284781760470278
-0.16736793773127662
0.33099477341730676
-0.45358561389436836
-0.1874350133473443
0.30264167850353552
-0.16995830119723948
-0.38529917585426648
0.1862625519113843
-0.10046398742737223
-0.45133652865271506
0.49949866956834899
0.23011888554868543
0.044682523686402464
0.18609416329627948
0.40832474215202008
-0.3322329096710343
-0.036262906637890113
0.23023229890516861
-0.47926172209442125
-0.22473664516751246
-0.28932238918278219
-0.3225980298742776
0.07584086008829638
-0.36829843813237051
0.16768748926537924
-0.29464807791246467
-0.1152009309154795
0.34199910045869653
0.3045446606077683
0.018084482130790502
0.1313353229842904
-0.063159967464056666
0.38079008085084853
-0.42645991572951381
0.47273805418687243
0.38413792621423248
-0.22213446737325121
0.12617352151890127
0.0011485448456169944
-0.096320717124468436
0.027356985021671831
0.11768637049987984
-0.070133167929630424
-0.445098156190599
-0.3694340003493537
-0.44720491591133971
0.24238152315590256
0.49259268138616485
-0.1763203866722477
0.43222958818158763
-0.14382053049320331
0.1102297739371455
0.15583750255342999
-0.26239782830713676
0.1554968889341054
0.44327407064435265
0.34565312641560864
-0.080555998932367423
-0.09615178589011153
-0.48187484925205937
-0.34672256400153006
0.38957022687728748
-0.17293899297794829
-0.022452065114542397
0.01972152612725675
0.17551138462359173
-0.30329489464720605
0.074426201897317412
0.2096844065542901
0.028568220989028004
-0.23434840902521781
0.13206510581526887
-0.41378705140665539
-0.42147954354760886
0.034950057117830946
-0.34795855323945635
-0.27209155212081626
-0.29756598831163306
-0.27560971130779199
-0.28866187265011678
0.36669987294868645
-0.1951670425569148
0.2936737484254851
-0.17334167074210594
0.19951870656979032
0.26389971455479888
0.0085459542543735445
0.082360295953367801
-0.010543128618089259
0.31505036184021673
0.4782993498957977
-0.35753823510001204
-0.27520650561070903
-0.29020997410709276
0.052118446493025994
-0.020824351445051736
0.26633401119343891
-0.0057239907914223842
0.23703538199055041
0.078627022335272412
-0.11134642621158003
0.46198549815309997
0.46913292156824959
-0.40053723362997229
0.39861798657826697
-0.45097775150210662
0.13199789321586297
0.25549762363371542
-0.11606681641679562
0.05957852917889328
-0.23045876269949117
-0.42512723330773849
0.38070082790283855
-0.32765522265892005
0.083063886089391303
0.040716769165233924
-0.091766366302273084
-0.29161981956441085
0.27310903466892755
0.26329122804654015
-0.25027859902440247
0.3822263289259169
-0.40333281715948938
-0.080621677055672025
-0.47475371471006472
-0.14869966125899164
0.42391985445533953
-0.15789370056296048
-0.042912514621257392
0.2397042234328719
-0.20721527451947369
0.37045896534567413
-0.33504754236059592
0.35709338819604541
-0.055320774748614465
0.12928500024132905
-0.21559011944697726
0.23035972480395206
0.31165125265363947
0.077431697015095557
-0.30537384993010663
0.42860341154261539
0.066401943407999653
-0.34448714360317878
0.32659470913211663
-0.0037124926356374433
0.40483217635503643
0.41568645417020755
0.49989122238709072
0.12013952317591137
-0.080651939143644102
0.096340255175488942
0.21555620990535551
-0.42909711932636269
-0.11608672726494068
0.039130629471085254
-0.031618871874870003
0.19102746664098735
-0.12639501200956416
0.074347972395355622
0.058247377404311074
-0.015586216300331801
0.021412094807405024
0.16721520785983157
0.45400318804679995
-0.044298350673004139
0.28081560523814786
0.021749216354475465
-0.21051878746651281
-0.39662379640763201
-0.25733891028819189
0.061570529428262466
-0.14558110410416297
-0.03290287395428837
0.039685883718173498
0.15216032015616621
0.011838637511181971
0.14713139754116777
0.063607608844425623
0.016767909005116155
-0.24310695278695393
0.17911185796322271
-0.012863841894418582
-0.12972647528038256
-0.23047742739699401
-0.41998257142726908
-0.1777434425917237
-0.12973786979451218
0.12316958681135914
-0.022641417542726971
-0.42273774386778118
0.12836901383896604
0.17784620629102144
-0.32579174082410434
0.10504522640054104
0.38395308092522518
-0.17121255736393259
0.29783137360400391
0.36502049676874004
0.29670365807599319
-0.41933344475490308
-0.17647881669851023
-0.33767284024400779
0.45528646501296599
0.40966735664243015
0.019714110599494461
-0.38187609433724651
0.13593983983824365
0.30337248367372704
-0.164050068454131
-0.047995925589552457
0.1269519414979966
0.17245418171395621
-0.36689090668853686
0.009118739299780243
-0.24594407151944936
0.22627761242905653
-0.085420988733641956
-0.27283083242725559
0.48803964871131589
-0.047441011908340103
0.17846034242102216
-0.21178609796615827
-0.031279869001240523
-0.39538037416410465
-0.19551306904196836
0.066744030520372366
-0.22373055282597554
-0.42717175160199028
-0.30123346208772217
-0.29175297718592008
0.17571664946535615
0.38530748308694884
0.38306946547696052
0.31115368729341109
0.28630927946832752
0.30647372057613642
0.16917906581172915
-0.040907673558636504
-0.09075873931676115
0.37860326814758027
-0.18513567835515476
0.092193524475521094
-0.25533437529268249
-0.12206935978546879
-0.18509399942280241
-0.40425745308855371
-0.072611076122307328
-0.4065581603340474
-0.1792664849771789
-0.38695723831274059
-0.37306098344250049
0.010928642171378788
-0.0208840963231261
0.20936609687168595
-0.39734877756218145
-0.38652484109458218
-0.37783159845542447
-0.02871183431747576
0.29920198961583178
0.0067570434665544798
0.15652491441489458
-0.0063910897387704502
-0.20126056321632374
0.18744269783704526
0.13729706067711633
-0.17169986118730035
-0.3721576195366465
0.45952514018360091
-0.33930766145019026
-0.40503355630127474
-0.21027849951499311
-0.28929297598817283
0.018188146950312567
0.33608050412176771
-0.12366690706027345
-0.39560003790196935
0.35709225867743866
-0.341199185606468
0.2633186111889132
-0.033515282062567653
0.12435448959556861
-0.48258986678720472
-0.373012070381605
-0.34922244977766037
-0.31673433733404044
-0.13555652319770023
0.10958538072162693
-0.11569832269267177
0.041937268059100363
0.4424333831734385
-0.4712900047251008
0.40293352105855573
-0.24410076292301586
0.25693633735083465
-0.038509200687256884
0.004917401972067359
-0.41028605024994891
-0.48100954576395094
0.094181691386415411
0.29719691198444598
0.07156384979638919
-0.23185030273529633
0.23449112792777937
0.22532127194150997
-0.43801298307578884
-0.14212844119488593
0.27768834741016934
-0.0098122667989744561
-0.40481464269195361
0.37079016170908496
-0.072409246588257092
0.069411432866960165
-0.027753662438765148
-0.1559938777158415
-0.21044813239252463
-0.46422010151827436
-0.15836999642931032
-0.36575537110210909
-0.021905681386053866
-0.44815499451629426
-0.34467709081757569
0.33372561603407658
0.031235683184757668
0.44584872220965699
-0.054572955791982125
0.38839168554583436
0.27788409095316735
-0.018677471285575065
-0.45041828551195323
-0.027891874635642411
0.28201708490043187
0.41429550483692856
0.3369189371120902
0.26840469234685793
-0.28989709858790952
-0.15640131582857858
0.25184266567238001
-0.14369866547357024
0.13828596828021944
0.47787921417867485
0.28566147048019042
0.11018402157691642
0.36361034081604438
0.21003630760005676
0.2137587886337915
-0.02806436977918314
-0.33150668063476485
-0.30064201592086415
0.16830264042688514
0.2282938221897558
-0.021864594901210954
0.41973358630697699
0.06772087185384934
-0.060902120501963808
-0.21289623672925029
0.21664660566513383
-0.10693707704730071
0.074408896467163199
-0.26255190570001652
-0.21363799320720778
-0.28217627911611742
0.18987436114768441
0.11469864004617514
-0.40600339697536358
-0.32286336162139101
-0.049745268154883449
-0.076169630973981273
-0.45218395178431581
0.39256984724987054
-0.3987398394961027
0.41588322730433058
0.13532489766730582
0.074928388567100601
-0.17796819670319858
0.31434001216748531
-0.34309450140723496
-0.23784688607858728
-0.43659509067495922
0.018106039304176647
-0.17890154630973171
-0.19134190124114947
0.030496539583451554
0.087409217964954822
-0.45703047611485065
-0.39715330117240427
-0.34851458304500427
-0.22338846072361535
0.34514228128758317
0.36510308387348367
-0.1172651592559148
0.43001466360403795
-0.2600444288223876
0.33784929704470201
-0.067744344183167937
0.34102751734100722
-0.17534751471719173
0.33517383567020986
0.42072997571132253
0.14277875513503002
-0.36308678249084958
-0.12145517549427426
0.34966510350610114
0.21213231975762481
0.43846568960089782
0.19824475056692836
0.24091934491144962
0.27305280852870495
-0.44496863777941686
-0.30812489263397513
0.38008302189564835
0.43950239695961602
-0.4288160406275503
-0.43440380628604258
-0.13385691190810978
0.063090787978517526
-0.39185012945622444
0.34364199771262938
-0.40304975379600061
-0.14959363545002508
-0.41075969107200616
0.39644363747166556
0.34999323666454718
-0.0051834149389088924
-0.38403598309595244
-0.16252316495372615
0.45119463203402665
-0.047436735560099252
0.11115367048271141
0.27403269220427318
0.24337800868932258
0.27504591966136915
-0.34241747960008695
0.28363465905437579
-0.36118383332311366
-0.014811053305598176
0.3512672148756516
0.041925141899047058
0.12185166916378132
-0.17951686626165758
0.17087263882614778
0.17060793080753067
0.079089831239557373
-0.0050197816469503831
0.49723246408254163
0.057948897044062031
0.1670678118435055
-0.31669437926568389
-0.31291369330998314
-0.39015632655474086
-0.13885838790280519
-0.11244126850287023
-0.025160950642141522
-0.4828047890855674
-0.013414540678846509
0.018832964755932657
0.09030483068182027
-0.099926096071051018
-0.070607368007711835
-0.49522411458720605
-0.37032465327245911
0.049283897843843683
-0.47973846397581993
-0.17625998632396817
-0.10090069584084088
-0.036996631987631368
-0.45608609109625742
0.12393951757422161
-0.25113710394148842
-0.0096116712343582988
0.35214422243151655
-0.084442351200328891
-0.36035539505012948
-0.40424487222867256
0.39226535929770368
-0.11602852920921986
-0.10066121663726602
0.072048970361336839
0.23098943688519635
0.39812086504268229
-0.34506429863839155
-0.49578573491607397
-0.25450256380662589
0.11967413450029907
0.16063282011723778
0.038747127782671531
0.064778473319734853
-0.36338407220002261
0.12737472544136796
0.068734934557981076
-0.35221269291980084
-0.34434135647957703
0.28183751670225277
0.36696927657752565
-0.31365741711958323
-0.23038227958673968
-0.21660615189799903
-0.48370572956773028
-0.068129716973584442
0.32034520308544123
-0.18002538972527288
-0.25270335023094392
0.15454884822334969
0.41689311747571944
0.45399035112587838
-0.082110490874109821
0.44612654789382655
-0.36069941264896166
-0.23442838852850872
0.28650989085059797
0.33178111417912071
-0.38583426192008374
0.13237114057250243
-0.12148351501875626
0.4327365248934576
-0.3060556257815894
-0.42112733874194086
-0.48731286491962983
-0.077351980295109868
-0.2047951452751533
-0.070307187154726447
0.037713086917326
-0.19066412706025065
0.39590820565805362
0.108606541785779
0.4676865517827401
0.20976669493212419
0.4835544870245283
0.10061536898179191
-0.40189788509693325
0.27377555857766445
-0.2278997180106212
-0.32785284623263489
-0.43130123036827189
-0.16333909375026828
-0.21256009499035466
0.22526352558710871
-0.39479260867375515
0.045113055598442364
0.22673403060303743
0.051320689280803244
-0.084147627970242833
0.15185670186767675
-0.30196397754195564
-0.29068313125703321
0.097948113802573511
-0.46143333876945963
0.072251326816947126
-0.37730553896705393
0.17326089263437594
-0.38109350580845142
-0.15625138800744598
0.095657097725349249
-0.11009590283689552
0.38601822207720693
-0.18204244084125876
-0.43337836854189216
0.4809373043372539
0.13303434672179948
0.27585872772678599
0.47132422572164001
-0.0649378933685264
0.42206306532415816
0.11122467389536184
0.2983976886937697
0.029423596666192653
0.042399519372322669
0.14532497616342432
0.24074999895172322
-0.091191054054003684
0.12670996854034644
0.48053472240402562
-0.13947784194173218
-0.15894988846866359
0.17249253893676531
-0.016837192233044862
0.42317097713024154
0.38237406222371673
0.48055270326281729
-0.48713178839362509
-0.13155757009697583
-0.1109885024243687
-0.063685470230426033
-0.042053874001712066
-0.035196739528141507
0.22795646419348548
-0.26038647176102003
0.21485190751190841
0.45672930516387944
0.4489487720811125
0.25787899232422429
-0.031692963902165749
0.14104014708649182
0.098987016700588404
0.49519308580568866
0.089357788077164213
-0.40736028405013985
-0.49276459189587191
0.25106537281864505
-0.31520116119650421
-0.17264856151292729
0.45600326123094936
-0.14953096537349331
-0.063460614579058716
-0.45199857061002813
0.39247673398136229
0.17255507567633832
-0.085531028827607936
0.093321869658994139
0.4191587338832411
-0.252797574292984
0.4738948155299274
0.043700206797926411
0.074797670789284454
0.024531894810086441
0.078011811777052742
-0.17280186434137468
0.39180651115452414
-0.36464043200814578
0.032289127597255218
-0.40308201169944102
-0.29116700617583602
0.47237746636083888
0.11958321505359459
0.20421177335999463
0.24574360010546148
0.1648478951725062
-0.044337381454805203
0.39457183630351833
-0.22705381616041403
0.19272304347308689
0.080658828502177427
-0.31132330960037524
0.15805230954566907
-0.32993031689214397
-0.38668872584251984
-0.40092729902241286
0.094682342356261939
-0.47418665868166693
0.21372019920905594
0.39358362822806958
0.19262700020419832
0.071297586647102396
-0.23591171529604482
-0.29416577708095792
-0.094391143215452611
-0.043665898997564678
0.09047582313080671
0.28642357957220932
-0.41024311950064207
-0.17681201590717793
0.26831092125675748
-0.42142025857082732
0.040393177478389775
-0.15805457076160589
0.19575079444911669
0.12634429893247756
0.42534861004967184
0.46359252489909764
0.19989362123751364
-0.041899997746175477
0.45326174754762605
-0.10771843006795495
0.15997443847838533
-0.052496048725821309
0.18394808905736726
0.29562574438620282
0.041270750070073636
-0.2517012209293284
0.12128357905116272
-0.3536794644870721
0.46443771105722009
0.036919297588275501
0.20912597384943998
-0.12232485188752168
0.27871422391582534
-0.00091932472241751384
-0.12841367072292625
-0.48317752010323772
0.40964396098262057
-0.067853508094192438
-0.038991543323984301
-0.13670712449123923
0.08661350440658655
-0.34158811790254251
0.48831813375965483
0.49882343232010018
-0.1480385326994636
-0.11072835878464077
-0.41216452362756828
-0.23877341474239705
-0.14081140586487428
0.22396111618827652
0.26268204567142783
-0.10621697512548922
0.067250875819986899
-0.23366376225647334
0.47740495037482877
0.13887388913278831
-0.076788704780895056
0.28515541266451938
0.19249454021524737
7.7474411372624452e-05
0.018827481561894843
-0.19810930368907415
0.24872455218625045
0.27930368798216187
-0.19939202388163302
0.086581816683199642
-0.14388331946336941
0.059715139539882611
-0.36130089768603724
0.31395180573695991
-0.1437424563086494
-0.28358907319109838
-0.035844698423419363
-0.090405895785216517
-0.12752795751967766
-0.33054837196854159
0.46569723660021256
-0.013525492399307892
-0.46764687413130546
-0.27520051488856828
0.49473485458599031
-0.25311203851097835
-0.096349915050507495
0.38642514095351521
0.23958085012797325
-0.11589267639195361
0.42233499150035025
-0.21401217545201628
-0.28872107474257369
0.31488962551081823
-0.018426140024995596
0.003254478271625838
0.32577423692806096
0.37276244342003828
-0.1782263042428282
-0.073796364922180668
0.29915602003657926
-0.37140815160964225
0.18716932226692506
0.2317341166346758
0.043461349384169234
0.35349161666362294
-0.19266245730200338
-0.24468614182297749
0.12396635184189919
0.051629014487035718
-0.38079128476393953
0.0013623724118736469
-0.2257178636312957
0.38254816691923998
0.13873819269865872
-0.16722361905979283
0.2950060864739269
0.36450025646181561
-0.45025650541626117
-0.34468487296799966
0.04094490441675569
-0.23684147436051389
-0.34360962572918474
0.03835495405802003
0.30659975266198791
-0.01302314754577083
-0.24222763270342074
0.27140196884476209
-0.11440060675751196
-0.3426347152549416
-0.30529026866217024
-0.30964105627396543
-0.36682440356257995
0.34881663296998833
0.27295746336795279
-0.39493562713420843
0.0069179337834961441
-0.23692598846588958
0.1372206506266751
-0.01088658651773583
-0.1685895654588328
-0.071508080897363546
0.39400656568294345
0.15317433096786759
-0.13185273320574648
0.40286733896092097
0.01480149229917449
-0.23794154301868314
0.051348118287138367
-0.28847355131493108
-0.23130098345906408
0.06089884531704004
0.27131774110785556
0.46818549653736607
-0.34869944279018295
-0.052744982470231017
-0.25533628528692776
0.14356433674770497
0.33022579856055023
-0.41961725074380873
0.087141730769558001
-0.14211320767011887
-0.28840680228725346
0.070344785791367159
0.44342884558973872
0.49895219347679975
0.036034268362243438
0.10074525719827332
0.3584691944897026
0.23166697170708284
0.16835442779690357
0.089683957530933722
0.26290369662414625
0.1340942681961016
0.40370751188053156
-0.32392077504411249
-0.066711222113781221
0.44478187197499264
-0.26106300145341843
0.38034044794748623
0.49790295136511098
0.17375431343897163
0.47092209878023195
-0.0033468946030093538
0.24624434388316585
-0.36734005101873879
0.35070652241070033
0.4429833489750522
0.1415757544036087
0.2700494889335171
-0.015371903350561544
-0.083297946126956235
-0.4702297484639536
0.40817967512372422
0.4683491052965042
0.1358550749890628
-0.35619581007342865
-0.039343938555338631
-0.42003290067452842
0.27935729292985589
-0.23726895954081556
0.4497324164880302
-0.25631123053174548
0.13681705749506523
-0.20369055092700156
-0.040751893856228627
0.16559203696261482
0.40539886246923063
0.41598532470360206
0.32617912277584371
0.17719453102924432
0.27709506973072284
-0.25356868216269363
0.35071832217716392
0.11209972969420945
0.35315572162887832
0.45156640172809404
-0.45193481222471876
0.28531507267124934
0.04323205892454296
0.33740344875060468
0.32896116982945856
0.24249888559512545
0.083069171820261523
0.099552591582437899
0.38446546858955744
0.30461448422345472
0.46440034465957014
-0.4175785144499119
0.15046318231925992
0.33025039165164716
-0.22308080881635223
-0.17765414181392297
-0.37887173079541037
-0.13876827995433133
-0.3073779603383443
-0.31392750955185622
-0.062805093185875072
0.088848995428031929
-0.20517511690943324
-0.41941507223472102
-0.073713132647773238
0.4006781422732405
0.20851195095267261
-0.024340126884533908
-0.083140453818738358
0.23531526098830402
-0.078785517386275483
-0.27134910946433799
-0.21281566587959139
-0.39940373771226212
0.31322776394994745
-0.33380717668292553
0.29609116741905073
-0.15409080415365944
-0.18225743650423992
-0.02004558220612418
0.48992816436544429
-0.15649092330983799
0.085115671139320281
-0.26932850208945547
-0.29485100713229273
0.18102400153344478
-0.073896331068562804
0.36898764711004528
0.31250282191969059
0.30391133270707371
-0.20724452828072082
-0.34911292932338889
0.092430035521669507
0.45834483041041463
0.29391269950024068
0.2961583628528347
0.43123324880144487
0.32920331334450859
-0.39448712352066989
-0.12881860884473756
0.11925299618862462
-0.24059382696072534
-0.36067860193179502
0.15359031366174536
0.42550495476517614
-0.15958536003374268
-0.37217053948960344
0.44525041956559464
-0.27453953316237634
0.40858985209155685
0.4629135954055047
-0.05321667946041414
0.26950542566740088
-0.47305333781757702
-0.15154218186156337
-0.47979980862529759
0.46329694427653867
-0.45052739555649907
0.11951834338914724
-0.43956120528435022
-0.22003240218041042
0.44186705265785708
-0.17020693036733608
0.43518248933908421
-0.40451899038155148
0.11466214897166638
0.21926248182969044
-0.091135789645891252
-0.05409268901290043
0.2857050940862137
-0.34719153204689712
-0.025601691027611895
-0.43950784250495084
0.1633410557392837
-0.06780283665396053
0.42293959532835668
-0.18972435983491753
0.084338270278104699
0.0562694608604003
0.23813026320947805
-0.091549834166972099
0.33805366413129478
-0.25229495228857424
0.29978272596599009
0.42308560293543207
0.058700376325544479
-0.048586784226618607
-0.25476584961710724
0.3836663341796368
0.33807872354019342
0.040019836718248492
0.016445328811794058
-0.17804511735111189
0.4692870593940579
0.15784480942632428
-0.087275426664075173
-0.46480190885203698
0.012081615623815156
0.19064996814399171
-0.25165062249309
0.13549276401730248
-0.18457442970354376
-0.26493353396540087
-0.36210350919184475
-0.0061803568031379985
-0.14993384214095223
0.098567214167369466
-0.45047016269444462
-0.24220626513759319
-0.11385302275424647
-0.33058912289232134
-0.28109244831477231
0.042992484254564145
0.022074216098573296
0.104704945668331
0.18379004917189101
0.16751654261609839
0.1688766980591756
-0.2931773096904795
0.17071973413016206
0.4374654429301037
0.44259783686400533
0.050318056045015269
-0.39759012529638016
-0.0074694302095556497
-0.44702571048337086
0.060467381177458757
0.26337060332131135
-0.18054595666267298
-0.24499229036939013
-0.48516734560991753
-0.31828708643673642
-0.26961348119572515
0.10006336765146662
0.43875195450747384
0.054249549799953556
0.38086011425060506
0.31519985697813113
0.048554622561418959
-0.47692202585900012
-0.11648859894666724
-0.00012036820942645798
-0.17273441561052338
0.17777183066217372
0.30663022513425686
-0.097626814911149773
-0.43272065112840929
-0.26277962437492453
-0.16776436021306596
-0.38523915882846171
0.16746915002296536
0.17817203776760837
-0.13406837809284367
0.17983871720359945
-0.021810394176872028
-0.33211304501152217
-0.34433195388877613
-0.040743038570174528
0.33323447105246218
0.033796726873297822
0.30700182057352721
-0.22667262525474047
0.067202899821415141
0.34721095993727358
-0.034617215984668492
0.44940341862389599
-0.17023924638631172
0.097311665061002528
0.19881229150489654
-0.42746373129439952
-0.14802375807803841
-0.23261150151533527
-0.37353351596885287
-0.3302257777513638
0.4564831645832973
-0.094533380607984163
-0.24454499366385218
-0.34904522980779507
0.2192566263637209
-0.20297750533255698
-0.3577059548720008
0.40180930587654617
-0.33194021974832244
-0.46221714900433963
0.39592541041029516
-0.078586880322585151
0.33887307726426319
0.029447831563908622
-0.44267146479605229
-0.038927320577760938
0.33749806762841583
0.14391401189543307
-0.088840991094314092
-0.12410566239282672
0.4700346401329033
-0.022736240190996015
0.37381703535985655
-0.49321361290411592
0.44291091875883493
0.48693856391521528
0.48080441317388956
0.020412903638713065
-0.070815256005715754
-0.045190306390676949
-0.38298173993394835
0.24478127057715438
-0.26335783688569608
-0.41406625678234127
-0.47812936917566234
0.11391904831194732
0.1305506762362556
0.40247908382443398
-0.060524660419779996
0.1919687025985527
0.068966438617491188
-0.12054816940585045
0.45590943825521357
0.031639408610776076
-0.23076605859619354
0.36040222213923445
0.1142335363049537
-0.0083732541463863996
-0.18059433458891228
-0.44723433406441671
-0.054318184339256448
0.32762697749112157
0.12794153738539193
0.37990186848456131
-0.20412080313703329
-0.063869874964045337
0.49065142113843896
0.35838987306033554
0.0049559637988342287
-0.45186494205034716
-0.30363925681847304
-0.44129730213364005
0.22775785625326628
-0.17980515313676398
-0.27877421089814836
-0.37442185995090838
0.19167405024560236
0.24244977323891681
-0.045263969976799379
0.43727029113847105
-0.29280479010847305
0.082066269790544433
-0.24058401057014833
-0.21616860389469528
-0.0091295240339933637
-0.36600402866454712
-0.40971788083897731
0.42474402999616168
0.16771029590487774
0.15933952712268418
0.10397461609203473
0.39618076006562186
0.44746439156282669
0.10911761566786538
0.26266990451430328
-0.08541279922058137
-0.15826529481274926
0.37248116298202494
-0.39940105571668588
-0.40784713055205268
-0.27414348498752183
0.38624695590342784
0.48602331655525366
-0.47041434870322929
0.32621756580361139
-0.0804184501060487
0.058884595772448756
-0.28821787638783081
0.40917443534338271
0.29775343119336339
0.46803365358149884
0.44627439523467116
-0.41567871620378555
0.29237024112020227
0.45514456058040687
-0.22320574175927993
0.25359525891772061
-0.1987832520225925
-0.37672140981523256
0.21713335390369126
0.055391761478656432
0.10361288425123938
-0.050861319194979659
-0.24079514425083626
-0.39050288187339854
0.22672798888721457
0.42113838087258726
-0.33092790292220253
0.098882903421176227
0.35595257629640265
-0.40709293562798354
0.40194225296219865
0.22663209390193528
-0.33175856157400901
-0.42047298854127868
0.10980174489303451
0.18317661355710635
0.47944757502111435
-0.3600392158632485
-0.42887744002405154
-0.22734863699923907
0.33964655060882087
0.091485053025583074
-0.41164834106976866
-0.44686258222533998
-0.42497508293296615
0.4586342310159166
0.11948096367934213
0.12825619868328197
0.26419369093997547
0.47289218089751728
0.0043266382595926745
0.39683815009167356
0.43470404438244958
-0.11681211557876886
-0.4113938648067717
-0.37350193574572088
-0.47688499401803092
0.10246966039375605
-0.30194347326381488
-0.15339573348963825
-0.12182993214889104
-0.085010361029368542
-0.1170802748472643
0.29091665340087303
0.22922820209152905
-0.19819157924786229
0.30258751678181361
-0.098266658148524422
-0.11628975737225844
0.38092535687024265
-0.29688837631265497
-0.22216511867149386
0.1247899374674476
0.15284369503190598
0.4907129013511129
-0.1466155078569365
0.16206529099102152
-0.013808491506000942
-0.47160398382744056
-0.20751498895254228
0.28683524001885297
-0.14239440056719094
0.079052617144251491
-0.048178415381272321
-0.24433483867767036
-0.17769151998278138
-0.033162355999881932
0.33248448711960654
0.10500304604373967
0.28513152434011513
-0.29982833825538052
0.35605129950712278
-0.15299659209569105
0.20809780126148769
0.22755151360657122
0.20749913972385658
0.41090469314887945
-0.42433460603635809
-0.42459171807394419
-0.47463824496737222
-0.43844107109474539
-0.30604589663945475
0.43672269733908342
0.089181681514790445
-0.4873642183180496
0.31259941702105776
-0.27214391276481326
-0.43209927908957974
-0.1573539757851386
-0.3787995905613103
0.33052933273345408
0.43447836307372845
0.31155719068548171
0.31650664450649413
0.46888229038998464
-0.045175122246182808
-0.47998319562988062
0.3416875378900337
0.036901258376918933
0.33734642174287577
0.41706745132021961
0.36755054312488289
0.12474461448354968
-0.46652340669447268
0.48107138400337379
0.012065944365254988
0.43865869174785055
-0.35113926548563479
0.24849341605448649
0.38145071934693664
0.43239516399262712
0.35890394445676532
0.42664111992382758
-0.071643518523869743
0.10759148686451603
0.24952721274431
0.3748387966286314
0.32568364475134293
-0.4483324245588271
-0.23446294118334032
-0.30469579816833592
0.12900615750127564
-0.19918823551560283
0.15215009361315079
-0.091817721764757554
0.36209395483048579
-0.37766867561728512
-0.25760857832612294
-0.4625337541869996
0.048785818501864142
-0.49129476787879711
0.17375772084312346
0.4095176938938716
-0.45482252015256036
-0.33832837679095906
0.10536271279779241
0.0053538702633898483
-0.45630268129748069
-0.1430643157712615
-0.14506354787241321
0.11050335442711057
-0.32358406928812522
-0.35147732418209265
-0.32487279548343806
0.015129363895684644
0.43251924098943417
0.41192352381061181
0.42012672430625342
0.4921217042671121
0.45147735865957961
0.450854476563187
0.21232304438594707
0.45954677195469551
-0.42313403392409987
0.31297632874372339
-0.35297375652947605
0.33726502395086777
0.15880838225876837
0.19396261231147893
0.14048408785967048
0.16974802820429624
-0.20176117204901162
-0.44594392702991864
-0.082149410247705668
0.35544332421771474
0.16650589641480673
0.40628588042587388
-0.1869273544363495
0.054068692101390314
0.47917321059631257
0.0043521048556868225
-0.42051824768408053
0.21813192314379504
0.079187644507597743
-0.025104218872342932
-0.0022025640947613279
-0.064446168841887919
0.21865419472930925
0.18406915432012172
0.11412893749799169
0.17323000403647626
0.34511493317316111
0.014146017427659974
-0.3151700877912112
0.49455530241492807
0.12118226265593479
0.24801449432201883
0.49773352299493023
0.2713068299810325
0.1594249676019529
-0.13222852745259861
0.31129997742257298
0.21001353887143304
-0.25721506377829184
-0.40524829387548339
-0.072634269715898148
-0.46433214196832973
0.32295120289867463
-0.037458660192016546
0.060646336450001503
-0.094803565315795979
-0.16364421568290177
0.36172628245621619
-0.033361938685149972
-0.38038914021895037
-0.20782038147271575
0.27620593382518788
0.44543465686939165
-0.2363842033449482
-0.33192499423980121
-0.29713082805187407
-0.31532142101389504
0.25662539719184552
0.038541328728921243
-0.34350000659518232
-0.062348984175642996
-0.10079724442796062
-0.44500297490138685
0.49638875417883366
0.095097255339313902
-0.3674315664470742
-0.46644220098593592
0.051523219015923383
-0.29407195644825018
-0.39898661354671772
-0.047461812841973983
-0.35544360092944038
-0.46719027574390487
0.35558555706991013
-0.28790549067375693
-0.21103071292745845
0.35629321293707106
0.10231706044910671
0.43196403722281818
0.050142570588646129
0.26758445562163269
0.17488103638322705
-0.35337742185706028
-0.47564898662415234
-0.33168168216254101
-0.31496945096646467
0.25287620122500487
0.041598036279669737
0.27172374072887051
0.11517735336116364
0.14444070742978965
0.37363459661252973
0.34409302340527959
0.47821565535586019
-0.038294353559442273
0.39155530655396331
-0.30693443481895111
0.018375610537392006
0.12402051104158773
0.44453866389109986
0.28519846313528674
0.4093955417599191
-0.083989197449378994
-0.30618327018076846
-0.48974181322425359
-0.20307384146578766
0.14254986029471561
-0.44904098457108643
-0.18987131304947436
0.29271144910427671
0.11964125009073001
0.050424505977136325
-0.017358333869960829
0.36763042527809897
-0.16541305120021282
0.27297083861000726
-0.20760671493054977
0.087418429859622893
0.059464044161041341
-0.12668674912749384
-0.026445402929414885
-0.38798066030966066
0.20053545086133806
-0.021349801819340763
0.35675161565833224
0.29173770431225854
0.012909890727183848
0.051686905988032494
0.31844811277526963
-0.2454411840471985
0.28683502040091546
-0.14843566375441708
-0.3763408341353397
-0.22905289375328858
0.43496447056765442
-0.3069987636495215
-0.34311060144603422
0.27099255570340564
0.28696888499033724
-0.090867959083223371
-0.24758822858154372
0.23340229227041875
0.086717271459859746
0.4758616475167925
0.40436010982098691
0.023021028880247485
0.14198208531606715
0.37380875337484987
-0.44522465589677013
-0.43977920488783723
-0.20770362189022668
0.10163048023992793
0.42200552596331331
-0.1257601808043694
0.1933294107269109
-0.42809871128742466
-0.3501564164210802
-0.25402466785897793
-0.36465337551705868
0.23010566248013686
0.098691587664874736
-0.3000459883461461
-0.28121300469610722
0.47822480381458177
0.36064099951805295
-0.073907866669210176
0.48117124520731946
0.018729352123742826
-0.013711693825259774
-0.040636253404933875
-0.026097141529185741
-0.32458666231225075
0.030845225566196954
0.277194089062476
-0.12935517665234958
0.185610471655972
0.098176215774839926
0.30662378338239016
0.020248382622427674
-0.25791994914058042
-0.37597332380520115
-0.24502666589627264
-0.26837000185409782
0.010710906966228229
0.012935503670670978
-0.21842172931491094
0.33275547650945059
0.11738303903846481
-0.14175232772634444
0.2667964779027564
-0.34436501710027823
0.45406943603187444
0.18684666270248218
0.18854765431584619
-0.12621101219585046
0.14929890682895575
-0.16425767883816983
-0.25212081612960591
0.4731840102861713
-0.35174779003472956
0.3310090567350642
-0.37302358971373284
0.15024088365878085
0.37634868706047808
0.42841205317857545
0.27916694382276319
-0.25332944727720319
-0.17719830737097714
0.26661746445642176
-0.45255708297790415
0.41501749502870999
0.38574778326372616
-0.32679711336224182
-0.24336693190042968
0.22007227783814876
0.034985916901074887
-0.2608709247434613
0.43032792987123836
0.08206860954580919
0.14891101190845879
-0.25834901333618077
0.493935782974946
-0.3542678113311003
-0.17535262802392038
-0.45304387412910346
0.17732282077108152
0.31860382038716295
0.34346122648402888
-0.47933181187917845
-0.392545165157486
0.081706579009609981
0.46086388632588393
-0.30912726086104925
-0.13909388413280899
0.020181954417478387
-0.036180052428774478
0.45599806115021257
-0.46591880146629466
-0.37655113609829743
0.34708165976421623
0.45924757294257124
-0.23295996234035854
-0.34963708465712318
0.10631547543050579
-0.12811639082303505
0.37286617347436402
-0.25017968992091011
-0.37805968350206887
-0.11773056255389391
0.28618775595186874
0.14970156167177417
0.016798715220197269
0.19315959585090869
0.3563069428947967
-0.06798550399847425
0.077442782584064784
-0.12156030868665785
-0.42606685874229616
-0.097714860397239645
0.33594084397459134
0.21104824362705754
-0.48216878360223081
-0.0052024875139717319
0.42547490463324167
0.028398836970383701
0.34643914896926931
0.044000452372463306
0.099658070266493537
-0.48671700467312229
0.15716902020333112
0.4548960148638459
-0.15825689596572695
-0.43545190263796735
0.089053973709518952
-0.10041928148829538
-0.28672654845333334
0.399531878666329
0.12418225407790473
-0.31885471229736317
-0.39134976878950223
-0.15472420196421888
0.3229864197960034
-0.36839299946015069
-0.33528979693680683
-0.49132517631674755
0.27539821313397594
-0.16256768768298951
-0.082218699780584048
0.31246051239966488
-0.14334904771120122
0.4846556392338236
-0.17419714881063103
0.30364896899488403
0.48182491659551707
-0.2365826968877609
-0.36024067204236188
-0.39368687586046491
0.039180981499804868
0.161217809064363
-0.18946468603384847
-0.44607207130341892
-0.47327009816512022
-0.20825217861170719
-0.13547061163219881
0.044051449081425775
0.33717454216845366
-0.33705585903682667
0.26883569558624831
0.14565758008307317
0.46341171623004096
0.058167450409622234
-0.0032463321019679525
0.24627264119045944
0.46850647383036736
0.18361234604616727
-0.19010694890014135
0.06421651485510782
-0.30125060369984646
0.026862044549397779
-0.41593676167598159
0.48480541160943957
-0.16145637573925409
0.18137227916385745
-0.29363695222973746
0.37978365315186846
0.028477166006068755
0.46325208102180526
-0.067243694425959455
0.42768628820527488
0.30247327986131045
0.12929428101971385
-0.3713976772209166
0.37276030367982116
-0.41678990234413288
0.33288872509550238
0.20914246547732041
-0.29946697838144903
0.11262630966076059
-0.095800267700192343
0.11079816720873414
0.33679484289663186
0.27023399906699797
-0.37549438282483061
0.30548426337249479
0.4688813462639162
-0.21520017157834764
0.28371122400255711
0.11808589090159904
0.42743013663330931
-0.13650327353242592
-0.27867934649643572
-0.40874539461259163
-0.14294046341504274
-0.16053423068917089
0.38303259468670781
-0.40587305400456414
0.37815936954574159
0.12237671488452917
0.23608717489140529
0.37719829066011579
0.096268381655304824
-0.18203139589437078
0.022552277466230675
0.2838954195373925
-0.13721866968648028
0.20627461742254027
0.37094194055594776
-0.29779642675021434
0.26019203672503322
0.348936605036133
0.15595569093297879
-0.27331376660426221
0.32669022865786446
0.028229907381581154
0.061524618365047856
0.30928954045133306
-0.43468282696818661
0.054044002624192511
0.3922815741031106
0.31487911470518748
0.17144434866874025
0.32605682661122282
0.039016331973454665
-0.36118509899401063
0.30430989219328364
-0.3031031505846058
0.22096556373390197
-0.34370514151594794
0.025305991854698506
-0.46995836525016077
0.27166431940761004
0.03078308205715008
0.29807399395321965
0.45161245119256632
0.36564795694853025
-0.13406331588421694
-0.38931417342187424
-0.36612991357434138
0.044073920899894148
0.21997713868345281
0.0091807857616723609
-0.1161730976876918
-0.47923982147626643
-0.053225592872829852
-0.43811669200782583
-0.27171642902955995
0.44725901713989369
0.24915010443743724
-0.26277865508465525
-0.11382878287057863
-0.098596091301142108
0.28471201197021234
0.499312561137362
-0.055643066268212193
0.39213963651593697
0.26922081111974927
-0.48503016356382789
-0.30639848583809459
-0.21574091218754998
0.1908510415225545
-0.27453305558325453
0.072906640317312088
-0.31521554792793627
0.40638603664937856
0.13829535418377559
0.3779617394536896
-0.20487028946158409
0.13952008120760206
0.14875066577400897
-0.36865545707045616
0.095691493145269257
0.3650516722751832
-0.42187584447660426
0.1577301568707371
0.3086389927740617
0.33139074073684138
-0.37057868424757795
-0.27909834032832459
-0.10723117220590983
-0.32128797938737585
-0.14543593485512352
-0.10987850171994884
-0.40265770434210235
0.32887899178794489
0.06438984705276507
-0.21441556320811034
0.13550982069488482
-0.16999508193126389
0.012921489301890299
0.2985381666242346
0.27836165428406678
0.44156940638930542
0.4244361673130318
0.27723515223439277
-0.34614136348643931
-0.34640893905694214
0.48132233762801901
-0.0052056819198285642
0.47534265271527498
-0.14330598719838195
0.029388227289035895
-0.19038600260093502
-0.34115245955595097
-0.036762788637835719
-0.10742985779162234
0.16857640573882859
0.047804827719386433
0.039483396146222316
-0.18058472952540622
-0.15400692883385209
0.20579346344420413
-0.11278472929555061
0.27495886795325031
0.19990473475470205
0.023671138883382126
0.4404873410376855
0.23965415779772936
0.23350576653792421
-0.3286231267703148
-0.38636868817375325
-0.1660326798428805
-0.26356680355707851
0.28216449469709282
0.40108365936743429
-0.42249748854190983
-0.255934279535875
0.2183413187445139
0.22419512424911237
-0.39304803039426967
0.045603510370108014
0.11203590783425055
0.029589698579269963
0.12866403556394412
-0.31581283330858884
0.061295302199540047
-0.37679279522248238
0.37648508355780086
-0.092618060622726206
-0.29557938800414219
-0.1832307106201328
-0.26558612776002444
0.040322821252875007
0.087201426849627395
-0.40227621495669086
-0.43527866468654869
0.20794755873740445
0.2464612089564675
0.48660433370029965
0.28327008201393045
0.29973835617568778
0.093175386751062184
-0.36694499884843618
-0.39748224186310516
-0.13295396955516281
0.13081925508014136
-0.44285363671270256
-0.19201891127456583
-0.37121654801131632
-0.25859997402157586
0.060700352800329593
-0.19669419724699572
0.45481168300820018
-0.19370223773375522
-0.012359929881606113
0.48418056461508696
-0.43583829276069203
0.087467117520869331
0.2356000252008853
0.37567769703180087
-0.17523105988562176
-0.4762617272479267
0.49139915333016193
-0.14099789862251932
-0.47447361827612111
0.24751259056223307
0.13370844218779054
-0.3915167748515449
-0.16983897551320953
-0.18568381407242818
0.34652222851264314
-0.16995113652502913
-0.047496711576379469
0.10170044829219049
-0.36396055925217757
-0.30852262626088073
0.40847612894182594
-0.34408432807892853
-0.12244799077643354
-0.17508520277159678
0.37343404242692058
0.035764003188240134
0.09417731331853374
-0.32827908894290558
0.016830268117669522
-0.26419220019332712
0.21045204308684473
0.17406084843349523
0.21890814843710482
0.47607112544523134
0.11481672534967446
-0.11379697848545756
-0.25626490412703962
-0.39917140096845416
0.12698285252518771
0.44701848064744065
-0.10794642620858425
-0.088020971272998849
-0.125295438482249
0.47940078343946868
0.3709293731171196
-0.053885552152709348
0.097473823430027862
-0.098288702306653875
0.45886339347556737
0.073329344961677201
-0.10655728319717361
0.4446552307755024
-0.064318362152233854
0.2741619303893158
-0.27208075921070474
0.028112345753973922
0.036779312658999253
0.10632332726637406
0.37271607725786948
0.38343362142107706
-0.093833477719057423
0.49487132604724249
-0.26919404729286051
0.1792617490498023
-0.0036149607277884965
0.3935540823702387
-0.19832781575755842
-0.072790127062855869
-0.069741730957775028
-0.10910312499030445
-0.23057019682468521
0.087927374166721028
0.26177683187305101
-0.38586647799679441
0.41168739926728304
0.21763575283251446
0.11627549341989751
-0.36854660316423066
0.21096002369221134
0.43688893465584144
0.0051262013860361444
-0.012229298937245447
0.12346268412340955
0.36067731648387846
-0.32819246161835675
-0.036538802104582047
-0.28188216078315531
-0.14504778028131715
0.11108675451484129
-0.42904314350952022
-0.43321046169525629
-0.17707727652822336
-0.44512903675403614
0.085944492498447711
-0.34739008622825152
0.18023716430732772
0.36301969051215199
0.48869938607821206
0.21261395096417213
-0.10587337253231011
0.4863622865980578
-0.15579628617943192
-0.22125137480594331
0.029322866273130077
0.061994198294254788
-0.26190227539095723
-0.059606525722589121
0.12506112397058344
-0.1722367728106679
-0.039065989538515755
0.28406313899778401
-0.41711723491537439
0.2330775298176827
-0.36732610866034721
-0.28986555410702075
0.026333977543992582
0.27048608142030317
-0.43626253482220345
0.35133220620353078
0.078211233020997306
0.2196238894423479
-0.25618182693168623
0.20581318424433237
-0.1867097088466883
0.38975350993635116
0.047910531098078413
0.48605711187998801
-0.42123827728690089
-0.15892499148263711
0.095826245494519902
-0.34867012708475309
0.43784885062038537
-0.20191383987453526
0.49341001754238323
-0.38707131065317668
0.12368697667532236
-0.37465373564862559
-0.38569859211023766
0.42926858098746223
0.48592227493552043
-0.30732795869214169
-0.073516632953435135
-0.20798359107644443
-0.25907210860182761
-0.21430767478102808
0.27987692228484751
-0.052015847580092145
-0.2907346665159275
-0.4738324632713512
-0.32617308886046303
-0.22534491236301685
-0.47679320099085676
0.28120863403917129
0.035217296594512337
-0.37325540436890392
0.29842373342898287
0.44710356995387146
0.063531696284413908
-0.037564176941117855
0.36559322330468658
-0.24190115472616602
-0.46155986010498273
0.0097479267636245703
0.35924956171474198
-0.24008052988703343
0.35517159402834853
0.41085037569052618
0.1351432501425045
-0.34411603897924281
-0.1264724543883583
-0.38143899844099433
0.21951054333394104
-0.088755800626706238
0.35712121766029548
-0.057279363043121312
0.11154641399459664
-0.12231893359612067
-0.087920512401938267
0.043208565359416529
-0.39516990956064507
0.39945510370517889
-0.35910756715037095
-0.36065215063464301
0.45346345708061431
0.070436470267489781
-0.083284791570645333
0.11622162666372715
0.11493237582376392
-0.020849421914592658
0.14352166354286888
0.15641939743743372
0.14832924630274213
0.34288367699633115
0.02863027009278607
0.1716626622699593
0.42598338023045812
-0.097665879561737001
-0.14789440739289095
0.16909173612631567
-0.4301388473344418
0.11715751720213508
-0.012145123026260307
0.20186936680416656
-0.081326012682326476
0.060989888520402769
-0.25624861313479119
-0.14621258676533722
0.18330730524109884
-0.36921458486215109
-0.42275231061849933
-0.25358999073995636
-0.29537455475184898
-0.39406584185709337
0.29689503697911923
-0.03129877691371008
-0.41071165866955833
0.02838367758246485
0.37221504569751529
0.32340309532154587
-0.43177145788459714
0.46227897057351597
0.22808016023186706
0.40009471927343665
0.47190642793000082
0.28712272302299524
0.061371131217458519
-0.28371558680131903
0.41358067738013238
-0.19700807284437433
0.11294323921756177
-0.12946138004857388
0.020743784849093116
-0.18717121394158914
-0.44973082371057421
0.36891662355585386
-0.070974289606069274
0.049864678511554072
0.014941159630679657
0.0041861431582271846
-0.13656111045099956
-0.21798750702986136
-0.11310027388144805
-0.1520618500712651
0.15890755667631562
0.040359688113247971
-0.20418007466212185
-0.20083673374949562
0.20737878312047309
-0.40496798859765909
-0.32712242002997338
-0.3425579120996125
0.26343341980218027
0.33452420476676836
-0.32796348281718701
0.046646342901653037
0.16349860780529724
-0.30175194360904789
0.12479484388901063
0.48779375507617906
0.16474637177392304
-0.44996691747790468
0.47583363139266233
0.06347785827414143
-0.30657792195460165
0.3323381319892531
-0.022359063636357812
-0.34879412068250276
-0.3920589919860864
0.22361928743026294
0.24170238575644476
0.31544599673596352
0.24148723075286682
0.36068002981222647
-0.30697425856475397
0.27216446037217001
-0.47840420101945252
0.085841398301560567
-0.4502778258375616
-0.22857803843775326
0.10769433044045273
0.40205704350719496
0.268309935936758
-0.025925151212008779
-0.020054532466200092
0.010911798832217601
-0.24094037457169309
-0.26035627967266572
0.41353320949933925
0.021009938478271706
-0.045788134721091112
-0.1666339375499124
0.35661351348018677
-0.098101609438674131
0.35822811894154072
-0.057958707926833331
0.29758919758019842
-0.040716901195310462
-0.08723340991718409
0.0010585129204117028
-0.30719145725335806
0.47299089731039756
0.30480383352719409
-0.11700418934996043
-0.38188969702340192
-0.33233017617622396
-0.025354363207607589
0.41269984395235804
-0.31512967902402012
-0.19101878990732218
-0.49566345859215377
-0.44196253013377118
-0.18814549566343985
-0.16602260864299956
-0.092490227888887666
-0.03394123512212327
-0.41602291072212061
0.10892765091326684
-0.49370641733157433
-0.25405262163377862
0.35166800376633955
0.45494651511583184
0.22279561270536397
-0.037856875343122098
-0.42837489182438704
0.056907251283183191
0.43654081623668406
-0.44135812404144709
-0.2282232834270454
-0.23797890037400299
0.29946195817546439
-0.42027023465499402
0.11703261842949042
-0.094802947107433422
0.36495283552633329
-0.2785530918952645
0.4846128783587389
0.28122098432971876
0.037323253752789554
0.4717151526928709
-0.44671531164259826
-0.44813097308963734
-0.076037398917271015
0.32738015357853889
0.43952139590685158
-0.11760623049083035
0.41051867207165027
-0.044606608742336962
-0.31745533936851089
-0.207550316896148
-0.015521567562701399
0.25127135748208884
-0.25394975412245857
-0.18814418637049302
-0.16948140717983501
0.35016244705207378
-0.23861489791887847
0.0032386054423105826
-0.17691666840086401
0.35112093512841303
0.30537879865774886
-0.21544621170327671
-0.27414648349153348
0.011219234656800303
-0.16221955007048922
0.14414820447371424
0.089925465385807368
0.43238667489600391
-0.17280307030009701
-0.40069373435568784
-0.10053629682416615
0.21542046374132184
0.17411483794547788
0.0074946136553530884
0.27791706759783719
0.0018531246847603988
0.002462993477906239
-0.28313125408793904
-0.40062060579987074
-0.20232834088067692
0.01030633569373296
0.04567901580747602
0.13631703442575505
0.12388339129465609
-0.41882103216662425
-0.046667473381703684
-0.14377487615905671
0.32612079238333158
0.13023171941698108
0.30308216108279917
-0.22363651954749636
-0.34113223813371935
-0.23598087247107735
-0.47454639485879407
-0.17828377986186927
-0.16305734105878594
0.2039580412870472
0.41930712969195527
-0.049928811826428554
-0.34911638628523989
0.00093926644856945352
0.36754266715632988
0.016452957956237468
-0.35910774417213021
-0.12035463058752638
0.41419043863111726
0.3829660514425417
-0.23206619222037056
-0.32509058324212348
-0.45532154050849938
0.076190007088390299
-0.37720893328112531
-0.33458587923281824
0.097271232524960838
0.37065394695471932
0.32102015996374111
-0.14556389918722895
0.32625406343579422
0.4613875692342958
0.16239898948357956
-0.31824060394763076
0.23130322737953857
-0.2260885397907566
-0.41793608107536556
-0.26425894805214123
-0.020243014847982466
0.33163864632527973
-0.46065255327541565
-0.16557866072963673
-0.47154090232428725
0.31453658148223462
0.23042552450275577
-0.19551262930770708
0.24575144226331302
-0.4653838357732335
0.38394489278142407
-0.28114707429944436
0.2825544912864778
0.015958056977585233
0.08535325023433038
0.32580932807673635
-0.3010882209648722
0.18460013577380496
-0.18517408003158708
0.31042792148679255
0.00084420264625473251
-0.38296692610743555
0.26597724608267415
0.20315851940284635
-0.40928451909223151
0.026625326194241294
0.050020275977172179
-0.1206728212157907
-0.097857550185659836
0.22235798881428526
0.16544987043358306
0.35472886771928214
-0.033006780551485593
-0.12395460720750101
-0.077365795635125578
0.043682002464470515
-0.45097368475099303
0.11527449386345212
-0.037314578959597944
0.24661873490581565
0.054236841152445203
-0.3893535052612504
-0.34702561392623221
-0.11225685838188781
-0.057323583312869186
-0.34788260440831398
0.34544124186492786
0.096059420571554255
0.32860301018467764
-0.47381201747590762
0.44921452087219793
0.27770322237789724
-0.010326242349501191
-0.14803503859400924
0.32782450991194279
-0.48393437861946997
-0.039145075432099052
-0.21418832959396672
-0.42746017851204388
-0.09017729505132166
-0.030726833969092093
0.24438896582410374
-0.26405810060471413
0.24155333409665491
0.44446812412771564
-0.45092263427624735
0.26881853181360071
-0.37433534190904533
-0.13563260002609234
-0.38469199037835805
0.40170048119614055
-0.28364464910273191
-0.12716534929681578
0.45046013592574352
-0.052601178130103343
0.29105911488624225
0.40020138957653872
-0.39868080198474432
0.38683356118382162
0.35565502519259184
0.42715112914349496
-0.095191782041241735
0.11461367120871746
0.42612494754287056
-0.44150629458122631
0.42179683971286974
0.32547544864339351
-0.058654856451928417
0.14053081434615367
0.081587015951974817
-0.39196771630508465
-0.24084391355049334
0.25218148452220346
0.2865476020016432
-0.15080205772417016
0.32980985231323867
0.41334773760395027
-0.28601173147375392
0.049865099830805115
-0.44436004418174996
0.39730466409821708
0.4933233818408469
-0.28365761866662864
0.38197026270157475
0.18464314815259097
0.062461459274676723
-0.15809532759630768
0.17108461919472684
0.0606630099606843
0.17532130636151566
0.47753178377942807
0.31437543257162393
-0.29596774046579299
0.0085233273890152894
0.37519051972236017
0.095180464574944446
0.28043618983102936
0.20746739229590094
0.35407854346554424
0.064720881877924685
0.019864872281373347
-0.29077126148875054
-0.03619391849111997
-0.46712860766571895
0.26075666548943421
-0.38606249141276755
0.25635035127865613
0.44977873878266794
-0.38233779091210179
-0.18607670079774452
-0.27670757655495171
-0.284782167442029
0.18772000721611048
0.22842366492001853
0.08099579101258314
0.44314563813209829
-0.085302988835812554
-0.31105355556780467
0.040695169647840368
0.1264116001739225
-0.18834080673451603
0.12460797727493633
-0.28781953610955913
-0.023337390362075328
-0.015668431269278915
0.15142411473902195
0.20933634652453437
0.31942635982606093
-0.016249251405071774
0.045853254399585319
0.032346563761392222
0.083038422606423912
-0.11103947059919589
0.159662890954406
-0.054266635561396048
-0.008865046390346909
0.30560390126206771
0.21508772795723208
0.0084084154889028095
0.39116314110710337
0.34301572403042491
-0.32151749372339555
-0.36721774672171797
-0.23820390932682745
-0.44748631261305127
0.16482085810760916
-0.19744511015489585
-0.48764355253948927
-0.26992232497748658
-0.15435379885376832
-0.33128924947570171
-0.064441416225096304
0.35326692867955467
-0.12259826956744302
0.25363538308140265
-0.47082728419150444
-0.29334507372647745
-0.32505685369897108
0.045973436072593077
0.20562208064888565
-0.12349287306409762
-0.2898535377284237
0.31600332516159368
0.37880398590441233
-0.34770944418404442
0.045390551866311357
0.15400748519734409
-0.006225896956946475
0.38329491305612906
0.16555359631964095
-0.049159523244272696
0.18197870845209874
0.029860043824428084
0.20688158196597817
0.074328014266211606
0.44554149702512003
0.2293895192257871
0.38725467806891523
-0.1422917125662112
0.49609093854244768
0.023511193914131812
-0.067625922045640996
-0.012496902773390717
0.25565783167396328
-0.15912311749084207
0.0054749348637821438
-0.48183319312394812
-0.42624136839192744
0.43499118222854638
0.14633672174527845
0.024690021140507445
0.081756821925401901
0.12835395911519332
0.088948547398177369
0.031806305480072683
0.14245147975212369
0.096533331073631601
0.092089300751830749
-0.036538896594069281
0.045609442419084156
0.40629218460595995
-0.44813562221844255
-0.44826770203059929
0.07728282658413177
-0.33815837693940953
-0.21300923712902287
-0.33399689948996919
0.23503740361933823
-0.39069161609541347
-0.17414814725642802
0.086391351149438411
-0.29065689203062339
0.095227284790817546
-0.48936668507981329
0.27395541185482952
-0.38234175679903393
-0.031147169183775469
0.13091327974935096
0.18843704784181525
-0.42363259022330985
-0.14503433678812699
-0.16723767236302745
-0.070632801475788654
0.04985174576809881
-0.24499112937172812
0.078437732976767149
-0.23808066626943802
-0.38320926715026038
-0.057852572891037179
0.43163945949350635
0.40060909873146633
0.17699980005837845
-0.40093312651852936
-0.23005629886382595
-0.12365529737700165
0.37119724740587967
-0.44127416620561505
0.27799246667533861
-0.3682084651493342
-0.38604626611970771
-0.22794011786332574
0.20463349271652187
0.48268517422127988
0.43320803210842318
-0.34137701788197339
0.44629759845669426
-0.30164451566308426
-0.46245678345206431
0.10622475301708112
0.475616227180086
0.46713657000453579
0.41401274281231415
0.23876102726404524
-0.026233417054044139
0.16200911079095814
-0.2887919930668934
-0.16658147381824506
0.32406461276208087
-0.14298928086533502
0.30573229415276681
-0.17233085408771831
-0.036114484614211739
-0.3834537460988256
0.20191037410986656
0.0008679815958414494
-0.33707398439988145
0.36579304043412486
0.40128046666709671
0.089261802462520357
0.15659449340182297
0.44327041115697885
0.090249594003637745
0.23323688933417064
-0.3758897321126613
-0.48189541144694892
-0.38417106622688935
-0.41572157067289389
0.34488703154075695
0.35168827348101273
-0.25004787668702155
-0.35204101577542596
-0.4935760015391214
0.23507302647846673
-0.098183624470757458
-0.43657361309936721
0.23392032467776736
-0.37834069655734182
0.48903900658890698
0.057985885374029378
0.12743168471960864
-0.31401736077327874
-0.0045948644460848675
0.45327108075492184
-0.028177251315010698
0.46061991458134777
0.25468276200131901
-0.12621477415520832
0.0062600042308529336
-0.20822963288499785
0.013972427522144337
0.026997081569821502
0.21888526468438263
-0.34368568083278617
-0.015042763036762441
-0.15915058065204218
-0.19872542661154952
0.1316421596182733
0.31034144948141074
-0.16716537031632306
-0.044449639215749348
-0.39938908106003279
0.19788111024404975
0.4994254553944486
-0.11384045089924355
-0.011837223650097206
0.20648691120375851
0.020489970815947167
-0.36978026336408393
-0.31374049829346279
0.36319940981293908
0.33519617278947145
-0.24974868459773059
-0.225716982582923
0.17466492012318524
0.0027160491597137959
-0.4361349263634669
-0.16752577377786404
0.44861651863021434
-0.21192244109669456
-0.42939833376235387
0.20401871007229222
-0.26932519584422498
0.21406494805030818
0.032329460984361513
0.43496619495260602
-0.33752672084214719
0.41534744863865258
0.48983789301690916
0.27569120359614585
0.29996318742119021
0.49410462498326635
0.33042467351372529
-0.23662586768422017
-0.15425151695764611
-0.2323237402782089
0.28269233705294416
-0.20418035857951305
-0.28870451399838859
-0.19190990580668327
0.26140219541648457
-0.45613411991581265
0.36159870848050057
0.4209401334342443
-0.0059173047904106935
-0.10292941357528634
0.10000008885702494
-0.36056200741226813
0.11733086118018865
-0.259639808233465
0.33570235098115209
-0.21490350876646808
0.17518309074466765
0.36862368967718262
-0.27305573432526015
0.21548629997783797
0.20322662355971199
-0.24317552984487589
-0.44758426305149834
-0.17400155975713688
0.47364523504644918
0.11904876387931518
-0.22188346765024353
0.32622831266246433
-0.17398895274977233
0.38810827280207605
0.39579558470743115
-0.0077113231110627622
0.26424509943294006
0.31197541570669729
-0.28379172392907909
-0.35207749114951326
-0.25845462463150626
0.37596279406523192
-0.0119341023907098
0.4739859178153194
-0.45781964493736899
0.14218547331965248
-0.0017261037895697773
0.42664455475100005
0.10930361480434647
-0.12569602465940705
-0.10504011205686031
-0.19452134629829892
0.010501121823753623
0.48478006590499667
0.084374416728138391
-0.13961543930611808
-0.33160673345858205
0.11369414786833032
0.078637822531458013
-0.21604192527824784
-0.32286715432623669
-0.013997866594879949
-0.42931036102904341
0.1677979347957177
-0.40756760324858138
0.2339744982655364
0.31267736256938727
-0.031156299149078859
-0.32231690134392343
-0.18697608071833444
0.46391701252730044
-0.20153889556866678
-0.35118853871635913
0.12842211188775088
-0.16354551538451739
0.058467779088706484
0.13637218484388014
-0.2477031914752692
-0.25979438751194239
0.36989239913715455
-0.085695165014618546
0.30065228140424993
-0.057056176547472637
-0.32918811803354164
0.12626240209792461
-0.34034502364559727
-0.44354472812391355
0.23586265098273429
-0.15818609192295557
-0.28842089639438595
-0.045134849767616003
0.27573300832882008
0.1078302048368186
0.078278420093309653
0.19713997349519652
-0.45082993658605902
-0.073414992311984562
0.32779873392293779
0.10796335377218536
0.32882539141780864
-0.0725686454473502
0.3104157165108431
0.41810760903459732
0.498424240812821
-0.012438010533485033
0.31100155342265245
-0.097170192160420388
0.4907012355151914
0.3233409790036299
-0.11431421804402825
-0.12302649903340968
0.18317407211016901
-0.3306435738305129
0.18308366700602607
0.018297268914813092
-0.061750006426330328
-0.42308790625483556
-0.27310075239686776
0.066530209933444606
-0.26243104006493112
0.32862351994859784
-0.13523404311035375
-0.12234468420371847
0.11979122257089336
0.41580248639372386
-0.47198375439924717
-0.41396017117961875
-0.40822817784727566
-0.10612209690632812
0.48226925633778917
0.45654625874577259
0.041583499693279014
-0.18712453048501065
0.14318639769087738
0.076747409594564386
0.10206803270024734
-0.12132227207014534
0.29626516921326818
-0.30096606839631684
0.30992244157234627
0.35158658733874493
0.41364199933702073
-0.0070815832089591302
0.47585894948425167
-0.40716390245346151
-0.35176683921287211
-0.20434954040490333
0.43419869960465562
-0.41519586168044575
-0.27120025059722752
-0.091123516440775043
-0.3066286392111226
0.012066838133572011
0.22756653517063319
-0.19107138741020074
-0.11817680898826771
-0.24282613816598791
-0.34753438410306003
0.22342886052804567
0.18909464523052466
-0.35345911338071612
-0.05626668620895936
0.48659439925797443
0.39339421965821997
-0.4715165649921701
0.18309742767005832
-0.015405489280615581
0.29573579129294458
-0.026055136920734689
0.18437914969680524
0.094802258427277186
0.37062898856874971
0.045197094683225525
-0.49884968419515041
0.032985555070342398
0.15884480040615567
0.1983762919004004
-0.18298432593586211
-0.046592848259020825
-0.25691391344678755
0.18794057766800065
-0.22721516432409394
-0.15582509155643903
-0.41309463366907162
0.1336728009821655
-0.11051196931590201
0.16793199862813313
0.4628962393599183
-0.19582027618605335
0.42039941866890984
-0.075405113623550846
-0.26404582023553524
0.48910300952671371
0.16045720790370466
0.35943246879020241
0.10104227730903126
-0.43561603649777902
-0.0056666954374656187
-0.23354817582195569
0.40596474420907891
-0.03824776917097078
-0.38502751928484669
0.36309553928400251
-0.14471852080823722
0.38058493166860474
0.41752093512124655
0.40047404736319503
0.492601209580526
0.16140649641192206
0.43764094611296755
-0.15779598352328517
0.10559497315786426
-0.48378871868890455
-0.31850039425538113
-0.28998963391008892
0.40929414497680083
0.16228784097703453
-0.34390976421938491
-0.20641672017398516
-0.46154610516033667
0.011841538283409947
-0.17212381830538309
0.3106280111878057
0.25367802247316329
0.18822635536040266
0.020709582682148064
0.071640890559226511
-0.055679995943675065
0.15319966361995574
-0.1849613701646694
-0.39293414862240239
-0.042211065770694556
-0.11126618340509248
0.44317479540332372
0.20546985493340164
0.16532849049139386
0.12261801429964114
-0.10369573229208751
0.30412813358732449
-0.079382562182699234
0.16364643171612736
-0.0044586770634955641
-0.29473751305280693
-0.035141623655367549
-0.33867244083913339
-0.022992849188603504
0.45523984023884467
-0.44917979019610965
-0.083985230046667803
0.15942366710441003
-0.29505370586871704
0.14334940492316428
-0.44147366973408841
0.17877656064380953
0.26478426762567797
0.41044286408896735
0.41562666979953999
-0.024650542898842054
-0.24099019633662078
0.25454832878906919
0.44025295441241374
0.16775260616811827
-0.26082500575386403
-0.21004793627175444
0.38293724388791883
0.0046536520403778203
-0.17085175634927563
0.13450803397083899
-0.24373871085344373
-0.4478761366689506
0.40545209203592392
0.25447200026611871
-0.37124404714191961
-0.46719808287821546
-0.33637557472370455
-0.49604519965264554
-0.31789771382572224
0.24490175415841697
-0.21351738772121137
0.12508232962842147
0.077787636158293316
-0.16779852738103024
-0.089610603854374082
0.45460436869391974
0.15381949558700669
0.46936640543770125
-0.085194918108975282
-0.073043331966481384
-0.20883338569576676
0.23030327277482066
-0.43219975019487505
-0.45273256116510519
0.38588278972302703
0.21316168222731358
0.13830699474990071
0.17286989110207485
0.068735483223219096
0.25708126330002801
0.070653328550921102
-0.1725785126808706
-0.12276810781203457
-0.19537189865035381
-0.39117198440839385
0.11550170768249113
-0.41112737428475082
0.46155340923207966
0.12331512939525802
0.15600201104476463
0.095089024260888388
-0.18845024854914993
0.32943458211600274
-0.01161286581262666
0.032946083080264921
-0.48784217767197852
0.29282461176303742
-0.15073254207949399
0.48393969755011357
-0.035204846382255239
0.45287827969061134
-0.49247188928641117
0.021030265400973636
0.22368984826140415
-0.0019608193424611731
0.32244382105521197
0.098043999326133058
-0.32644522636769879
-0.10318516862894467
-0.41357994134056375
-0.3378822280891115
-0.13529194524549948
0.093756167488305509
0.41946622847972226
0.4488954144167514
0.26409476295687351
0.13982492109216726
-0.45717255939366641
0.38112755709372248
-0.31612925662269442
0.41287639812366517
-0.085574512299304517
-0.37157909204637263
0.146571545893181
-0.052170213475043747
-0.13998393385422969
-0.1555881599485795
-0.3559362113705441
0.40059235997196574
0.48998463787973223
0.087402379498118798
0.13486537461917725
-0.076487200129869481
-0.10392028456743796
0.086116990079627143
-0.17027057814091429
-0.18409822484853006
-0.359070542072217
-0.35789558138260702
-0.06195046962586287
0.19055712947948888
0.25751462905304556
0.26185383325427469
-0.37351054415018647
-0.21974236577775208
0.34785633650910674
0.27670242685782431
-0.12300631902064785
0.26535907006030401
-0.38511695216277475
-0.20441048616051344
0.12063750664245665
-0.13902011944283416
-0.41438111222699137
0.48398644917166334
0.45971674115671257
0.065281708123455906
0.48515346736548148
0.42330977856676266
-0.44282197164163939
0.086881249581974629
-0.35128419969218277
-0.46478665983141615
0.08874326488303963
-0.3863132503905875
0.018838344438903976
-0.044457762305102955
0.36382669786661193
-0.31439698096421764
0.3828837799528455
0.11038942783210148
0.30140731078511318
0.48483535658761545
-0.19265657687459287
0.33934589588630948
0.42855988987781057
0.29364613556933361
0.29721849505520537
0.15080016786745265
0.29125968390061407
-0.27897004773586948
0.11465840010385375
-0.37776804263477914
0.49789335920626665
-0.43264727374636386
0.35415506020852827
0.45023372010729057
-0.45026427463374186
0.43437674231277257
-0.08443036809968496
-0.40018685454179281
-0.18199412929949982
-0.3002262169146902
0.15593732280376915
-0.35366626593852701
0.33234329877865831
-0.010143515481805587
0.22326914549561616
0.35379530642098156
-0.36193233296321642
-0.23477040632247309
0.32524345844318148
-0.16052026930380148
-0.20522195679672217
0.38945782125793005
0.44878617040244406
0.31948496484809197
0.12608145368440482
-0.11018895451944216
0.427287663597825
0.21953288499147006
-0.37739771557486884
0.35576578169769757
-0.36069520819308915
-0.11766754111777405
0.071300030545848991
-0.36957581204629408
0.35690128574035784
-0.334953589317456
-0.20331854816964529
0.058052067561094045
0.46767494813202459
-0.37314186311285003
0.39279616674205309
0.37949295534045557
-0.24761963090667977
-0.33284707870424191
-0.14021265220453127
-0.16593096343789138
-0.065513621561985647
0.15025976489547821
0.027125054264905413
0.24596039744573683
0.27412122220044632
0.19292507806232062
0.066810260372450192
-0.32233196024447158
-0.089688071332887476
-0.27232853911388721
-0.14822034786442334
-0.3347823240785136
0.22783451504444674
-0.46803577346490349
-0.095310268385203734
-0.47771598676348564
0.14181150259905517
-0.17590015153602723
0.010077381562785814
0.14153432726525395
-0.20240060167651319
-0.12440678659597176
0.28196094674318839
0.30992951148914083
0.031434921782850678
0.44107461726096353
-0.46988716694882599
0.29811087673370729
0.43000563020943383
0.086873728634860203
0.44370683225701746
0.37605182999312969
0.22688990363870676
0.0099274399602055086
-0.18760253368605379
-0.10330441927543843
0.23498587978468333
-0.051614481331300199
0.3543588740456729
0.42106920844786289
0.4685953476951461
-0.12095943421279587
0.35133457921987055
-0.28487616160571538
-0.19281886109309393
-0.44204724140322449
