r 2551 15
r 3213 15
r 1327 15
r 582 15
r 2234 15
r 3009 15
r 2198 15
r 317 15
t 2149 3 3
r 474 15
r 82 15
r 1759 15
t 959 3 3
t 1140 3 3
r 2252 15
t 1089 3 3
t 3104 3 3
t 3181 3 3
t 1910 3 3
r 781 15
t 3249 3 3
r 1682 15
t 843 3 3
t 3037 3 3
t 3386 3 3
t 851 3 3
r 1263 15
r 72 15
t 2691 3 3
t 2688 3 3
r 1987 15
r 2453 15
t 2501 3 3
t 275 3 3
t 1179 3 3
r 519 15
r 98 15
r 676 15
r 2231 15
t 629 3 3
t 1274 3 3
t 2567 3 3
r 1358 15
t 3234 3 3
t 144 3 3
t 161 3 3
r 825 15
t 1347 3 3
r 1547 15
t 185 3 3
r 1352 15
t 3088 3 3
r 58 15
r 1379 15
r 3017 15
r 2469 15
t 2991 3 3
t 1680 3 3
t 2783 3 3
t 2715 3 3
t 1802 3 3
r 994 15
r 1395 15
r 1270 15
t 184 3 3
t 2882 3 3
r 3113 15
t 142 3 3
r 547 15
r 2588 15
t 1161 3 3
r 2066 15
t 3048 3 3
t 1112 3 3
t 3381 3 3
r 652 15
r 1349 15
t 1368 3 3
t 2929 3 3
t 3233 3 3
r 1242 15
r 2703 15
t 180 3 3
r 3260 15
r 2180 15
r 3192 15
t 742 3 3
t 2680 3 3
r 3182 15
t 1958 3 3
r 639 15
t 1418 3 3
r 2977 15
t 270 3 3
t 2015 3 3
t 3324 3 3
t 2301 3 3
r 2319 15
t 42 3 3
t 2790 3 3
r 2710 15
r 929 15
t 2253 3 3
t 3398 3 3
t 1067 3 3
r 3146 15
r 3010 15
t 1196 3 3
t 1427 3 3
t 3144 3 3
r 2896 15
t 2669 3 3
t 2230 3 3
r 721 15
r 3374 15
r 2097 15
t 1024 3 3
r 1638 15
t 3150 3 3
r 1397 15
r 1473 15
t 1616 3 3
t 1649 3 3
t 3307 3 3
t 1300 3 3
t 3344 3 3
r 1315 15
r 874 15
t 828 3 3
r 3317 15
r 2141 15
t 21 3 3
t 2628 3 3
t 1625 3 3
r 26 15
t 1023 3 3
t 431 3 3
r 1826 15
r 203 15
r 1240 15
r 1367 15
r 55 15
t 724 3 3
t 716 3 3
t 1629 3 3
t 164 3 3
t 1763 3 3
t 1132 3 3
t 1574 3 3
t 2833 3 3
t 3025 3 3
r 2779 15
t 70 3 3
t 2795 3 3
t 237 3 3
r 2938 15
r 1453 15
t 3248 3 3
t 2361 3 3
r 1102 15
r 820 15
t 2339 3 3
t 590 3 3
t 3195 3 3
r 787 15
r 2787 15
t 1115 3 3
t 1580 3 3
r 1833 15
r 2640 15
r 1279 15
r 2344 15
r 2489 15
t 2162 3 3
t 2062 3 3
t 2313 3 3
r 2788 15
t 1925 3 3
r 1618 15
r 965 15
r 3013 15
t 455 3 3
t 3359 3 3
r 165 15
t 1291 3 3
t 3050 3 3
t 1851 3 3
r 2455 15
t 2454 3 3
r 1552 15
r 1937 15
t 685 3 3
t 1105 3 3
r 1464 15
r 1370 15
t 1383 3 3
r 127 15
t 336 3 3
r 1607 15
t 2474 3 3
t 856 3 3
t 1041 3 3
t 1923 3 3
r 615 15
t 1015 3 3
t 1798 3 3
r 821 15
t 337 3 3
t 3099 3 3
r 3415 15
r 1146 15
r 732 15
r 1562 15
r 124 15
t 1101 3 3
t 2413 3 3
t 3313 3 3
t 3287 3 3
r 727 15
t 2602 3 3
t 2748 3 3
t 1353 3 3
r 2747 15
t 1663 3 3
r 1332 15
t 1593 3 3
t 1967 3 3
t 1991 3 3
t 2647 3 3
t 63 3 3
t 1091 3 3
t 2113 3 3
t 761 3 3
t 3391 3 3
t 3265 3 3
r 2461 15
r 2828 15
t 2540 3 3
t 1212 3 3
t 54 3 3
t 3118 3 3
r 2124 15
r 1528 15
r 916 15
r 3129 15
r 780 15
r 2409 15
t 2637 3 3
r 1636 15
r 511 15
t 1657 3 3
r 461 15
t 347 3 3
r 3420 15
t 2507 3 3
r 445 15
r 3306 15
t 927 3 3
r 595 15
t 896 3 3
t 1172 3 3
t 1329 3 3
r 1825 15
r 2791 15
r 2009 15
t 508 3 3
t 1126 3 3
r 3139 15
r 1838 15
r 2485 15
r 1775 15
t 954 3 3
r 3252 15
t 2170 3 3
t 3057 3 3
t 2091 3 3
t 1865 3 3
r 3331 15
t 122 3 3
r 1840 15
t 1000 3 3
t 2190 3 3
r 139 15
r 1907 15
t 14 3 3
r 1120 15
t 1373 3 3
r 1790 15
r 2261 15
t 1230 3 3
r 419 15
r 2836 15
t 261 3 3
t 2275 3 3
t 2665 3 3
r 1560 15
r 328 15
t 496 3 3
r 3384 15
r 3348 15
r 1402 15
t 1507 3 3
r 224 15
r 2329 15
t 1836 3 3
r 2738 15
r 1293 15
r 2109 15
r 3081 15
t 2555 3 3
t 687 3 3
t 3232 3 3
r 1856 15
t 2893 3 3
t 2423 3 3
r 1609 15
r 3239 15
r 1040 15
r 1323 15
r 2954 15
r 1399 15
r 241 15
t 3340 3 3
t 3405 3 3
r 2181 15
t 1504 3 3
t 1253 3 3
t 2685 3 3
r 1457 15
r 3426 15
r 2270 15
t 479 3 3
t 3425 3 3
t 453 3 3
r 2933 15
r 3355 15
r 1098 15
t 1017 3 3
r 1143 15
t 3393 3 3
r 2436 15
r 2471 15
t 1121 3 3
t 943 3 3
r 832 15
r 326 15
r 3109 15
r 390 15
r 440 15
t 1437 3 3
r 1565 15
t 3079 3 3
r 1597 15
t 1886 3 3
r 1348 15
t 3271 3 3
r 1215 15
r 3167 15
r 2123 15
t 316 3 3
t 2545 3 3
r 544 15
r 3376 15
r 2036 15
t 2746 3 3
t 925 3 3
r 2126 15
r 678 15
r 2610 15
r 272 15
t 422 3 3
r 292 15
t 2188 3 3
r 913 15
t 528 3 3
r 3047 15
t 3436 3 3
r 3416 15
t 3332 3 3
r 408 15
t 2994 3 3
t 521 3 3
t 1595 3 3
t 1804 3 3
t 2072 3 3
r 1538 15
r 2375 15
t 3310 3 3
r 3015 15
r 3275 15
r 30 15
t 2589 3 3
r 657 15
t 1385 3 3
r 364 15
r 1259 15
r 457 15
t 1325 3 3
r 1815 15
r 2940 15
t 106 3 3
r 384 15
r 404 15
t 990 3 3
r 3397 15
t 15 3 3
r 1407 15
t 1008 3 3
r 1119 15
t 3033 3 3
r 2374 15
r 522 15
r 1151 15
r 3336 15
t 3034 3 3
t 2158 3 3
r 1198 15
r 1378 15
t 1541 3 3
t 2881 3 3
t 2666 3 3
r 1505 15
t 280 3 3
r 1965 15
t 2899 3 3
r 2249 15
t 655 3 3
r 1765 15
t 2140 3 3
r 2883 15
t 12 3 3
t 3396 3 3
r 2458 15
t 2282 3 3
r 294 15
t 2639 3 3
t 819 3 3
t 850 3 3
r 2569 15
t 135 3 3
t 2657 3 3
t 970 3 3
t 949 3 3
t 2437 3 3
t 2941 3 3
r 1478 15
r 1288 15
t 1055 3 3
t 1557 3 3
t 3245 3 3
r 3066 15
r 288 15
t 1746 3 3
t 751 3 3
t 1667 3 3
t 771 3 3
r 1664 15
r 2704 15
t 2442 3 3
t 3235 3 3
t 1624 3 3
t 630 3 3
t 61 3 3
r 2125 15
t 3137 3 3
t 1281 3 3
t 2625 3 3
r 315 15
t 1770 3 3
t 951 3 3
r 1052 15
r 1501 15
r 2698 15
r 1654 15
t 1494 3 3
r 1555 15
r 985 15
t 2860 3 3
t 580 3 3
t 1693 3 3
t 3365 3 3
t 1202 3 3
r 2405 15
t 231 3 3
t 725 3 3
r 3390 15
r 2531 15
t 966 3 3
r 1312 15
r 2397 15
t 1743 3 3
t 2243 3 3
r 329 15
t 2723 3 3
r 352 15
t 493 3 3
r 46 15
r 2335 15
t 3180 3 3
r 371 15
r 2831 15
r 1275 15
r 174 15
t 1392 3 3
t 1570 3 3
r 2281 15
r 2074 15
t 1568 3 3
t 3030 3 3
t 1651 3 3
r 852 15
r 1134 15
t 1466 3 3
r 2283 15
r 1584 15
r 1813 15
t 487 3 3
t 3107 3 3
r 2247 15
t 2731 3 3
t 3153 3 3
r 1623 15
r 2773 15
t 2014 3 3
t 3263 3 3
r 2932 15
t 980 3 3
r 425 15
r 682 15
r 3395 15
r 614 15
t 1177 3 3
t 2658 3 3
r 3283 15
r 2403 15
r 2674 15
r 2426 15
r 2225 15
r 141 15
r 3422 15
r 701 15
r 2946 15
r 1835 15
r 2159 15
r 2834 15
t 3314 3 3
t 2019 3 3
t 3172 3 3
t 1761 3 3
t 1099 3 3
r 196 15
r 3246 15
t 1409 3 3
r 2618 15
t 596 3 3
t 1691 3 3
t 549 3 3
r 1256 15
t 648 3 3
t 2992 3 3
t 2084 3 3
t 1333 3 3
r 672 15
r 3193 15
t 2491 3 3
t 617 3 3
t 2352 3 3
r 3046 15
t 1789 3 3
r 1340 15
t 2035 3 3
t 3074 3 3
t 2382 3 3
r 1303 15
t 2939 3 3
r 992 15
t 817 3 3
r 664 15
r 2745 15
t 1605 3 3
r 2209 15
r 2642 15
t 1553 3 3
r 477 15
t 209 3 3
r 602 15
t 806 3 3
t 1727 3 3
r 2075 15
r 1103 15
t 1249 3 3
t 391 3 3
t 779 3 3
t 214 3 3
r 3413 15
t 2937 3 3
t 588 3 3
t 3176 3 3
t 1283 3 3
t 921 3 3
r 2904 15
r 1778 15
t 1088 3 3
r 84 15
r 534 15
t 52 3 3
t 2720 3 3
t 2240 3 3
r 3226 15
t 947 3 3
r 2291 15
t 873 3 3
t 1928 3 3
t 1647 3 3
r 2769 15
t 1452 3 3
r 2714 15
t 2979 3 3
t 2964 3 3
r 3347 15
r 2029 15
t 198 3 3
t 463 3 3
r 1536 15
t 3322 3 3
t 1700 3 3
r 2002 15
t 2772 3 3
t 2619 3 3
r 3102 15
t 146 3 3
t 3299 3 3
t 1013 3 3
t 538 3 3
r 631 15
r 840 15
t 777 3 3
r 2895 15
t 3085 3 3
r 3042 15
r 2457 15
r 948 15
t 1016 3 3
t 3044 3 3
t 907 3 3
t 1662 3 3
r 2336 15
t 797 3 3
r 1857 15
t 3302 3 3
r 1935 15
r 3185 15
r 3360 15
t 3055 3 3
t 1384 3 3
t 1450 3 3
t 194 3 3
t 2985 3 3
r 3401 15
t 1983 3 3
t 1993 3 3
t 3408 3 3
r 3130 15
t 1722 3 3
t 1533 3 3
r 1059 15
t 162 3 3
t 576 3 3
r 550 15
t 696 3 3
t 1231 3 3
r 830 15
t 2813 3 3
t 1889 3 3
r 1197 15
r 912 15
r 1090 15
r 1660 15
r 3023 15
r 2580 15
r 1080 15
r 1591 15
t 3276 3 3
r 1455 15
r 346 15
r 2061 15
r 2333 15
t 1273 3 3
r 2024 15
t 546 3 3
t 1191 3 3
r 1781 15
r 2755 15
r 526 15
r 2104 15
r 2943 15
r 932 15
t 1656 3 3
r 577 15
t 942 3 3
t 1546 3 3
t 2556 3 3
r 2050 15
r 3165 15
r 2432 15
r 1885 15
r 3389 15
t 3304 3 3
r 684 15
t 282 3 3
t 2853 3 3
t 3032 3 3
r 1606 15
r 2160 15
t 1355 3 3
t 2683 3 3
r 2 15
t 1956 3 3
t 741 3 3
r 1828 15
t 2371 3 3
r 2614 15
t 791 3 3
r 2427 15
t 3086 3 3
t 968 3 3
r 1509 15
t 2424 3 3
t 2408 3 3
t 2984 3 3
r 2759 15
r 2687 15
r 269 15
r 234 15
r 416 15
r 3264 15
r 31 15
t 993 3 3
t 1990 3 3
r 503 15
t 2010 3 3
t 2552 3 3
t 1972 3 3
r 605 15
t 2360 3 3
t 2968 3 3
t 2191 3 3
r 2536 15
t 603 3 3
r 1564 15
r 250 15
t 1515 3 3
t 2049 3 3
t 3029 3 3
t 3101 3 3
r 1959 15
r 1144 15
r 2633 15
r 2381 15
r 373 15
r 2310 15
r 628 15
t 1726 3 3
t 2875 3 3
r 495 15
r 16 15
r 649 15
t 698 3 3
r 1075 15
t 3281 3 3
r 2842 15
r 355 15
r 2213 15
r 247 15
t 2825 3 3
r 1429 15
t 1966 3 3
t 24 3 3
t 1471 3 3
t 119 3 3
t 1970 3 3
t 892 3 3
t 2227 3 3
r 2805 15
t 1005 3 3
r 1149 15
t 1619 3 3
t 1924 3 3
t 3315 3 3
r 2510 15
r 3288 15
t 1512 3 3
r 952 15
t 464 3 3
r 1266 15
t 2597 3 3
r 2605 15
r 2960 15
r 3362 15
t 1048 3 3
r 1632 15
r 450 15
r 3022 15
t 1034 3 3
r 2238 15
t 2441 3 3
r 2224 15
r 2754 15
r 838 15
r 3007 15
t 2067 3 3
t 903 3 3
r 760 15
t 2817 3 3
r 642 15
t 1766 3 3
r 1357 15
t 1853 3 3
r 3328 15
t 1376 3 3
t 2128 3 3
r 2112 15
r 931 15
t 1676 3 3
r 3334 15
t 1133 3 3
r 1307 15
t 1669 3 3
t 2088 3 3
t 1235 3 3
t 3004 3 3
r 223 15
t 1111 3 3
t 2532 3 3
t 66 3 3
r 1539 15
t 3177 3 3
t 2782 3 3
r 388 15
r 1745 15
t 1756 3 3
t 2195 3 3
t 670 3 3
t 3140 3 3
t 1492 3 3
r 1116 15
r 1330 15
t 2473 3 3
t 2380 3 3
t 2623 3 3
t 1162 3 3
r 1698 15
r 784 15
r 1995 15
r 2373 15
r 1809 15
r 2459 15
t 2976 3 3
t 2042 3 3
t 625 3 3
t 2008 3 3
t 3320 3 3
t 2694 3 3
r 691 15
r 1862 15
t 3438 3 3
t 3423 3 3
r 1299 15
r 1145 15
r 414 15
t 454 3 3
t 1054 3 3
r 2654 15
t 1887 3 3
t 2276 3 3
t 345 3 3
t 3158 3 3
r 2631 15
r 1760 15
t 68 3 3
r 344 15
r 133 15
t 86 3 3
t 1236 3 3
t 540 3 3
t 318 3 3
r 2624 15
t 4 3 3
t 2503 3 3
t 1354 3 3
t 2161 3 3
t 1914 3 3
r 1855 15
r 2428 15
t 1324 3 3
r 3356 15
r 2763 15
r 996 15
r 2020 15
r 1465 15
r 5 15
t 2073 3 3
r 2483 15
t 1271 3 3
r 2013 15
r 1158 15
t 1634 3 3
r 1229 15
r 1799 15
t 1645 3 3
r 211 15
t 661 3 3
r 349 15
t 1583 3 3
r 2130 15
t 1350 3 3
t 875 3 3
r 565 15
r 2133 15
t 382 3 3
t 598 3 3
t 134 3 3
r 2839 15
r 1195 15
r 3435 15
r 25 15
t 752 3 3
t 1796 3 3
t 2269 3 3
r 2558 15
r 3126 15
t 2040 3 3
t 1969 3 3
r 2778 15
r 3189 15
r 1234 15
r 2174 15
t 1124 3 3
t 632 3 3
t 859 3 3
r 2656 15
t 1733 3 3
r 2263 15
r 1517 15
t 1596 3 3
t 2076 3 3
r 1644 15
r 2804 15
t 2838 3 3
t 808 3 3
t 2165 3 3
t 2796 3 3
t 403 3 3
t 1673 3 3
t 1860 3 3
t 1848 3 3
t 1372 3 3
t 2157 3 3
r 2765 15
r 2258 15
r 2541 15
r 1009 15
r 2182 15
r 973 15
t 1567 3 3
t 3014 3 3
r 117 15
r 323 15
t 1476 3 3
r 879 15
t 897 3 3
t 395 3 3
r 2201 15
r 783 15
r 121 15
r 1730 15
r 1125 15
r 936 15
r 3421 15
r 245 15
r 656 15
t 3262 3 3
r 1331 15
r 1326 15
t 2056 3 3
r 923 15
t 2760 3 3
r 3298 15
t 2004 3 3
t 1878 3 3
r 2858 15
r 1169 15
r 2956 15
t 928 3 3
r 1462 15
r 718 15
r 2689 15
r 1867 15
r 2989 15
t 1587 3 3
t 2248 3 3
t 304 3 3
t 1183 3 3
r 1604 15
t 3290 3 3
r 1620 15
t 1364 3 3
r 967 15
t 945 3 3
t 2522 3 3
t 2761 3 3
t 273 3 3
r 2288 15
t 2368 3 3
t 1184 3 3
r 415 15
t 1058 3 3
t 303 3 3
r 1351 15
r 2487 15
t 668 3 3
t 1361 3 3
t 564 3 3
r 1166 15
r 545 15
t 2921 3 3
r 1961 15
t 338 3 3
r 2465 15
t 1104 3 3
r 1556 15
r 354 15
r 199 15
t 1719 3 3
t 2251 3 3
t 1421 3 3
r 3278 15
t 836 3 3
t 2864 3 3
r 1577 15
t 1422 3 3
r 3089 15
r 2650 15
r 900 15
r 1007 15
r 1043 15
r 1060 15
r 381 15
t 979 3 3
t 1977 3 3
r 804 15
r 2572 15
t 3289 3 3
t 343 3 3
r 132 15
r 3027 15
r 3349 15
r 2837 15
r 1170 15
t 1712 3 3
t 1639 3 3
r 3268 15
r 420 15
t 796 3 3
r 170 15
r 2771 15
r 894 15
t 574 3 3
r 1019 15
t 2154 3 3
t 421 3 3
r 2300 15
r 187 15
t 1417 3 3
t 1199 3 3
t 517 3 3
r 38 15
r 2293 15
r 2562 15
t 1984 3 3
t 3183 3 3
r 1156 15
r 1808 15
t 640 3 3
r 2314 15
t 2517 3 3
r 1783 15
r 47 15
r 717 15
t 1572 3 3
t 1153 3 3
r 3296 15
t 1807 3 3
r 2178 15
t 335 3 3
t 2287 3 3
r 1316 15
r 1002 15
t 2514 3 3
t 1458 3 3
r 1028 15
r 287 15
t 2775 3 3
t 1239 3 3
t 680 3 3
t 242 3 3
r 2132 15
t 567 3 3
r 468 15
t 3431 3 3
t 2122 3 3
t 1927 3 3
t 926 3 3
t 2770 3 3
r 976 15
t 3198 3 3
t 1 3 3
r 2498 15
t 501 3 3
r 810 15
t 2857 3 3
t 3238 3 3
r 458 15
r 2907 15
t 981 3 3
r 168 15
t 482 3 3
r 2564 15
t 1305 3 3
t 1410 3 3
r 1690 15
t 647 3 3
t 2863 3 3
r 1113 15
r 1706 15
t 969 3 3
t 2277 3 3
t 737 3 3
r 1371 15
t 243 3 3
t 1282 3 3
r 1842 15
r 13 15
r 332 15
t 2987 3 3
r 2448 15
r 2121 15
r 643 15
r 3157 15
r 1532 15
r 958 15
r 2324 15
r 1398 15
t 3229 3 3
r 387 15
t 2728 3 3
t 2548 3 3
r 1576 15
r 1456 15
r 469 15
t 3121 3 3
r 1988 15
r 2425 15
r 190 15
t 860 3 3
r 459 15
r 2596 15
t 2912 3 3
t 1030 3 3
t 1128 3 3
r 1641 15
t 3303 3 3
r 2086 15
r 1491 15
r 3142 15
t 506 3 3
r 3377 15
r 512 15
r 201 15
r 690 15
r 2566 15
t 279 3 3
t 1768 3 3
t 480 3 3
r 571 15
t 1469 3 3
t 129 3 3
r 1797 15
r 2309 15
r 2150 15
t 2315 3 3
t 2492 3 3
t 3286 3 3
r 1201 15
r 1874 15
t 2861 3 3
r 2412 15
r 409 15
r 645 15
t 776 3 3
r 3224 15
t 375 3 3
t 2512 3 3
r 2705 15
t 2848 3 3
r 2859 15
t 809 3 3
t 2298 3 3
t 3179 3 3
r 530 15
t 1622 3 3
r 848 15
t 1575 3 3
t 3175 3 3
t 3011 3 3
r 143 15
t 562 3 3
r 215 15
t 2366 3 3
t 1909 3 3
r 1586 15
r 1998 15
t 3082 3 3
r 327 15
r 1243 15
t 448 3 3
r 2915 15
r 2780 15
t 1579 3 3
r 377 15
r 1425 15
r 2530 15
t 262 3 3
t 1010 3 3
r 2854 15
t 1523 3 3
r 1165 15
t 276 3 3
t 2574 3 3
t 2422 3 3
t 2928 3 3
r 2440 15
r 2766 15
t 2922 3 3
r 2850 15
t 2308 3 3
r 998 15
t 3300 3 3
t 2184 3 3
t 1375 3 3
t 484 3 3
r 1633 15
r 2776 15
r 3151 15
r 238 15
r 3230 15
r 1767 15
t 2659 3 3
t 3128 3 3
t 32 3 3
r 559 15
t 2394 3 3
t 3202 3 3
r 772 15
r 465 15
t 946 3 3
r 1630 15
t 2228 3 3
t 379 3 3
r 3168 15
t 1762 3 3
r 2202 15
r 1319 15
r 2741 15
r 2404 15
r 788 15
t 1764 3 3
t 1858 3 3
r 2678 15
t 2695 3 3
r 171 15
r 2354 15
t 182 3 3
r 3242 15
t 2736 3 3
t 3373 3 3
r 2420 15
t 2411 3 3
r 2246 15
r 3319 15
r 3045 15
r 3404 15
t 299 3 3
t 3148 3 3
t 401 3 3
t 2115 3 3
r 3216 15
t 2242 3 3
r 2005 15
t 3132 3 3
t 3100 3 3
t 2735 3 3
r 233 15
t 1222 3 3
t 3253 3 3
t 905 3 3
r 1791 15
r 2383 15
t 599 3 3
r 524 15
t 2193 3 3
r 877 15
t 1377 3 3
r 982 15
r 2101 15
r 1729 15
t 2500 3 3
t 2342 3 3
t 2707 3 3
r 2786 15
t 1679 3 3
t 2701 3 3
r 2737 15
t 320 3 3
r 505 15
r 1585 15
r 2399 15
t 2727 3 3
r 977 15
r 3318 15
r 3105 15
r 2497 15
r 2296 15
t 681 3 3
r 1704 15
t 778 3 3
t 3407 3 3
r 2463 15
r 385 15
t 296 3 3
t 854 3 3
r 1085 15
t 2808 3 3
r 2003 15
t 2913 3 3
t 3361 3 3
t 1436 3 3
t 1994 3 3
r 767 15
r 1187 15
t 2278 3 3
t 794 3 3
t 2523 3 3
r 1818 15
r 2078 15
r 225 15
r 131 15
t 516 3 3
t 1309 3 3
t 1720 3 3
r 90 15
t 94 3 3
t 1692 3 3
t 1181 3 3
r 1772 15
t 2945 3 3
r 485 15
t 3394 3 3
t 2416 3 3
t 1225 3 3
r 2575 15
t 1011 3 3
t 3370 3 3
r 1683 15
r 1941 15
t 1784 3 3
r 361 15
r 167 15
t 2347 3 3
r 92 15
t 933 3 3
t 739 3 3
t 1735 3 3
r 1882 15
r 1717 15
r 734 15
t 2906 3 3
r 3098 15
r 703 15
r 1342 15
t 2916 3 3
t 446 3 3
r 2048 15
r 1920 15
r 1872 15
t 423 3 3
r 750 15
r 3005 15
t 1524 3 3
t 1100 3 3
r 435 15
r 65 15
t 1687 3 3
t 2068 3 3
t 885 3 3
t 2200 3 3
r 3244 15
t 2996 3 3
r 618 15
r 268 15
r 2767 15
t 2953 3 3
t 274 3 3
t 2878 3 3
t 1063 3 3
r 1518 15
t 3135 3 3
r 202 15
r 1114 15
t 71 3 3
t 2297 3 3
r 518 15
t 1461 3 3
t 1496 3 3
r 1893 15
r 1934 15
t 1477 3 3
r 2137 15
r 814 15
r 1446 15
t 2229 3 3
t 1434 3 3
r 1841 15
t 1180 3 3
t 3008 3 3
r 1066 15
t 253 3 3
t 600 3 3
r 2377 15
r 2256 15
r 1396 15
r 972 15
r 1820 15
r 2295 15
r 1589 15
t 621 3 3
r 3247 15
r 3266 15
t 2662 3 3
r 396 15
t 1890 3 3
t 2622 3 3
r 2363 15
r 2443 15
r 2402 15
t 427 3 3
t 2017 3 3
t 644 3 3
t 1715 3 3
r 2734 15
t 79 3 3
r 3311 15
t 2045 3 3
r 1026 15
r 2151 15
r 3258 15
t 74 3 3
t 651 3 3
t 2254 3 3
r 331 15
r 314 15
r 2222 15
r 3080 15
r 1859 15
r 1814 15
r 941 15
r 2183 15
r 2527 15
t 1260 3 3
r 2534 15
r 3402 15
r 2400 15
r 1487 15
r 2414 15
r 899 15
t 971 3 3
t 258 3 3
t 1543 3 3
t 2163 3 3
t 1178 3 3
t 3062 3 3
t 2030 3 3
r 2550 15
r 1092 15
t 149 3 3
t 1758 3 3
t 470 3 3
r 1527 15
t 1280 3 3
r 1615 15
t 2171 3 3
r 1251 15
t 1258 3 3
t 2513 3 3
t 2990 3 3
t 110 3 3
t 2690 3 3
t 1964 3 3
t 2237 3 3
t 749 3 3
r 2971 15
t 494 3 3
r 911 15
t 2043 3 3
t 1416 3 3
t 1110 3 3
r 537 15
t 6 3 3
t 3250 3 3
r 2948 15
r 2608 15
t 964 3 3
r 909 15
t 136 3 3
r 2811 15
r 2466 15
t 1590 3 3
t 2752 3 3
t 815 3 3
r 1346 15
r 3068 15
t 2719 3 3
t 96 3 3
r 1344 15
t 289 3 3
r 694 15
r 1021 15
t 2390 3 3
t 1227 3 3
r 208 15
r 1439 15
r 374 15
t 1272 3 3
r 1832 15
r 3117 15
r 1042 15
r 1479 15
t 3305 3 3
t 3159 3 3
t 2725 3 3
t 348 3 3
r 489 15
r 2844 15
t 2801 3 3
r 2944 15
t 2071 3 3
r 1232 15
r 1755 15
t 841 3 3
t 93 3 3
r 2950 15
t 2139 3 3
r 2884 15
t 1915 3 3
r 2186 15
t 3343 3 3
t 2323 3 3
r 281 15
t 1922 3 3
t 1718 3 3
t 2105 3 3
t 793 3 3
t 3259 3 3
r 2986 15
t 313 3 3
t 1926 3 3
t 3382 3 3
r 910 15
t 3308 3 3
r 2369 15
r 2592 15
r 2885 15
r 3001 15
r 3171 15
t 2358 3 3
r 2721 15
t 356 3 3
t 2207 3 3
r 2549 15
t 1160 3 3
r 283 15
t 1971 3 3
r 2785 15
t 1493 3 3
t 120 3 3
r 608 15
r 418 15
t 1982 3 3
r 1942 15
t 210 3 3
t 2978 3 3
r 111 15
r 713 15
r 1752 15
r 1921 15
r 1861 15
t 1542 3 3
r 1699 15
t 940 3 3
r 531 15
t 1866 3 3
r 1601 15
t 1163 3 3
r 434 15
r 3127 15
r 2362 15
r 229 15
r 2673 15
t 2348 3 3
t 2927 3 3
t 1338 3 3
t 3400 3 3
t 2845 3 3
r 623 15
t 683 3 3
t 426 3 3
t 2451 3 3
r 802 15
r 1356 15
t 551 3 3
t 1879 3 3
t 2970 3 3
t 138 3 3
t 2894 3 3
r 1310 15
r 150 15
t 2756 3 3
t 733 3 3
r 1341 15
t 2699 3 3
r 510 15
r 2294 15
r 811 15
r 1247 15
t 1460 3 3
r 591 15
t 37 3 3
t 3352 3 3
t 638 3 3
r 1834 15
r 114 15
t 2641 3 3
t 748 3 3
t 2135 3 3
r 1387 15
t 1513 3 3
t 934 3 3
t 1262 3 3
r 2869 15
t 3149 3 3
t 1646 3 3
t 775 3 3
t 2702 3 3
r 2396 15
t 1320 3 3
r 2060 15
r 153 15
t 357 3 3
t 1888 3 3
r 2554 15
r 1884 15
r 1588 15
t 569 3 3
r 2410 15
r 1892 15
r 2965 15
t 1150 3 3
t 3110 3 3
t 1548 3 3
t 1069 3 3
t 1612 3 3
r 204 15
r 365 15
r 249 15
r 3058 15
t 392 3 3
t 2052 3 3
r 95 15
r 999 15
t 3112 3 3
t 3038 3 3
t 1516 3 3
t 3410 3 3
t 101 3 3
t 2952 3 3
t 1981 3 3
t 2578 3 3
t 40 3 3
t 2026 3 3
t 3254 3 3
r 367 15
r 1837 15
r 2444 15
r 2169 15
t 2359 3 3
t 2573 3 3
t 728 3 3
t 1213 3 3
t 1933 3 3
r 662 15
r 2350 15
r 499 15
r 3133 15
t 1474 3 3
r 1938 15
t 1997 3 3
r 1135 15
r 298 15
t 218 3 3
r 3204 15
t 2244 3 3
t 686 3 3
t 1276 3 3
t 2889 3 3
r 705 15
r 1037 15
t 2311 3 3
t 1511 3 3
t 2118 3 3
t 1107 3 3
t 3003 3 3
r 1898 15
r 2117 15
t 1748 3 3
r 452 15
r 3056 15
t 2629 3 3
t 863 3 3
r 904 15
t 1979 3 3
r 3418 15
t 988 3 3
t 155 3 3
r 3282 15
t 3257 3 3
t 2194 3 3
r 1157 15
r 957 15
r 3369 15
t 707 3 3
r 613 15
r 3028 15
t 181 3 3
r 1642 15
r 3166 15
r 1659 15
t 3138 3 3
r 2000 15
r 950 15
r 881 15
r 2993 15
r 3053 15
r 1129 15
r 3119 15
r 3270 15
r 2518 15
t 1734 3 3
r 1525 15
t 2590 3 3
r 704 15
r 2166 15
r 3432 15
r 2025 15
r 2285 15
r 2902 15
t 2082 3 3
t 2106 3 3
r 2114 15
r 1598 15
r 1779 15
r 2509 15
r 3210 15
t 2467 3 3
t 589 3 3
r 2065 15
r 27 15
t 1824 3 3
t 2328 3 3
r 2726 15
t 2176 3 3
r 3251 15
t 2028 3 3
t 2268 3 3
t 2016 3 3
t 3040 3 3
r 1360 15
r 166 15
r 1389 15
r 2250 15
r 2668 15
r 2988 15
t 1736 3 3
r 1614 15
r 246 15
t 2069 3 3
r 67 15
r 2439 15
t 1374 3 3
r 1996 15
r 1284 15
t 2846 3 3
r 1950 15
t 1211 3 3
t 1404 3 3
t 646 3 3
t 1117 3 3
t 3120 3 3
t 1603 3 3
r 1643 15
t 285 3 3
t 2815 3 3
t 955 3 3
t 747 3 3
r 252 15
t 3163 3 3
r 2671 15
r 2824 15
t 2317 3 3
r 1930 15
t 312 3 3
r 2338 15
r 257 15
r 3255 15
r 2429 15
t 2646 3 3
r 2866 15
t 2649 3 3
t 880 3 3
t 908 3 3
t 2611 3 3
r 481 15
r 3196 15
r 394 15
r 1559 15
r 989 15
t 2220 3 3
t 1776 3 3
r 2480 15
t 2098 3 3
r 539 15
t 140 3 3
r 1082 15
r 818 15
r 1566 15
t 2841 3 3
r 1044 15
t 1854 3 3
t 2751 3 3
t 3269 3 3
r 552 15
r 2879 15
r 207 15
t 2958 3 3
t 3186 3 3
r 1405 15
r 2663 15
t 163 3 3
t 2330 3 3
t 2388 3 3
r 1265 15
r 2415 15
t 308 3 3
r 1497 15
t 2638 3 3
r 2279 15
t 862 3 3
r 3018 15
r 151 15
t 424 3 3
t 1529 3 3
t 1255 3 3
t 2446 3 3
r 378 15
t 2809 3 3
t 3222 3 3
r 1064 15
r 307 15
r 2616 15
t 28 3 3
r 2546 15
t 2080 3 3
r 1339 15
r 620 15
t 689 3 3
r 2262 15
r 1051 15
t 1033 3 3
t 2083 3 3
t 1428 3 3
r 3231 15
r 1467 15
t 2980 3 3
r 633 15
r 673 15
r 2210 15
r 1569 15
t 1218 3 3
t 711 3 3
t 1018 3 3
t 1985 3 3
t 1822 3 3
r 2677 15
r 2794 15
r 44 15
t 3103 3 3
r 756 15
r 179 15
r 2712 15
r 1520 15
r 864 15
r 467 15
r 2998 15
t 2490 3 3
t 3215 3 3
r 266 15
t 3084 3 3
t 601 3 3
r 2581 15
r 1902 15
r 2245 15
r 1109 15
t 2528 3 3
t 2862 3 3
r 3367 15
t 1294 3 3
t 1440 3 3
t 789 3 3
t 930 3 3
r 1780 15
t 2305 3 3
t 1003 3 3
r 340 15
r 1999 15
t 937 3 3
r 2999 15
t 380 3 3
t 2606 3 3
t 1182 3 3
t 1189 3 3
t 736 3 3
t 368 3 3
r 2267 15
r 1695 15
t 1411 3 3
r 108 15
r 3338 15
r 118 15
r 412 15
t 1430 3 3
t 3366 3 3
r 1869 15
r 1084 15
r 2265 15
t 372 3 3
t 437 3 3
r 362 15
r 773 15
t 870 3 3
t 277 3 3
r 855 15
t 11 3 3
r 255 15
r 3072 15
t 2635 3 3
t 2539 3 3
r 1122 15
t 2087 3 3
r 1694 15
t 2957 3 3
r 1233 15
r 2951 15
r 3409 15
r 3188 15
r 758 15
r 1519 15
t 189 3 3
t 2284 3 3
t 1740 3 3
t 1668 3 3
r 1454 15
r 2508 15
t 586 3 3
t 2346 3 3
r 240 15
t 3274 3 3
r 100 15
t 3169 3 3
r 3162 15
t 2482 3 3
r 2870 15
t 398 3 3
r 2852 15
r 2462 15
r 2175 15
r 300 15
r 2033 15
r 1801 15
r 2525 15
r 2214 15
t 1986 3 3
r 1514 15
r 1608 15
t 1906 3 3
t 1503 3 3
r 1750 15
t 2484 3 3
r 1508 15
r 157 15
t 2264 3 3
t 2266 3 3
r 50 15
t 1224 3 3
r 1369 15
t 3227 3 3
t 1952 3 3
r 23 15
r 2892 15
t 2120 3 3
t 3141 3 3
r 1571 15
t 962 3 3
r 248 15
t 1871 3 3
t 2511 3 3
t 430 3 3
r 2355 15
r 744 15
t 2418 3 3
t 1531 3 3
t 2460 3 3
r 2032 15
t 1106 3 3
r 2046 15
r 2697 15
t 2973 3 3
t 251 3 3
r 1602 15
r 2289 15
r 2153 15
t 1038 3 3
r 1488 15
t 561 3 3
t 169 3 3
t 1289 3 3
t 1626 3 3
r 2393 15
r 890 15
r 578 15
r 1490 15
r 1070 15
t 80 3 3
t 3357 3 3
r 1190 15
t 2871 3 3
r 2031 15
t 914 3 3
r 1896 15
r 2594 15
r 1794 15
t 2302 3 3
t 2499 3 3
t 1578 3 3
t 1295 3 3
t 666 3 3
r 2226 15
r 2321 15
t 2164 3 3
t 1337 3 3
r 369 15
r 2961 15
r 1592 15
r 2155 15
t 3256 3 3
r 449 15
t 520 3 3
t 688 3 3
t 1313 3 3
t 1731 3 3
t 2241 3 3
r 2930 15
t 49 3 3
r 18 15
r 1484 15
r 3351 15
r 2055 15
r 2236 15
r 2636 15
t 99 3 3
r 1381 15
r 2438 15
t 2563 3 3
r 533 15
r 3277 15
r 2982 15
t 2131 3 3
t 1939 3 3
r 3243 15
t 386 3 3
t 3012 3 3
r 2479 15
t 2974 3 3
r 663 15
r 1451 15
r 514 15
t 83 3 3
t 3096 3 3
r 1238 15
t 1246 3 3
r 2018 15
r 641 15
t 85 3 3
t 823 3 3
t 1545 3 3
r 573 15
t 322 3 3
r 616 15
t 1582 3 3
t 2586 3 3
r 73 15
r 1724 15
t 43 3 3
t 2456 3 3
r 1954 15
t 558 3 3
t 212 3 3
r 2676 15
r 3041 15
r 978 15
r 78 15
t 807 3 3
t 1953 3 3
t 483 3 3
t 3031 3 3
r 178 15
t 2816 3 3
t 995 3 3
r 2079 15
r 3002 15
t 2544 3 3
t 1390 3 3
r 861 15
t 2370 3 3
t 2800 3 3
r 1449 15
r 1627 15
t 1071 3 3
r 1359 15
r 790 15
t 770 3 3
r 1951 15
t 2007 3 3
t 2890 3 3
t 529 3 3
t 785 3 3
t 2995 3 3
t 2810 3 3
t 2962 3 3
r 1936 15
t 3 3 3
r 2475 15
t 507 3 3
r 1721 15
r 183 15
r 195 15
r 3197 15
t 3070 3 3
r 1944 15
t 1827 3 3
t 265 3 3
r 1185 15
r 1955 15
r 2561 15
t 743 3 3
r 1537 15
r 2179 15
t 3388 3 3
r 2768 15
r 2724 15
r 1895 15
r 659 15
r 584 15
t 397 3 3
r 3295 15
r 2218 15
t 1917 3 3
t 1949 3 3
t 1558 3 3
t 2909 3 3
t 1806 3 3
t 1317 3 3
r 849 15
t 2744 3 3
r 159 15
r 831 15
r 2903 15
t 2579 3 3
r 1749 15
r 1903 15
t 1617 3 3
t 960 3 3
t 2386 3 3
t 2789 3 3
t 1296 3 3
t 2681 3 3
r 2758 15
t 3190 3 3
r 2172 15
t 137 3 3
t 3161 3 3
r 2271 15
r 792 15
r 35 15
t 1298 3 3
t 2717 3 3
t 29 3 3
t 2757 3 3
r 2749 15
t 1443 3 3
r 3429 15
t 719 3 3
t 2021 3 3
t 1795 3 3
t 2280 3 3
t 497 3 3
r 291 15
t 191 3 3
t 3399 3 3
r 3414 15
t 1424 3 3
r 2667 15
t 2847 3 3
t 675 3 3
t 975 3 3
t 3200 3 3
t 2918 3 3
t 2111 3 3
r 1610 15
r 2286 15
t 2632 3 3
r 3170 15
t 2664 3 3
r 3353 15
r 302 15
t 175 3 3
t 2090 3 3
r 2812 15
r 3116 15
r 500 15
r 411 15
t 3292 3 3
t 1816 3 3
t 2320 3 3
r 1978 15
t 2290 3 3
t 2682 3 3
r 1573 15
t 306 3 3
t 3337 3 3
r 2318 15
r 2955 15
t 1046 3 3
t 490 3 3
t 2094 3 3
t 60 3 3
t 2849 3 3
r 341 15
t 754 3 3
r 1648 15
r 2349 15
t 525 3 3
t 1665 3 3
t 2917 3 3
r 2146 15
t 1193 3 3
t 3329 3 3
r 3092 15
r 1277 15
r 2535 15
t 1203 3 3
r 753 15
t 1563 3 3
t 3114 3 3
t 1599 3 3
t 935 3 3
t 1219 3 3
r 2799 15
r 502 15
t 3156 3 3
t 1192 3 3
r 39 15
r 961 15
r 2942 15
r 1167 15
r 2199 15
t 353 3 3
t 2493 3 3
r 1846 15
r 2303 15
t 1304 3 3
r 460 15
t 915 3 3
t 213 3 3
t 3211 3 3
t 2421 3 3
r 293 15
r 1741 15
t 1672 3 3
t 2981 3 3
t 834 3 3
t 1022 3 3
t 360 3 3
r 1176 15
t 1769 3 3
r 1919 15
r 2934 15
r 1549 15
t 1077 3 3
r 428 15
r 9 15
t 692 3 3
t 2041 3 3
t 2331 3 3
r 2521 15
r 2206 15
r 557 15
t 1137 3 3
r 3083 15
t 128 3 3
t 1062 3 3
r 1652 15
r 2108 15
t 3212 3 3
r 1628 15
r 3111 15
r 1468 15
t 2648 3 3
r 878 15
t 1713 3 3
t 3059 3 3
r 1200 15
t 1594 3 3
r 2391 15
t 695 3 3
t 3125 3 3
t 366 3 3
r 2516 15
t 765 3 3
r 2660 15
r 2299 15
r 853 15
r 757 15
r 2835 15
r 3406 15
r 1947 15
r 847 15
t 1960 3 3
r 2351 15
t 842 3 3
r 876 15
t 2538 3 3
t 188 3 3
t 1302 3 3
t 466 3 3
t 1787 3 3
t 115 3 3
r 1696 15
r 1141 15
r 2341 15
r 1078 15
t 339 3 3
r 845 15
r 2372 15
t 3223 3 3
t 1940 3 3
t 924 3 3
r 504 15
t 2177 3 3
r 20 15
r 813 15
r 34 15
r 2292 15
r 1244 15
r 1788 15
t 2034 3 3
r 782 15
r 3434 15
t 126 3 3
r 2830 15
t 3043 3 3
r 3093 15
r 236 15
t 1241 3 3
t 1506 3 3
r 147 15
r 1081 15
t 1640 3 3
t 1047 3 3
r 2576 15
r 145 15
r 104 15
t 36 3 3
t 568 3 3
r 2212 15
r 3155 15
t 2063 3 3
t 829 3 3
r 81 15
t 3064 3 3
r 1773 15
t 637 3 3
t 2326 3 3
r 2215 15
r 1065 15
t 2376 3 3
t 963 3 3
r 1079 15
r 799 15
r 3071 15
r 413 15
t 2925 3 3
r 2357 15
r 1318 15
r 1301 15
t 2910 3 3
r 1118 15
r 2886 15
r 105 15
r 1108 15
t 554 3 3
r 407 15
r 2147 15
r 399 15
r 2419 15
r 1852 15
t 2819 3 3
r 1899 15
t 3075 3 3
t 901 3 3
r 3178 15
t 2947 3 3
t 2378 3 3
t 535 3 3
r 2868 15
r 1489 15
t 2700 3 3
t 1929 3 3
t 2855 3 3
r 1631 15
r 669 15
t 679 3 3
t 2431 3 3
r 1931 15
r 2345 15
r 893 15
t 2645 3 3
r 1637 15
t 2325 3 3
t 2672 3 3
r 260 15
t 2481 3 3
t 627 3 3
r 1268 15
r 1431 15
r 177 15
r 515 15
r 1139 15
r 3363 15
t 2156 3 3
r 2392 15
r 1522 15
r 1894 15
t 3063 3 3
t 2969 3 3
t 3368 3 3
r 2829 15
r 1653 15
t 2505 3 3
t 991 3 3
t 556 3 3
r 3199 15
t 1328 3 3
r 1540 15
t 824 3 3
r 2519 15
r 3412 15
r 3427 15
t 2447 3 3
r 1136 15
t 594 3 3
r 103 15
r 1419 15
t 1393 3 3
t 3280 3 3
r 1050 15
r 3379 15
r 2652 15
r 3036 15
r 1382 15
t 232 3 3
r 2185 15
r 2877 15
r 1621 15
r 3312 15
r 1171 15
r 3184 15
r 1408 15
t 1216 3 3
r 1500 15
t 1973 3 3
r 3220 15
t 2582 3 3
t 473 3 3
t 2472 3 3
r 513 15
r 1208 15
t 130 3 3
r 3228 15
t 1689 3 3
t 1130 3 3
r 2143 15
t 2670 3 3
r 3024 15
r 1554 15
t 1127 3 3
t 2966 3 3
t 197 3 3
r 974 15
r 634 15
r 1946 15
r 1510 15
r 3383 15
r 891 15
r 723 15
t 1267 3 3
r 41 15
t 59 3 3
t 902 3 3
r 2406 15
r 2612 15
t 3350 3 3
t 3428 3 3
r 2615 15
t 48 3 3
r 2822 15
t 2306 3 3
t 2089 3 3
t 3327 3 3
r 1485 15
r 3077 15
t 109 3 3
t 654 3 3
t 1257 3 3
t 1823 3 3
r 1747 15
r 324 15
r 3122 15
r 2601 15
r 2364 15
t 2781 3 3
t 2919 3 3
t 158 3 3
t 865 3 3
t 919 3 3
r 1031 15
t 51 3 3
t 2340 3 3
t 798 3 3
r 2116 15
r 3174 15
t 2216 3 3
t 2802 3 3
r 1020 15
t 1470 3 3
r 342 15
t 3217 3 3
t 1535 3 3
t 363 3 3
r 2730 15
t 1757 3 3
t 359 3 3
t 2873 3 3
r 376 15
t 2099 3 3
t 844 3 3
t 1739 3 3
r 7 15
r 1214 15
r 1438 15
t 1448 3 3
r 1459 15
t 671 3 3
r 938 15
r 2039 15
r 264 15
r 2504 15
t 1703 3 3
r 1188 15
t 3191 3 3
r 486 15
r 2077 15
t 2081 3 3
r 2716 15
t 1014 3 3
t 456 3 3
t 2051 3 3
t 2593 3 3
r 2095 15
t 227 3 3
t 2997 3 3
r 2529 15
r 2365 15
t 2468 3 3
r 888 15
r 3134 15
r 606 15
t 1248 3 3
t 2537 3 3
r 310 15
r 254 15
t 1635 3 3
r 3143 15
r 3000 15
r 2173 15
t 3208 3 3
t 1684 3 3
r 1850 15
r 2488 15
t 491 3 3
t 1388 3 3
r 3219 15
t 370 3 3
t 1475 3 3
t 75 3 3
t 3006 3 3
r 2255 15
t 228 3 3
r 2495 15
t 592 3 3
t 2187 3 3
r 1716 15
t 3236 3 3
t 3049 3 3
r 922 15
r 2733 15
t 2322 3 3
t 1147 3 3
t 2477 3 3
r 433 15
t 1029 3 3
t 1830 3 3
r 1675 15
t 393 3 3
r 3054 15
t 2494 3 3
r 1012 15
r 88 15
r 192 15
r 2407 15
t 1843 3 3
r 1094 15
t 650 3 3
r 1403 15
r 2627 15
r 1252 15
r 1544 15
t 2923 3 3
r 1495 15
t 226 3 3
r 1831 15
r 839 15
t 77 3 3
t 1811 3 3
r 2643 15
t 1742 3 3
r 3019 15
t 1362 3 3
t 611 3 3
t 2502 3 3
r 406 15
t 755 3 3
t 3218 3 3
t 1877 3 3
r 543 15
r 441 15
t 1697 3 3
t 186 3 3
t 3385 3 3
t 774 3 3
t 1472 3 3
r 2661 15
t 3207 3 3
r 1793 15
t 2037 3 3
t 1447 3 3
r 3403 15
t 858 3 3
t 3335 3 3
r 3261 15
r 1155 15
t 1989 3 3
r 2260 15
r 553 15
r 1880 15
r 3272 15
r 604 15
r 1254 15
t 1292 3 3
t 1076 3 3
t 2908 3 3
r 1900 15
t 1670 3 3
t 1045 3 3
r 699 15
r 284 15
t 1486 3 3
t 1912 3 3
r 3341 15
r 2587 15
t 1366 3 3
r 635 15
r 2898 15
t 2044 3 3
r 1526 15
r 3225 15
t 619 3 3
r 1345 15
t 221 3 3
r 1711 15
t 3375 3 3
r 3417 15
r 2620 15
t 2693 3 3
t 2433 3 3
r 1904 15
r 1386 15
r 217 15
t 3273 3 3
r 1671 15
r 1980 15
r 3285 15
t 2430 3 3
r 2470 15
t 548 3 3
t 333 3 3
r 2655 15
r 2914 15
r 2920 15
t 3387 3 3
t 3411 3 3
t 1073 3 3
t 2100 3 3
t 1754 3 3
r 1658 15
t 1732 3 3
r 2905 15
t 1873 3 3
r 1207 15
t 1561 3 3
r 867 15
r 239 15
t 786 3 3
t 2012 3 3
t 2856 3 3
t 3323 3 3
r 436 15
t 2353 3 3
t 1948 3 3
r 712 15
t 2103 3 3
r 2803 15
t 3333 3 3
t 2599 3 3
r 2604 15
t 2486 3 3
t 2387 3 3
r 2054 15
r 702 15
t 1911 3 3
r 334 15
t 883 3 3
r 2827 15
r 1913 15
t 2417 3 3
r 3316 15
r 882 15
r 674 15
t 3301 3 3
t 956 3 3
r 1173 15
t 1025 3 3
r 305 15
t 311 3 3
t 2972 3 3
r 2398 15
t 256 3 3
r 1803 15
t 2692 3 3
r 667 15
t 2983 3 3
r 2496 15
t 1705 3 3
t 1482 3 3
r 3067 15
r 2006 15
r 3123 15
t 2742 3 3
t 410 3 3
r 152 15
t 3206 3 3
r 587 15
r 2571 15
r 2450 15
t 2897 3 3
r 2119 15
r 1269 15
t 2570 3 3
t 2887 3 3
r 1287 15
r 1335 15
r 219 15
t 3380 3 3
t 3061 3 3
r 626 15
r 3065 15
t 2585 3 3
r 1420 15
t 1056 3 3
t 3173 3 3
t 833 3 3
r 1441 15
r 563 15
t 2219 3 3
r 443 15
t 693 3 3
r 2189 15
r 986 15
r 1847 15
t 726 3 3
t 2053 3 3
r 2272 15
t 3345 3 3
t 2452 3 3
r 383 15
r 1708 15
t 1881 3 3
r 244 15
t 3076 3 3
t 267 3 3
t 2476 3 3
t 1380 3 3
r 523 15
t 2515 3 3
r 720 15
t 2931 3 3
r 2107 15
r 1391 15
t 801 3 3
r 1032 15
r 3069 15
r 700 15
r 2197 15
t 953 3 3
r 1499 15
r 1442 15
r 889 15
r 2949 15
t 2706 3 3
t 2343 3 3
t 235 3 3
t 714 3 3
r 1849 15
t 759 3 3
r 2568 15
t 2743 3 3
t 622 3 3
t 2023 3 3
t 1707 3 3
t 2818 3 3
r 660 15
t 2542 3 3
r 2718 15
t 1932 3 3
t 1027 3 3
t 3325 3 3
t 2385 3 3
t 3164 3 3
r 2630 15
r 3339 15
t 2560 3 3
t 2880 3 3
r 3330 15
r 2217 15
t 259 3 3
t 1210 3 3
r 2332 15
t 2832 3 3
t 148 3 3
r 1678 15
t 1681 3 3
r 3194 15
r 1365 15
r 3203 15
r 1521 15
t 2559 3 3
r 536 15
r 1829 15
t 3154 3 3
t 1168 3 3
r 2070 15
t 1551 3 3
t 612 3 3
t 1363 3 3
t 1445 3 3
t 45 3 3
t 2524 3 3
t 1774 3 3
t 154 3 3
r 2739 15
r 3026 15
r 2312 15
r 555 15
t 826 3 3
t 56 3 3
t 1845 3 3
r 944 15
r 1812 15
r 176 15
r 1250 15
t 2840 3 3
r 107 15
t 2617 3 3
t 1001 3 3
t 1968 3 3
r 2337 15
t 220 3 3
r 2027 15
t 887 3 3
t 2891 3 3
t 2148 3 3
t 1498 3 3
t 10 3 3
r 2232 15
r 1805 15
r 1217 15
t 286 3 3
t 1945 3 3
t 400 3 3
t 1480 3 3
r 2874 15
t 2935 3 3
r 2821 15
r 766 15
r 2967 15
t 2138 3 3
t 2774 3 3
t 222 3 3
t 76 3 3
t 3016 3 3
t 1400 3 3
r 706 15
r 1138 15
r 812 15
r 918 15
t 2093 3 3
t 3087 3 3
t 2583 3 3
t 1550 3 3
r 2686 15
r 3205 15
t 2434 3 3
r 917 15
r 2777 15
r 636 15
t 3372 3 3
r 2722 15
t 1702 3 3
t 1006 3 3
r 2626 15
r 1974 15
t 1710 3 3
t 1976 3 3
r 2334 15
t 1261 3 3
t 835 3 3
r 64 15
t 1963 3 3
r 2064 15
t 1426 3 3
t 3209 3 3
r 542 15
t 2192 3 3
t 997 3 3
r 1194 15
r 3145 15
t 1753 3 3
r 17 15
t 2367 3 3
r 1701 15
t 3354 3 3
r 2762 15
r 2223 15
r 3021 15
t 579 3 3
r 665 15
t 1901 3 3
t 1057 3 3
t 987 3 3
t 1897 3 3
r 1530 15
t 805 3 3
t 857 3 3
t 1209 3 3
r 532 15
t 2478 3 3
r 472 15
r 715 15
t 2607 3 3
r 1709 15
r 498 15
r 2022 15
r 2807 15
t 762 3 3
r 2464 15
r 2591 15
r 939 15
r 1751 15
r 1891 15
r 2274 15
t 2102 3 3
r 1908 15
t 3060 3 3
t 2651 3 3
r 795 15
t 1810 3 3
t 3115 3 3
t 697 3 3
r 583 15
t 764 3 3
r 442 15
r 1686 15
t 405 3 3
r 3052 15
t 1306 3 3
t 2901 3 3
t 278 3 3
t 2565 3 3
r 3108 15
t 2709 3 3
t 3342 3 3
r 1159 15
t 89 3 3
r 3136 15
t 1142 3 3
t 2449 3 3
r 2233 15
r 389 15
t 438 3 3
t 2142 3 3
t 3201 3 3
r 2729 15
t 2553 3 3
t 3020 3 3
r 2609 15
t 2784 3 3
r 2520 15
t 1290 3 3
r 3392 15
r 87 15
t 3267 3 3
r 3035 15
t 1435 3 3
r 1581 15
t 330 3 3
t 2316 3 3
r 768 15
r 1095 15
t 447 3 3
t 3051 3 3
r 2843 15
t 1308 3 3
t 509 3 3
r 1875 15
t 816 3 3
t 172 3 3
t 1714 3 3
t 2975 3 3
t 2713 3 3
t 123 3 3
r 920 15
t 2740 3 3
r 3090 15
t 2547 3 3
t 2127 3 3
r 729 15
t 205 3 3
r 3364 15
r 263 15
r 2257 15
r 3095 15
t 1204 3 3
t 1655 3 3
t 566 3 3
r 1785 15
t 1868 3 3
t 1723 3 3
r 1186 15
t 1771 3 3
t 22 3 3
t 2047 3 3
r 1844 15
r 730 15
r 2001 15
t 471 3 3
t 1049 3 3
t 984 3 3
t 2936 3 3
t 1728 3 3
t 2653 3 3
r 429 15
t 609 3 3
t 735 3 3
t 2924 3 3
r 3293 15
r 1036 15
r 560 15
r 2145 15
t 746 3 3
r 769 15
r 1131 15
r 803 15
r 1992 15
r 2963 15
t 1916 3 3
r 3160 15
r 1174 15
r 2401 15
t 1786 3 3
r 3291 15
t 2096 3 3
t 1413 3 3
r 3371 15
r 2259 15
t 2196 3 3
r 653 15
r 1278 15
t 1286 3 3
r 1228 15
r 91 15
t 53 3 3
t 2867 3 3
t 2526 3 3
r 1414 15
t 1314 3 3
r 1164 15
t 160 3 3
r 301 15
t 319 3 3
r 116 15
r 2711 15
t 295 3 3
t 2764 3 3
r 1072 15
r 3187 15
r 69 15
t 475 3 3
t 1123 3 3
r 97 15
t 3106 3 3
r 708 15
t 869 3 3
t 492 3 3
t 1650 3 3
r 3124 15
r 2598 15
r 1175 15
r 527 15
r 1205 15
r 2595 15
r 1534 15
t 290 3 3
r 2144 15
t 1863 3 3
t 1962 3 3
t 1502 3 3
t 2203 3 3
t 1004 3 3
r 2011 15
r 2239 15
t 570 3 3
t 1245 3 3
t 1685 3 3
t 800 3 3
r 575 15
t 1221 3 3
r 451 15
r 585 15
r 3321 15
t 3424 3 3
t 745 3 3
r 1220 15
t 2851 3 3
t 2058 3 3
t 2205 3 3
t 3294 3 3
r 1463 15
t 610 3 3
r 1943 15
r 2273 15
r 271 15
r 1864 15
t 3214 3 3
r 1839 15
t 2793 3 3
r 113 15
r 1068 15
r 102 15
r 2235 15
t 2435 3 3
r 57 15
t 1093 3 3
t 3073 3 3
r 1423 15
r 722 15
r 3430 15
t 593 3 3
t 2134 3 3
r 2753 15
t 1611 3 3
t 2543 3 3
r 3437 15
r 2603 15
t 462 3 3
r 2208 15
t 2136 3 3
r 1433 15
t 1097 3 3
t 3039 3 3
t 895 3 3
t 358 3 3
r 1152 15
r 3358 15
t 1053 3 3
r 1083 15
r 216 15
r 1918 15
t 2613 3 3
r 3152 15
t 2167 3 3
t 2168 3 3
r 3346 15
t 1481 3 3
r 3419 15
t 2792 3 3
t 3326 3 3
r 868 15
r 871 15
r 33 15
r 3237 15
t 2506 3 3
t 2679 3 3
t 1661 3 3
r 1819 15
t 2750 3 3
t 3309 3 3
r 173 15
r 2307 15
r 2732 15
t 710 3 3
r 740 15
t 541 3 3
r 2057 15
r 1666 15
r 2644 15
t 402 3 3
r 2708 15
r 2911 15
t 2327 3 3
t 1738 3 3
r 1792 15
r 2798 15
t 3221 3 3
t 2304 3 3
t 2675 3 3
r 200 15
t 837 3 3
r 3094 15
r 19 15
r 1782 15
t 3433 3 3
t 2600 3 3
t 1035 3 3
t 1975 3 3
t 309 3 3
r 3284 15
t 1600 3 3
t 193 3 3
t 1206 3 3
r 1237 15
t 1334 3 3
r 62 15
t 439 3 3
t 886 3 3
r 351 15
t 297 3 3
r 2584 15
r 1817 15
t 2384 3 3
t 8 3 3
r 822 15
r 709 15
t 1039 3 3
r 1737 15
t 1725 3 3
r 125 15
r 624 15
r 1401 15
t 884 3 3
t 2900 3 3
t 2814 3 3
r 2823 15
r 1883 15
r 2211 15
t 1957 3 3
r 2577 15
t 1074 3 3
r 3147 15
t 1061 3 3
r 1870 15
t 1154 3 3
r 763 15
t 1148 3 3
r 738 15
r 1483 15
r 156 15
r 350 15
r 3131 15
r 2826 15
t 1688 3 3
r 1412 15
t 677 3 3
t 325 3 3
r 476 15
t 1285 3 3
r 2865 15
r 2872 15
r 607 15
t 2379 3 3
t 2221 3 3
r 1777 15
t 2059 3 3
t 983 3 3
r 1087 15
r 866 15
r 1311 15
r 898 15
t 432 3 3
r 321 15
r 1905 15
t 3097 3 3
t 2888 3 3
t 827 3 3
t 872 3 3
t 1800 3 3
t 1821 3 3
r 3091 15
r 2926 15
t 1321 3 3
t 1297 3 3
r 1226 15
t 444 3 3
r 3078 15
r 658 15
r 2038 15
r 2204 15
t 3378 3 3
t 572 3 3
r 206 15
r 1322 15
r 2684 15
t 1674 3 3
t 906 3 3
r 1613 15
t 2085 3 3
r 597 15
t 1394 3 3
r 1677 15
r 478 15
r 2356 15
t 3297 3 3
t 230 3 3
r 1444 15
r 3279 15
r 112 15
t 846 3 3
t 581 3 3
r 2959 15
r 1096 15
r 1086 15
t 731 3 3
r 2557 15
r 1336 15
t 417 3 3
r 2696 15
r 2876 15
t 1343 3 3
t 2395 3 3
r 2820 15
t 3241 3 3
t 2806 3 3
r 2389 15
r 1744 15
r 2533 15
r 2621 15
t 2129 3 3
r 1876 15
t 2797 3 3
r 3240 15
r 1415 15
t 2445 3 3
r 1406 15
t 1264 3 3
t 2092 3 3
r 2110 15
r 488 15
t 1432 3 3
r 2634 15
r 2152 15
r 1223 15
